	C+G(%)	CpG(%)	T	C	A	G
 sequence entiere	56,704	5,977	130	138	138	213

1	43,500	10	1,068	Non
2	43,500	10	1,068	Non
3	43,500	10	1,068	Non
4	43,000	10	1,096	Non
5	42,500	10	1,126	Non
6	42,500	10	1,126	Non
7	42,500	10	1,126	Non
8	42,000	10	1,150	Non
9	42,000	10	1,150	Non
10	41,500	10	1,175	Non
11	41,500	10	1,175	Non
12	42,000	10	1,144	Non
13	42,000	10	1,140	Non
14	42,500	10	1,111	Non
15	42,000	10	1,140	Non
16	42,000	10	1,140	Non
17	42,500	10	1,115	Non
18	42,500	10	1,115	Non
19	43,000	10	1,091	Non
20	43,000	10	1,091	Non
21	43,000	10	1,091	Non
22	43,000	10	1,091	Non
23	43,500	10	1,068	Non
24	44,000	10	1,047	Non
25	44,500	10	1,020	Non
26	44,500	10	1,020	Non
27	45,000	10	1,000	Non
28	45,500	10	0,980	Non
29	45,500	10	0,980	Non
30	46,000	10	0,962	Non
31	46,000	10	0,962	Non
32	45,500	10	0,980	Non
33	46,000	10	0,962	Non
34	46,000	10	0,968	Non
35	46,500	10	0,950	Non
36	46,500	10	0,950	Non
37	46,500	10	0,943	Non
38	46,500	10	0,943	Non
39	47,000	10	0,920	Non
40	47,500	11	0,994	Non
41	47,500	11	0,994	Non
42	47,000	11	1,019	Non
43	46,500	10	0,950	Non
44	46,500	10	0,950	Non
45	46,500	9	0,861	Non
46	46,000	9	0,877	Non
47	45,500	9	0,894	Non
48	46,000	9	0,871	Non
49	45,500	9	0,888	Non
50	46,000	9	0,871	Non
51	46,000	9	0,871	Non
52	46,000	9	0,871	Non
53	46,000	9	0,871	Non
54	46,500	9	0,855	Non
55	47,000	9	0,839	Non
56	47,500	9	0,818	Non
57	47,000	9	0,839	Non
58	47,500	9	0,824	Non
59	47,500	9	0,831	Non
60	48,000	9	0,817	Non
61	48,500	9	0,803	Non
62	48,500	9	0,803	Non
63	48,500	9	0,803	Non
64	48,500	8	0,714	Non
65	48,500	9	0,803	Non
66	49,000	9	0,782	Non
67	49,000	9	0,776	Non
68	49,500	9	0,757	Non
69	49,000	9	0,770	Non
70	49,000	9	0,776	Non
71	49,500	9	0,763	Non
72	49,500	9	0,763	Non
73	49,000	9	0,782	Non
74	49,500	9	0,763	Non
75	49,500	9	0,763	Non
76	49,000	9	0,776	Non
77	48,500	9	0,789	Non
78	48,500	9	0,789	Non
79	48,000	9	0,804	Non
80	47,500	9	0,818	Non
81	47,500	9	0,818	Non
82	48,000	9	0,804	Non
83	48,500	9	0,784	Non
84	48,500	9	0,789	Non
85	48,000	9	0,804	Non
86	48,000	9	0,804	Non
87	48,500	9	0,784	Non
88	48,500	9	0,784	Non
89	48,500	9	0,784	Non
90	48,000	9	0,804	Non
91	48,000	8	0,720	Non
92	47,500	8	0,733	Non
93	48,000	8	0,720	Non
94	48,500	8	0,707	Non
95	48,500	8	0,707	Non
96	48,500	8	0,707	Non
97	49,000	9	0,782	Non
98	49,000	9	0,782	Non
99	48,500	9	0,796	Non
100	48,500	9	0,796	Non
101	48,500	9	0,796	Non
102	49,000	9	0,776	Non
103	49,000	9	0,776	Non
104	49,500	9	0,763	Non
105	50,000	9	0,750	Oui
106	50,500	9	0,732	Oui
107	50,500	9	0,732	Oui
108	50,500	9	0,738	Oui
109	50,500	9	0,744	Oui
110	50,000	9	0,764	Oui
111	50,500	9	0,752	Oui
112	50,500	9	0,744	Oui
113	50,000	9	0,764	Oui
114	50,500	9	0,744	Oui
115	51,000	9	0,726	Oui
116	50,500	9	0,738	Oui
117	50,000	9	0,757	Oui
118	50,000	9	0,757	Oui
119	50,500	9	0,744	Oui
120	50,500	9	0,744	Oui
121	50,000	9	0,764	Oui
122	50,500	9	0,744	Oui
123	50,500	9	0,744	Oui
124	50,500	9	0,744	Oui
125	50,000	9	0,764	Oui
126	50,500	9	0,744	Oui
127	51,000	9	0,726	Oui
128	51,500	9	0,708	Oui
129	51,000	9	0,720	Oui
130	51,000	9	0,726	Oui
131	51,500	9	0,708	Oui
132	51,000	9	0,720	Oui
133	50,500	9	0,732	Oui
134	50,000	9	0,744	Oui
135	49,500	9	0,757	Non
136	49,000	8	0,690	Non
137	48,500	8	0,702	Non
138	48,000	8	0,714	Non
139	48,500	8	0,702	Non
140	48,000	8	0,714	Non
141	48,500	8	0,697	Non
142	48,500	8	0,697	Non
143	48,500	8	0,693	Non
144	48,500	8	0,693	Non
145	49,000	8	0,680	Non
146	49,000	8	0,680	Non
147	49,000	8	0,680	Non
148	48,500	8	0,697	Non
149	48,500	8	0,697	Non
150	48,500	8	0,697	Non
151	48,500	8	0,697	Non
152	48,000	8	0,714	Non
153	48,500	8	0,702	Non
154	48,500	8	0,702	Non
155	48,000	8	0,720	Non
156	48,000	8	0,720	Non
157	48,000	8	0,720	Non
158	48,000	8	0,720	Non
159	47,500	8	0,739	Non
160	48,000	8	0,720	Non
161	48,000	8	0,720	Non
162	47,500	8	0,733	Non
163	47,000	8	0,746	Non
164	46,500	8	0,760	Non
165	46,500	8	0,760	Non
166	47,000	8	0,746	Non
167	47,000	8	0,746	Non
168	47,000	8	0,746	Non
169	47,000	8	0,746	Non
170	47,000	8	0,746	Non
171	47,500	8	0,733	Non
172	47,500	7	0,641	Non
173	47,000	7	0,653	Non
174	46,500	7	0,670	Non
175	47,000	7	0,653	Non
176	47,500	7	0,636	Non
177	47,500	7	0,636	Non
178	47,000	6	0,559	Non
179	47,000	6	0,556	Non
180	46,500	6	0,570	Non
181	47,000	6	0,559	Non
182	47,500	6	0,545	Non
183	47,500	6	0,545	Non
184	47,000	6	0,556	Non
185	47,000	6	0,556	Non
186	47,000	6	0,556	Non
187	47,000	6	0,559	Non
188	47,500	6	0,549	Non
189	48,000	6	0,536	Non
190	48,000	6	0,536	Non
191	48,000	5	0,446	Non
192	47,500	5	0,455	Non
193	48,000	5	0,446	Non
194	48,000	5	0,446	Non
195	48,500	5	0,436	Non
196	49,000	6	0,513	Non
197	49,500	6	0,505	Non
198	49,500	6	0,505	Non
199	49,500	5	0,421	Non
200	49,500	5	0,418	Non
201	50,000	5	0,408	Non
202	50,500	6	0,481	Non
203	51,000	6	0,473	Non
204	51,500	6	0,465	Non
205	51,500	6	0,465	Non
206	52,000	6	0,457	Non
207	52,500	6	0,450	Non
208	53,000	6	0,440	Non
209	53,500	6	0,430	Non
210	54,000	7	0,494	Non
211	54,500	7	0,486	Non
212	54,500	7	0,490	Non
213	54,500	7	0,493	Non
214	54,500	7	0,498	Non
215	54,500	7	0,498	Non
216	55,000	7	0,490	Non
217	55,000	7	0,490	Non
218	55,500	7	0,483	Non
219	55,500	7	0,483	Non
220	55,000	7	0,495	Non
221	55,000	7	0,495	Non
222	55,500	7	0,488	Non
223	55,500	7	0,483	Non
224	55,500	8	0,552	Non
225	55,500	8	0,552	Non
226	56,000	8	0,539	Non
227	56,000	8	0,535	Non
228	55,500	8	0,543	Non
229	56,000	8	0,535	Non
230	55,500	8	0,543	Non
231	56,000	8	0,535	Non
232	56,500	8	0,523	Non
233	56,500	9	0,588	Non
234	56,500	9	0,584	Non
235	56,000	9	0,593	Non
236	56,500	9	0,584	Non
237	56,000	9	0,597	Non
238	56,500	9	0,584	Non
239	56,000	8	0,531	Non
240	56,000	8	0,527	Non
241	56,500	8	0,516	Non
242	57,000	9	0,572	Non
243	57,500	9	0,560	Non
244	57,500	10	0,622	Oui
245	57,500	10	0,622	Oui
246	58,000	10	0,613	Oui
247	58,500	10	0,600	Oui
248	58,000	10	0,613	Oui
249	58,000	10	0,613	Oui
250	58,000	10	0,613	Oui
251	58,500	10	0,600	Oui
252	59,000	11	0,651	Oui
253	59,000	11	0,647	Oui
254	58,500	11	0,657	Oui
255	58,500	11	0,657	Oui
256	58,500	11	0,660	Oui
257	59,000	11	0,647	Oui
258	59,000	11	0,644	Oui
259	59,000	11	0,641	Oui
260	59,000	12	0,699	Oui
261	59,000	12	0,697	Oui
262	59,000	12	0,697	Oui
263	59,000	12	0,697	Oui
264	58,500	11	0,651	Oui
265	58,000	11	0,661	Oui
266	58,000	11	0,664	Oui
267	57,500	11	0,677	Oui
268	57,500	11	0,680	Oui
269	58,000	11	0,670	Oui
270	58,000	11	0,670	Oui
271	57,500	11	0,680	Oui
272	58,000	11	0,667	Oui
273	58,500	12	0,716	Oui
274	58,500	12	0,720	Oui
275	59,000	12	0,710	Oui
276	59,500	12	0,700	Oui
277	60,000	12	0,690	Oui
278	60,000	12	0,690	Oui
279	60,500	12	0,680	Oui
280	61,000	12	0,671	Oui
281	61,000	12	0,671	Oui
282	61,000	12	0,671	Oui
283	61,000	11	0,615	Oui
284	61,000	11	0,611	Oui
285	61,000	11	0,611	Oui
286	60,500	11	0,624	Oui
287	60,000	11	0,637	Oui
288	60,500	11	0,628	Oui
289	60,500	11	0,628	Oui
290	61,000	11	0,619	Oui
291	61,000	11	0,619	Oui
292	61,500	11	0,607	Oui
293	61,500	12	0,662	Oui
294	61,500	12	0,658	Oui
295	62,000	13	0,703	Oui
296	62,000	12	0,653	Oui
297	62,000	12	0,649	Oui
298	62,000	13	0,703	Oui
299	62,500	13	0,689	Oui
300	63,000	13	0,676	Oui
301	63,500	14	0,718	Oui
302	63,500	14	0,718	Oui
303	64,000	15	0,759	Oui
304	64,000	15	0,759	Oui
305	64,000	15	0,755	Oui
306	63,500	15	0,769	Oui
307	64,000	15	0,759	Oui
308	64,000	15	0,759	Oui
309	64,000	15	0,759	Oui
310	64,500	15	0,749	Oui
311	64,500	15	0,749	Oui
312	64,500	15	0,749	Oui
313	65,000	16	0,789	Oui
314	64,500	16	0,804	Oui
315	64,500	16	0,810	Oui
316	65,000	16	0,800	Oui
317	65,500	16	0,784	Oui
318	66,000	17	0,823	Oui
319	66,000	17	0,817	Oui
320	66,000	17	0,812	Oui
321	66,500	18	0,849	Oui
322	66,500	18	0,849	Oui
323	67,000	19	0,885	Oui
324	67,000	19	0,885	Oui
325	67,500	19	0,869	Oui
326	67,000	19	0,885	Oui
327	67,000	19	0,891	Oui
328	67,000	19	0,898	Oui
329	67,500	19	0,887	Oui
330	67,500	19	0,887	Oui
331	67,500	19	0,894	Oui
332	68,000	19	0,877	Oui
333	68,500	20	0,912	Oui
334	68,500	20	0,912	Oui
335	69,000	20	0,902	Oui
336	69,500	20	0,891	Oui
337	70,000	20	0,874	Oui
338	70,500	21	0,908	Oui
339	70,500	21	0,901	Oui
340	71,000	21	0,884	Oui
341	71,000	22	0,933	Oui
342	71,500	22	0,922	Oui
343	71,500	22	0,930	Oui
344	72,000	22	0,920	Oui
345	71,500	22	0,930	Oui
346	71,000	22	0,940	Oui
347	71,000	22	0,940	Oui
348	71,500	22	0,930	Oui
349	72,000	22	0,920	Oui
350	72,500	22	0,910	Oui
351	72,500	22	0,910	Oui
352	73,000	22	0,900	Oui
353	73,000	22	0,900	Oui
354	73,000	22	0,900	Oui
355	73,500	22	0,883	Oui
356	73,500	22	0,883	Oui
357	73,000	22	0,893	Oui
358	73,000	22	0,893	Oui
359	73,000	22	0,893	Oui
360	72,500	22	0,910	Oui
361	73,000	22	0,900	Oui
362	73,500	22	0,883	Oui
363	73,500	22	0,883	Oui
364	74,000	22	0,874	Oui
365	74,500	22	0,865	Oui
366	74,500	22	0,858	Oui
367	74,000	22	0,867	Oui
368	74,500	22	0,858	Oui
369	75,000	22	0,842	Oui
370	75,000	22	0,842	Oui
371	75,000	22	0,842	Oui
372	75,000	22	0,849	Oui
373	75,500	22	0,840	Oui
374	76,000	22	0,825	Oui
375	75,500	22	0,840	Oui
376	75,500	22	0,847	Oui
377	76,000	22	0,839	Oui
378	76,500	22	0,830	Oui
379	76,500	22	0,838	Oui
380	77,000	22	0,822	Oui
381	76,500	22	0,830	Oui
382	76,000	22	0,846	Oui
383	76,000	22	0,846	Oui
384	76,500	22	0,838	Oui
385	77,000	22	0,830	Oui
386	77,500	22	0,822	Oui
387	77,500	22	0,814	Oui
388	77,000	22	0,822	Oui
389	77,000	22	0,830	Oui
390	77,500	22	0,814	Oui
391	77,000	22	0,830	Oui
392	77,500	22	0,814	Oui
393	77,000	22	0,822	Oui
394	77,000	22	0,822	Oui
395	76,500	21	0,800	Oui
396	76,000	21	0,808	Oui
397	75,500	21	0,816	Oui
398	76,000	21	0,800	Oui
399	76,000	21	0,800	Oui
400	75,500	21	0,816	Oui
401	75,000	20	0,792	Oui
402	75,000	20	0,785	Oui
403	74,500	20	0,793	Oui
404	74,500	20	0,793	Oui
405	75,000	20	0,778	Oui
406	75,000	21	0,817	Oui
407	75,000	21	0,817	Oui
408	75,000	21	0,824	Oui
409	75,000	20	0,792	Oui
410	75,000	20	0,785	Oui
411	74,500	20	0,793	Oui
412	74,500	20	0,786	Oui
413	74,000	20	0,794	Oui
414	74,000	20	0,794	Oui
415	74,500	20	0,786	Oui
416	74,500	20	0,786	Oui
417	74,000	20	0,794	Oui
418	73,500	20	0,803	Oui
419	73,500	20	0,803	Oui
420	74,000	20	0,788	Oui
