	C+G(%)	CpG(%)	C	G	A	T
 sequence entiere	53,966	6,920	547	732	598	493

1	53,500	11	0,784	Oui
2	53,500	10	0,717	Oui
3	53,000	10	0,729	Oui
4	53,000	10	0,729	Oui
5	53,500	10	0,717	Oui
6	53,000	10	0,729	Oui
7	53,000	10	0,725	Oui
8	53,500	11	0,784	Oui
9	53,500	11	0,784	Oui
10	54,000	11	0,771	Oui
11	54,000	11	0,776	Oui
12	54,500	11	0,759	Oui
13	55,000	12	0,815	Oui
14	55,500	12	0,803	Oui
15	55,500	12	0,803	Oui
16	55,500	12	0,798	Oui
17	56,000	12	0,781	Oui
18	55,500	12	0,794	Oui
19	55,000	12	0,811	Oui
20	55,000	11	0,743	Oui
21	54,500	11	0,755	Oui
22	54,000	11	0,767	Oui
23	54,500	11	0,755	Oui
24	54,500	10	0,690	Oui
25	54,000	10	0,701	Oui
26	54,500	10	0,686	Oui
27	55,000	10	0,672	Oui
28	55,500	10	0,658	Oui
29	56,000	10	0,645	Oui
30	56,500	10	0,633	Oui
31	56,500	10	0,633	Oui
32	57,000	10	0,620	Oui
33	57,000	11	0,682	Oui
34	57,500	11	0,670	Oui
35	57,500	11	0,668	Oui
36	57,500	11	0,667	Oui
37	57,000	11	0,678	Oui
38	56,500	11	0,691	Oui
39	56,000	11	0,704	Oui
40	56,000	10	0,641	Oui
41	55,500	10	0,652	Oui
42	55,500	10	0,652	Oui
43	55,500	10	0,654	Oui
44	55,500	10	0,656	Oui
45	56,000	10	0,643	Oui
46	56,500	10	0,631	Oui
47	56,500	10	0,631	Oui
48	57,000	10	0,619	Oui
49	56,500	10	0,629	Oui
50	56,500	10	0,629	Oui
51	56,500	10	0,631	Oui
52	57,000	10	0,619	Oui
53	56,500	10	0,631	Oui
54	56,000	10	0,643	Oui
55	56,500	10	0,631	Oui
56	56,500	10	0,631	Oui
57	56,000	10	0,641	Oui
58	56,500	10	0,629	Oui
59	56,500	11	0,692	Oui
60	56,000	11	0,704	Oui
61	56,500	11	0,692	Oui
62	56,500	10	0,631	Oui
63	56,500	10	0,631	Oui
64	56,500	10	0,631	Oui
65	56,500	10	0,631	Oui
66	56,500	10	0,629	Oui
67	56,500	10	0,629	Oui
68	56,500	10	0,629	Oui
69	56,500	10	0,629	Oui
70	57,000	10	0,617	Oui
71	57,000	10	0,617	Oui
72	56,500	10	0,628	Oui
73	56,500	10	0,628	Oui
74	56,500	9	0,565	Non
75	56,000	9	0,575	Non
76	55,500	9	0,585	Non
77	55,000	9	0,596	Non
78	55,500	9	0,586	Non
79	56,000	9	0,576	Non
80	56,000	9	0,577	Non
81	56,500	9	0,567	Non
82	56,500	9	0,567	Non
83	56,500	9	0,567	Non
84	56,500	9	0,569	Non
85	56,000	9	0,581	Non
86	56,000	9	0,581	Non
87	56,000	9	0,581	Non
88	56,000	9	0,581	Non
89	56,000	9	0,579	Non
90	55,500	8	0,525	Non
91	55,500	8	0,523	Non
92	55,000	8	0,532	Non
93	55,000	8	0,531	Non
94	55,000	9	0,598	Non
95	55,500	9	0,588	Non
96	55,500	9	0,590	Non
97	56,000	9	0,579	Non
98	56,500	9	0,567	Non
99	56,500	9	0,567	Non
100	56,500	9	0,569	Non
101	56,000	9	0,579	Non
102	56,000	9	0,577	Non
103	56,000	10	0,641	Oui
104	56,500	10	0,631	Oui
105	56,000	10	0,641	Oui
106	55,500	10	0,652	Oui
107	56,000	10	0,641	Oui
108	56,000	10	0,643	Oui
109	56,500	10	0,633	Oui
110	56,500	10	0,633	Oui
111	57,000	11	0,685	Oui
112	57,000	11	0,685	Oui
113	57,000	11	0,685	Oui
114	57,500	11	0,674	Oui
115	57,500	11	0,674	Oui
116	57,000	11	0,685	Oui
117	56,500	11	0,698	Oui
118	57,000	11	0,688	Oui
119	57,500	11	0,677	Oui
120	57,500	11	0,677	Oui
121	57,500	11	0,677	Oui
122	57,500	11	0,677	Oui
123	57,000	11	0,688	Oui
124	57,000	11	0,688	Oui
125	56,500	11	0,702	Oui
126	56,500	11	0,702	Oui
127	56,500	11	0,702	Oui
128	57,000	12	0,754	Oui
129	56,500	12	0,765	Oui
130	56,000	11	0,716	Oui
131	56,000	11	0,713	Oui
132	56,000	12	0,777	Oui
133	55,500	12	0,790	Oui
134	55,500	12	0,790	Oui
135	55,000	12	0,806	Oui
136	55,500	12	0,794	Oui
137	56,000	12	0,777	Oui
138	56,500	13	0,829	Oui
139	56,000	13	0,846	Oui
140	56,500	13	0,829	Oui
141	56,500	13	0,829	Oui
142	56,500	13	0,829	Oui
143	56,500	13	0,825	Oui
144	56,500	14	0,889	Oui
145	56,000	14	0,907	Oui
146	56,500	14	0,893	Oui
147	56,500	14	0,893	Oui
148	56,500	14	0,893	Oui
149	56,500	14	0,893	Oui
150	57,000	14	0,879	Oui
151	57,000	14	0,879	Oui
152	56,500	14	0,897	Oui
153	57,000	14	0,884	Oui
154	56,500	14	0,897	Oui
155	57,000	14	0,879	Oui
156	56,500	14	0,893	Oui
157	56,500	14	0,893	Oui
158	56,000	14	0,911	Oui
159	56,000	14	0,911	Oui
160	56,500	14	0,897	Oui
161	57,000	14	0,884	Oui
162	57,000	14	0,884	Oui
163	57,500	14	0,866	Oui
164	57,500	14	0,866	Oui
165	57,000	14	0,879	Oui
166	57,500	14	0,862	Oui
167	57,000	14	0,875	Oui
168	57,500	14	0,862	Oui
169	57,500	14	0,862	Oui
170	57,500	14	0,862	Oui
171	58,000	14	0,848	Oui
172	58,000	14	0,845	Oui
173	57,500	13	0,800	Oui
174	57,000	13	0,812	Oui
175	56,500	13	0,825	Oui
176	57,000	13	0,812	Oui
177	56,500	13	0,829	Oui
178	56,500	13	0,829	Oui
179	56,500	13	0,829	Oui
180	56,500	13	0,829	Oui
181	56,000	13	0,846	Oui
182	56,000	13	0,851	Oui
183	56,000	13	0,856	Oui
184	55,500	12	0,808	Oui
185	55,000	12	0,821	Oui
186	55,000	12	0,815	Oui
187	55,000	12	0,815	Oui
188	55,500	12	0,803	Oui
189	55,500	12	0,803	Oui
190	55,500	12	0,803	Oui
191	56,000	12	0,791	Oui
192	56,000	12	0,786	Oui
193	56,500	12	0,769	Oui
194	57,000	13	0,821	Oui
195	56,500	13	0,833	Oui
196	56,500	13	0,838	Oui
197	56,000	13	0,856	Oui
198	56,000	13	0,862	Oui
199	56,000	13	0,862	Oui
200	56,000	13	0,862	Oui
201	56,000	13	0,856	Oui
202	55,500	13	0,870	Oui
203	56,000	13	0,856	Oui
204	55,500	13	0,870	Oui
205	55,500	13	0,870	Oui
206	56,000	13	0,856	Oui
207	55,500	12	0,808	Oui
208	55,000	12	0,821	Oui
209	55,500	12	0,808	Oui
210	55,500	12	0,803	Oui
211	55,000	12	0,815	Oui
212	55,000	11	0,752	Oui
213	55,000	11	0,752	Oui
214	55,000	11	0,747	Oui
215	55,000	11	0,747	Oui
216	55,000	11	0,752	Oui
217	54,500	11	0,769	Oui
218	55,000	11	0,752	Oui
219	55,500	11	0,736	Oui
220	55,500	11	0,736	Oui
221	55,500	11	0,736	Oui
222	55,500	11	0,736	Oui
223	55,500	11	0,736	Oui
224	55,500	11	0,731	Oui
225	55,500	11	0,731	Oui
226	55,000	11	0,747	Oui
227	55,000	11	0,752	Oui
228	54,500	11	0,769	Oui
229	54,000	11	0,787	Oui
230	53,500	11	0,806	Oui
231	53,000	11	0,826	Oui
232	52,500	10	0,769	Oui
233	52,500	10	0,762	Oui
234	52,500	11	0,846	Oui
235	52,500	11	0,855	Oui
236	52,000	11	0,877	Oui
237	52,500	11	0,864	Oui
238	53,000	11	0,842	Oui
239	53,000	11	0,842	Oui
240	53,000	11	0,833	Oui
241	53,500	12	0,896	Oui
242	53,500	12	0,896	Oui
243	53,000	12	0,909	Oui
244	52,500	12	0,923	Oui
245	52,500	12	0,923	Oui
246	52,500	13	1,010	Oui
247	53,000	13	0,985	Oui
248	53,000	14	1,072	Oui
249	53,000	14	1,072	Oui
250	52,500	14	1,088	Oui
251	52,500	14	1,088	Oui
252	52,000	14	1,116	Oui
253	52,500	14	1,088	Oui
254	53,000	14	1,061	Oui
255	53,000	15	1,148	Oui
256	53,000	15	1,148	Oui
257	53,500	15	1,131	Oui
258	53,500	14	1,056	Oui
259	53,500	15	1,131	Oui
260	53,500	15	1,131	Oui
261	53,000	15	1,148	Oui
262	53,000	15	1,148	Oui
263	53,000	15	1,148	Oui
264	53,500	15	1,119	Oui
265	53,500	16	1,194	Oui
266	53,500	16	1,207	Oui
267	54,000	16	1,189	Oui
268	54,000	16	1,189	Oui
269	54,000	16	1,189	Oui
270	53,500	16	1,220	Oui
271	54,000	16	1,189	Oui
272	54,000	16	1,189	Oui
273	54,000	16	1,189	Oui
274	54,000	16	1,189	Oui
275	54,500	16	1,159	Oui
276	54,500	16	1,159	Oui
277	55,000	16	1,143	Oui
278	55,000	16	1,143	Oui
279	54,500	16	1,159	Oui
280	54,500	16	1,159	Oui
281	54,500	16	1,159	Oui
282	55,000	16	1,143	Oui
283	55,500	16	1,115	Oui
284	55,500	17	1,185	Oui
285	55,500	17	1,185	Oui
286	56,000	17	1,156	Oui
287	55,500	17	1,185	Oui
288	55,500	17	1,185	Oui
289	55,500	17	1,197	Oui
290	56,000	17	1,181	Oui
291	56,000	17	1,194	Oui
292	56,000	17	1,194	Oui
293	55,500	16	1,154	Oui
294	55,500	16	1,154	Oui
295	55,500	16	1,154	Oui
296	55,500	16	1,154	Oui
297	55,000	16	1,185	Oui
298	54,500	16	1,218	Oui
299	54,000	15	1,174	Oui
300	54,000	15	1,174	Oui
301	54,000	15	1,174	Oui
302	53,500	14	1,128	Oui
303	53,000	14	1,144	Oui
304	53,000	14	1,144	Oui
305	53,000	14	1,144	Oui
306	53,500	14	1,128	Oui
307	53,000	14	1,144	Oui
308	52,500	14	1,160	Oui
309	52,000	14	1,176	Oui
310	51,500	13	1,126	Oui
311	51,500	13	1,108	Oui
312	51,500	13	1,092	Oui
313	52,000	14	1,159	Oui
314	51,500	14	1,176	Oui
315	51,500	14	1,176	Oui
316	52,000	14	1,159	Oui
317	52,000	14	1,159	Oui
318	52,000	14	1,159	Oui
319	51,500	14	1,176	Oui
320	52,000	14	1,144	Oui
321	52,000	14	1,129	Oui
322	52,500	15	1,192	Oui
323	53,000	15	1,161	Oui
324	53,000	15	1,161	Oui
325	53,500	15	1,144	Oui
326	54,000	15	1,115	Oui
327	54,000	14	1,041	Oui
328	53,500	14	1,056	Oui
329	54,000	14	1,029	Oui
330	54,000	14	1,029	Oui
331	54,000	13	0,956	Oui
332	54,000	13	0,946	Oui
333	54,000	13	0,946	Oui
334	54,000	13	0,946	Oui
335	54,000	13	0,946	Oui
336	53,500	13	0,961	Oui
337	53,000	12	0,909	Oui
338	53,000	12	0,909	Oui
339	53,500	12	0,887	Oui
340	53,000	12	0,909	Oui
341	53,000	12	0,909	Oui
342	53,000	12	0,909	Oui
343	53,000	11	0,842	Oui
344	53,000	11	0,833	Oui
345	53,000	11	0,833	Oui
346	53,000	11	0,833	Oui
347	53,000	11	0,833	Oui
348	53,500	11	0,821	Oui
349	54,000	11	0,801	Oui
350	53,500	11	0,813	Oui
351	54,000	11	0,794	Oui
352	54,000	11	0,794	Oui
353	54,000	11	0,794	Oui
354	54,500	11	0,782	Oui
355	54,500	11	0,782	Oui
356	54,500	11	0,782	Oui
357	55,000	11	0,764	Oui
358	55,500	12	0,821	Oui
359	55,500	12	0,821	Oui
360	55,000	12	0,833	Oui
361	54,500	12	0,846	Oui
362	55,000	12	0,826	Oui
363	55,000	12	0,826	Oui
364	55,500	13	0,882	Oui
365	55,500	13	0,882	Oui
366	55,500	13	0,889	Oui
367	56,000	13	0,876	Oui
368	55,500	13	0,889	Oui
369	55,000	13	0,902	Oui
370	55,500	13	0,889	Oui
371	55,500	13	0,882	Oui
372	55,500	14	0,958	Oui
373	56,000	14	0,936	Oui
374	56,000	14	0,936	Oui
375	56,500	14	0,922	Oui
376	56,000	14	0,936	Oui
377	56,500	14	0,922	Oui
378	56,500	14	0,922	Oui
379	56,500	14	0,915	Oui
380	57,000	14	0,895	Oui
381	57,500	14	0,876	Oui
382	57,000	14	0,889	Oui
383	56,500	14	0,903	Oui
384	57,000	14	0,884	Oui
385	57,000	14	0,884	Oui
386	56,500	14	0,903	Oui
387	57,000	14	0,884	Oui
388	57,000	14	0,879	Oui
389	57,500	15	0,928	Oui
390	58,000	15	0,914	Oui
391	58,000	15	0,914	Oui
392	58,000	15	0,919	Oui
393	57,500	14	0,876	Oui
394	57,500	14	0,876	Oui
395	58,000	14	0,858	Oui
396	58,000	15	0,919	Oui
397	58,000	15	0,919	Oui
398	58,000	15	0,919	Oui
399	58,000	15	0,919	Oui
400	57,500	15	0,933	Oui
401	57,000	15	0,953	Oui
402	57,500	15	0,939	Oui
403	57,500	15	0,933	Oui
404	57,500	15	0,933	Oui
405	57,000	15	0,947	Oui
406	57,000	15	0,942	Oui
407	57,500	16	0,989	Oui
408	58,000	16	0,975	Oui
409	57,500	16	0,989	Oui
410	57,500	16	0,995	Oui
411	57,500	16	0,995	Oui
412	57,500	16	0,995	Oui
413	57,500	16	0,995	Oui
414	57,500	16	1,001	Oui
415	57,500	16	1,001	Oui
416	57,000	16	1,016	Oui
417	57,500	16	1,001	Oui
418	57,000	16	1,023	Oui
419	57,000	16	1,023	Oui
420	57,000	17	1,095	Oui
421	57,000	17	1,095	Oui
422	57,500	17	1,071	Oui
423	57,500	17	1,064	Oui
424	57,000	17	1,087	Oui
425	57,000	17	1,087	Oui
426	57,500	17	1,071	Oui
427	57,500	17	1,071	Oui
428	58,000	17	1,056	Oui
429	58,500	17	1,033	Oui
430	58,500	17	1,033	Oui
431	58,500	17	1,033	Oui
432	59,000	17	1,019	Oui
433	59,000	16	0,966	Oui
434	59,000	16	0,966	Oui
435	59,000	16	0,959	Oui
436	59,000	16	0,959	Oui
437	59,000	16	0,959	Oui
438	58,500	16	0,980	Oui
439	59,000	16	0,959	Oui
440	58,500	15	0,919	Oui
441	58,000	15	0,932	Oui
442	58,000	15	0,932	Oui
443	58,500	15	0,912	Oui
444	58,500	15	0,912	Oui
445	58,000	14	0,870	Oui
446	58,000	14	0,863	Oui
447	57,500	13	0,819	Oui
448	57,000	13	0,831	Oui
449	57,500	13	0,819	Oui
450	57,500	13	0,819	Oui
451	57,000	13	0,831	Oui
452	57,000	13	0,831	Oui
453	57,000	13	0,837	Oui
454	57,000	12	0,779	Oui
455	56,500	12	0,791	Oui
456	57,000	12	0,779	Oui
457	57,000	12	0,773	Oui
458	56,500	11	0,725	Oui
459	56,500	11	0,719	Oui
460	56,500	11	0,719	Oui
461	57,000	11	0,709	Oui
462	57,000	11	0,709	Oui
463	57,000	11	0,709	Oui
464	56,500	10	0,659	Oui
465	56,000	10	0,668	Oui
466	56,000	10	0,668	Oui
467	55,500	10	0,678	Oui
468	56,000	10	0,668	Oui
469	56,000	10	0,663	Oui
470	56,500	11	0,719	Oui
471	56,000	11	0,735	Oui
472	56,000	11	0,735	Oui
473	55,500	11	0,746	Oui
474	55,500	11	0,752	Oui
475	55,000	11	0,770	Oui
476	55,500	11	0,752	Oui
477	55,000	11	0,764	Oui
478	54,500	11	0,775	Oui
479	55,000	11	0,764	Oui
480	55,000	11	0,758	Oui
481	54,500	11	0,769	Oui
482	54,000	11	0,781	Oui
483	54,000	10	0,710	Oui
484	53,500	10	0,722	Oui
485	54,000	10	0,705	Oui
486	54,000	10	0,705	Oui
487	54,000	10	0,705	Oui
488	54,500	10	0,694	Oui
489	54,500	10	0,694	Oui
490	54,000	10	0,705	Oui
491	53,500	10	0,717	Oui
492	54,000	10	0,705	Oui
493	54,500	10	0,694	Oui
494	54,000	10	0,705	Oui
495	54,000	10	0,705	Oui
496	53,500	10	0,717	Oui
497	54,000	10	0,705	Oui
498	54,500	10	0,694	Oui
499	55,000	10	0,679	Oui
500	55,000	11	0,747	Oui
501	55,000	11	0,747	Oui
502	55,000	11	0,747	Oui
503	55,500	11	0,736	Oui
504	55,000	11	0,747	Oui
505	55,000	11	0,747	Oui
506	54,500	11	0,759	Oui
507	55,000	11	0,747	Oui
508	55,500	11	0,731	Oui
509	56,000	12	0,786	Oui
510	56,000	12	0,786	Oui
511	55,500	12	0,803	Oui
512	55,000	11	0,752	Oui
513	55,000	11	0,752	Oui
514	55,000	11	0,752	Oui
515	55,000	11	0,752	Oui
516	54,500	11	0,764	Oui
517	55,000	11	0,752	Oui
518	55,000	11	0,752	Oui
519	55,000	11	0,752	Oui
520	55,000	11	0,752	Oui
521	55,000	10	0,684	Oui
522	55,000	11	0,752	Oui
523	54,500	11	0,769	Oui
524	54,500	11	0,769	Oui
525	54,500	11	0,764	Oui
526	54,500	12	0,839	Oui
527	54,000	12	0,859	Oui
528	54,000	12	0,859	Oui
529	53,500	12	0,879	Oui
530	53,500	12	0,879	Oui
531	53,500	12	0,887	Oui
532	53,500	12	0,896	Oui
533	53,500	12	0,896	Oui
534	54,000	12	0,882	Oui
535	54,500	12	0,870	Oui
536	55,000	12	0,857	Oui
537	55,000	12	0,857	Oui
538	55,000	12	0,848	Oui
539	54,500	12	0,870	Oui
540	55,000	12	0,857	Oui
541	55,500	12	0,845	Oui
542	56,000	12	0,833	Oui
543	56,000	12	0,833	Oui
544	56,000	12	0,833	Oui
545	56,500	12	0,813	Oui
546	56,500	12	0,805	Oui
547	57,000	12	0,786	Oui
548	56,500	12	0,797	Oui
549	56,000	12	0,816	Oui
550	56,500	12	0,797	Oui
551	56,000	12	0,816	Oui
552	56,500	12	0,805	Oui
553	56,500	12	0,797	Oui
554	56,500	12	0,791	Oui
555	56,500	13	0,864	Oui
556	57,000	13	0,844	Oui
557	57,000	13	0,852	Oui
558	56,500	13	0,864	Oui
559	56,500	13	0,864	Oui
560	56,500	13	0,864	Oui
561	56,500	13	0,864	Oui
562	56,500	13	0,864	Oui
563	56,000	12	0,816	Oui
564	56,000	12	0,816	Oui
565	56,500	12	0,805	Oui
566	56,500	12	0,805	Oui
567	56,000	12	0,816	Oui
568	56,000	12	0,816	Oui
569	56,000	12	0,816	Oui
570	55,500	12	0,828	Oui
571	55,000	11	0,778	Oui
572	54,500	11	0,789	Oui
573	54,000	11	0,809	Oui
574	54,000	11	0,809	Oui
575	54,000	11	0,801	Oui
576	54,500	11	0,782	Oui
577	54,000	11	0,794	Oui
578	54,500	11	0,775	Oui
579	54,000	11	0,794	Oui
580	53,500	11	0,813	Oui
581	53,000	11	0,833	Oui
582	53,500	11	0,821	Oui
583	53,500	11	0,821	Oui
584	53,000	11	0,842	Oui
585	53,000	11	0,842	Oui
586	53,000	11	0,842	Oui
587	53,000	11	0,851	Oui
588	52,500	10	0,795	Oui
589	52,000	10	0,807	Oui
590	51,500	10	0,819	Oui
591	51,000	10	0,832	Oui
592	51,000	10	0,832	Oui
593	51,000	10	0,832	Oui
594	51,000	10	0,832	Oui
595	50,500	9	0,769	Oui
596	50,500	9	0,769	Oui
597	51,000	9	0,748	Oui
598	51,000	9	0,740	Oui
599	51,000	9	0,740	Oui
600	51,500	9	0,729	Oui
601	52,000	9	0,718	Oui
602	51,500	9	0,729	Oui
603	51,000	9	0,748	Oui
604	51,500	9	0,729	Oui
605	51,500	9	0,729	Oui
606	51,000	8	0,665	Oui
607	50,500	8	0,676	Oui
608	50,000	8	0,686	Oui
609	50,000	8	0,686	Oui
610	49,500	8	0,697	Non
611	49,500	8	0,697	Non
612	49,000	8	0,709	Non
613	48,500	8	0,721	Non
614	48,000	8	0,733	Non
615	48,500	8	0,714	Non
616	49,000	8	0,695	Non
617	49,000	9	0,782	Non
618	49,000	9	0,782	Non
619	49,000	8	0,702	Non
620	48,500	8	0,714	Non
621	49,000	8	0,695	Non
622	49,000	9	0,789	Non
623	49,000	9	0,789	Non
624	49,000	9	0,789	Non
625	49,500	9	0,777	Non
626	49,000	9	0,789	Non
627	48,500	9	0,803	Non
628	48,500	9	0,796	Non
629	48,000	9	0,817	Non
630	48,000	9	0,817	Non
631	48,000	9	0,817	Non
632	48,000	9	0,817	Non
633	47,500	9	0,831	Non
634	47,000	9	0,846	Non
635	47,000	9	0,846	Non
636	47,500	10	0,923	Non
637	47,500	10	0,923	Non
638	48,000	10	0,900	Non
639	47,500	10	0,923	Non
640	48,000	10	0,907	Non
641	48,500	10	0,892	Non
642	48,500	10	0,892	Non
643	48,000	10	0,916	Non
644	48,500	10	0,901	Non
645	49,000	10	0,886	Non
646	48,500	10	0,911	Non
647	49,000	10	0,896	Non
648	49,000	10	0,896	Non
649	49,000	10	0,896	Non
650	49,000	10	0,896	Non
651	49,500	10	0,872	Non
652	50,000	10	0,849	Oui
653	50,000	10	0,841	Oui
654	50,000	10	0,833	Oui
655	50,500	10	0,813	Oui
656	50,000	10	0,827	Oui
657	49,500	10	0,847	Non
658	49,500	10	0,847	Non
659	49,500	10	0,847	Non
660	49,500	10	0,847	Non
661	49,000	10	0,862	Non
662	48,500	10	0,877	Non
663	48,000	10	0,893	Non
664	48,500	10	0,871	Non
665	49,000	10	0,850	Non
666	49,000	11	0,935	Non
667	49,000	11	0,935	Non
668	48,500	11	0,952	Non
669	48,500	10	0,866	Non
670	48,000	10	0,882	Non
671	48,500	10	0,866	Non
672	48,500	10	0,866	Non
673	49,000	10	0,850	Non
674	49,000	10	0,846	Non
675	49,000	10	0,846	Non
676	48,500	10	0,866	Non
677	49,000	10	0,846	Non
678	49,500	11	0,914	Non
679	49,500	11	0,914	Non
680	49,500	11	0,914	Non
681	49,500	11	0,914	Non
682	49,500	11	0,914	Non
683	49,000	11	0,935	Non
684	49,000	11	0,935	Non
685	49,000	11	0,941	Non
686	48,500	11	0,965	Non
687	49,000	11	0,948	Non
688	49,000	11	0,941	Non
689	48,500	11	0,958	Non
690	48,500	11	0,958	Non
691	49,000	11	0,935	Non
692	48,500	11	0,952	Non
693	48,000	11	0,970	Non
694	48,500	11	0,952	Non
695	48,000	11	0,970	Non
696	48,000	11	0,970	Non
697	48,000	11	0,965	Non
698	47,500	11	0,984	Non
699	47,000	10	0,916	Non
700	47,000	10	0,916	Non
701	47,000	10	0,916	Non
702	47,500	10	0,898	Non
703	47,000	10	0,916	Non
704	47,500	10	0,894	Non
705	48,000	11	0,965	Non
706	48,500	11	0,947	Non
707	48,000	11	0,965	Non
708	48,000	10	0,878	Non
709	48,000	11	0,965	Non
710	48,500	11	0,943	Non
711	49,000	11	0,922	Non
712	49,000	11	0,922	Non
713	48,500	11	0,940	Non
714	49,000	11	0,922	Non
715	49,000	11	0,922	Non
716	49,000	11	0,922	Non
717	49,000	11	0,920	Non
718	49,000	11	0,918	Non
719	49,500	12	0,982	Non
720	49,000	12	1,003	Non
721	48,500	11	0,940	Non
722	48,000	11	0,959	Non
723	48,500	11	0,938	Non
724	48,500	11	0,938	Non
725	48,500	10	0,855	Non
726	48,000	10	0,871	Non
727	48,500	10	0,855	Non
728	48,500	10	0,855	Non
729	49,000	10	0,836	Non
730	49,000	10	0,836	Non
731	49,000	10	0,834	Non
732	48,500	10	0,851	Non
733	48,500	10	0,851	Non
734	48,500	10	0,851	Non
735	48,500	10	0,851	Non
736	48,000	10	0,868	Non
737	48,000	10	0,868	Non
738	47,500	10	0,887	Non
739	48,000	10	0,870	Non
740	48,000	10	0,870	Non
741	47,500	10	0,887	Non
742	47,500	10	0,887	Non
743	47,000	10	0,906	Non
744	46,500	10	0,926	Non
745	46,500	10	0,926	Non
746	46,500	11	1,020	Non
747	46,000	11	1,044	Non
748	46,500	11	1,023	Non
749	46,500	11	1,023	Non
750	46,000	11	1,048	Non
751	46,000	11	1,048	Non
752	46,000	11	1,044	Non
753	45,500	11	1,069	Non
754	45,500	10	0,972	Non
755	45,500	10	0,969	Non
756	45,500	10	0,972	Non
757	45,000	10	0,992	Non
758	45,000	10	0,992	Non
759	45,000	10	0,992	Non
760	45,500	10	0,972	Non
761	45,500	10	0,972	Non
762	45,000	10	0,996	Non
763	45,000	10	0,996	Non
764	44,500	10	1,016	Non
765	44,000	10	1,038	Non
766	43,500	10	1,060	Non
767	44,000	10	1,038	Non
768	44,500	10	1,016	Non
769	44,500	10	1,016	Non
770	44,500	10	1,016	Non
771	44,500	10	1,016	Non
772	45,000	10	0,996	Non
773	45,500	10	0,976	Non
774	45,500	10	0,976	Non
775	45,500	10	0,976	Non
776	45,500	11	1,078	Non
777	46,000	11	1,052	Non
778	46,000	11	1,052	Non
779	46,500	12	1,126	Non
780	46,500	12	1,126	Non
781	47,000	12	1,099	Non
782	47,000	13	1,190	Non
783	47,500	13	1,163	Non
784	48,000	14	1,229	Non
785	48,500	14	1,206	Non
786	49,000	14	1,178	Non
787	48,500	14	1,201	Non
788	48,500	14	1,201	Non
789	49,000	14	1,174	Non
790	49,500	14	1,148	Non
791	50,000	15	1,208	Oui
792	50,000	15	1,204	Oui
793	50,000	15	1,204	Oui
794	50,000	15	1,202	Oui
795	50,000	15	1,202	Oui
796	50,000	15	1,202	Oui
797	50,000	15	1,204	Oui
798	50,000	15	1,208	Oui
799	50,000	15	1,208	Oui
800	50,000	15	1,208	Oui
801	50,000	15	1,208	Oui
802	50,000	15	1,208	Oui
803	50,000	15	1,208	Oui
804	50,000	15	1,212	Oui
805	50,500	15	1,190	Oui
806	50,500	15	1,190	Oui
807	51,000	15	1,165	Oui
808	51,500	16	1,220	Oui
809	52,000	16	1,194	Oui
810	52,500	17	1,247	Oui
811	53,000	17	1,226	Oui
812	53,500	17	1,206	Oui
813	54,000	17	1,186	Oui
814	54,000	17	1,186	Oui
815	53,500	17	1,212	Oui
816	53,500	16	1,147	Oui
817	53,500	16	1,140	Oui
818	53,500	16	1,140	Oui
819	53,500	16	1,140	Oui
820	54,000	16	1,122	Oui
821	54,000	15	1,058	Oui
822	53,500	15	1,075	Oui
823	53,500	15	1,075	Oui
824	53,500	15	1,075	Oui
825	53,500	15	1,069	Oui
826	53,500	15	1,069	Oui
827	54,000	15	1,046	Oui
828	53,500	15	1,069	Oui
829	54,000	15	1,052	Oui
830	54,000	15	1,052	Oui
831	54,000	15	1,052	Oui
832	53,500	15	1,069	Oui
833	54,000	15	1,052	Oui
834	54,500	15	1,035	Oui
835	54,500	14	0,972	Oui
836	54,000	14	0,988	Oui
837	54,000	14	0,988	Oui
838	54,000	14	0,988	Oui
839	54,000	14	0,988	Oui
840	53,500	14	1,004	Oui
841	53,500	14	1,004	Oui
842	54,000	14	0,988	Oui
843	54,000	14	0,988	Oui
844	54,000	14	0,988	Oui
845	54,000	14	0,988	Oui
846	54,500	14	0,972	Oui
847	54,000	14	0,988	Oui
848	54,500	14	0,972	Oui
849	54,000	14	0,988	Oui
850	54,000	14	0,988	Oui
851	54,000	14	0,988	Oui
852	54,000	15	1,065	Oui
853	53,500	15	1,090	Oui
854	53,500	15	1,090	Oui
855	53,000	15	1,116	Oui
856	53,500	15	1,099	Oui
857	53,500	15	1,099	Oui
858	53,500	15	1,099	Oui
859	53,500	15	1,109	Oui
860	54,000	15	1,092	Oui
861	54,500	15	1,076	Oui
862	54,500	15	1,076	Oui
863	54,500	15	1,076	Oui
864	54,500	15	1,076	Oui
865	54,000	14	1,029	Oui
866	54,000	14	1,019	Oui
867	54,000	14	1,019	Oui
868	54,000	14	1,019	Oui
869	53,500	14	1,045	Oui
870	54,000	14	1,019	Oui
871	54,000	15	1,092	Oui
872	54,000	15	1,092	Oui
873	54,000	15	1,082	Oui
874	54,000	15	1,082	Oui
875	54,000	15	1,082	Oui
876	54,500	15	1,057	Oui
877	54,500	14	0,987	Oui
878	54,000	14	1,002	Oui
879	53,500	14	1,017	Oui
880	53,500	14	1,017	Oui
881	54,000	15	1,073	Oui
882	54,500	15	1,049	Oui
883	54,500	15	1,049	Oui
884	55,000	15	1,026	Oui
885	54,500	15	1,042	Oui
886	55,000	15	1,026	Oui
887	55,000	15	1,019	Oui
888	54,500	15	1,042	Oui
889	55,000	15	1,019	Oui
890	55,000	15	1,019	Oui
891	54,500	15	1,042	Oui
892	54,500	15	1,042	Oui
893	55,000	15	1,026	Oui
894	54,500	15	1,042	Oui
895	55,000	15	1,019	Oui
896	55,000	15	1,019	Oui
897	55,000	15	1,026	Oui
898	55,500	15	1,003	Oui
899	55,500	15	1,003	Oui
900	55,000	15	1,019	Oui
901	55,500	15	1,003	Oui
902	55,000	15	1,019	Oui
903	55,000	15	1,019	Oui
904	54,500	14	0,972	Oui
905	54,500	14	0,966	Oui
906	54,000	14	0,982	Oui
907	54,000	14	0,982	Oui
908	54,000	13	0,912	Oui
909	53,500	13	0,927	Oui
910	53,000	13	0,947	Oui
911	53,000	13	0,947	Oui
912	53,000	13	0,947	Oui
913	53,000	13	0,947	Oui
914	52,500	13	0,963	Oui
915	52,500	13	0,963	Oui
916	52,500	13	0,963	Oui
917	52,500	13	0,969	Oui
918	52,000	12	0,915	Oui
919	52,000	12	0,915	Oui
920	52,500	12	0,894	Oui
921	52,500	12	0,894	Oui
922	53,000	12	0,874	Oui
923	52,500	12	0,894	Oui
924	52,500	12	0,894	Oui
925	52,000	12	0,909	Oui
926	52,500	12	0,894	Oui
927	52,500	12	0,894	Oui
928	53,000	12	0,874	Oui
929	52,500	12	0,894	Oui
930	52,500	12	0,894	Oui
931	52,000	12	0,915	Oui
932	52,000	12	0,915	Oui
933	52,000	12	0,915	Oui
934	51,500	12	0,930	Oui
935	51,500	12	0,930	Oui
936	51,500	12	0,930	Oui
937	52,000	12	0,915	Oui
938	52,000	12	0,915	Oui
939	51,500	12	0,930	Oui
940	51,500	12	0,930	Oui
941	51,500	12	0,930	Oui
942	51,500	12	0,930	Oui
943	51,500	12	0,930	Oui
944	52,000	12	0,909	Oui
945	51,500	11	0,853	Oui
946	51,500	11	0,847	Oui
947	51,500	11	0,847	Oui
948	51,000	11	0,862	Oui
949	51,000	11	0,862	Oui
950	51,500	11	0,843	Oui
951	52,000	11	0,825	Oui
952	51,500	11	0,843	Oui
953	51,500	11	0,843	Oui
954	51,500	11	0,847	Oui
955	51,500	10	0,770	Oui
956	51,500	10	0,766	Oui
957	52,000	11	0,829	Oui
958	52,500	11	0,815	Oui
959	52,500	11	0,815	Oui
960	52,000	11	0,829	Oui
961	52,000	11	0,829	Oui
962	52,000	11	0,829	Oui
963	52,000	11	0,829	Oui
964	52,500	11	0,811	Oui
965	53,000	11	0,793	Oui
966	53,000	11	0,793	Oui
967	53,000	11	0,790	Oui
968	52,500	11	0,804	Oui
969	53,000	11	0,790	Oui
970	53,500	11	0,774	Oui
971	54,000	12	0,830	Oui
972	54,000	12	0,830	Oui
973	53,500	12	0,844	Oui
974	54,000	12	0,828	Oui
975	54,000	12	0,830	Oui
976	54,000	12	0,830	Oui
977	54,000	12	0,830	Oui
978	54,000	12	0,833	Oui
979	53,500	12	0,847	Oui
980	53,500	12	0,847	Oui
981	53,500	11	0,777	Oui
982	53,500	12	0,847	Oui
983	53,000	11	0,793	Oui
984	53,000	11	0,793	Oui
985	53,000	11	0,790	Oui
986	53,000	11	0,790	Oui
987	53,500	11	0,774	Oui
988	54,000	12	0,830	Oui
989	53,500	12	0,847	Oui
990	53,500	11	0,777	Oui
991	53,500	12	0,847	Oui
992	53,000	12	0,865	Oui
993	53,000	12	0,865	Oui
994	52,500	12	0,884	Oui
995	53,000	12	0,870	Oui
996	53,000	12	0,870	Oui
997	53,000	12	0,870	Oui
998	52,500	12	0,884	Oui
999	52,500	12	0,884	Oui
1000	52,500	12	0,884	Oui
1001	52,000	12	0,900	Oui
1002	52,000	12	0,900	Oui
1003	52,000	12	0,900	Oui
1004	51,500	12	0,915	Oui
1005	51,500	12	0,912	Oui
1006	52,000	12	0,893	Oui
1007	52,000	11	0,818	Oui
1008	52,000	12	0,893	Oui
1009	52,000	11	0,818	Oui
1010	51,500	11	0,833	Oui
1011	51,500	11	0,831	Oui
1012	51,000	11	0,847	Oui
1013	51,000	11	0,847	Oui
1014	51,500	11	0,831	Oui
1015	52,000	11	0,816	Oui
1016	51,500	11	0,831	Oui
1017	51,000	11	0,849	Oui
1018	51,000	11	0,849	Oui
1019	51,000	11	0,847	Oui
1020	51,000	11	0,846	Oui
1021	50,500	11	0,863	Oui
1022	50,500	11	0,863	Oui
1023	50,000	11	0,880	Oui
1024	50,000	11	0,880	Oui
1025	49,500	11	0,899	Non
1026	50,000	11	0,880	Oui
1027	50,000	12	0,962	Oui
1028	50,500	12	0,943	Oui
1029	50,500	12	0,943	Oui
1030	51,000	12	0,924	Oui
1031	51,500	13	0,983	Oui
1032	51,500	13	0,983	Oui
1033	51,500	13	0,983	Oui
1034	51,000	13	1,001	Oui
1035	51,000	13	1,001	Oui
1036	51,000	13	1,001	Oui
1037	50,500	13	1,020	Oui
1038	50,500	13	1,022	Oui
1039	50,500	13	1,022	Oui
1040	50,500	13	1,022	Oui
1041	50,500	13	1,020	Oui
1042	50,000	13	1,040	Oui
1043	50,500	13	1,020	Oui
1044	50,500	14	1,098	Oui
1045	50,500	14	1,098	Oui
1046	50,000	14	1,120	Oui
1047	50,500	14	1,099	Oui
1048	50,500	15	1,177	Oui
1049	50,500	15	1,177	Oui
1050	50,500	15	1,177	Oui
1051	50,500	14	1,099	Oui
1052	50,000	14	1,122	Oui
1053	50,000	14	1,122	Oui
1054	50,000	14	1,122	Oui
1055	50,500	15	1,177	Oui
1056	50,500	15	1,177	Oui
1057	50,500	15	1,177	Oui
1058	50,500	15	1,177	Oui
1059	50,500	15	1,177	Oui
1060	50,000	15	1,202	Oui
1061	49,500	15	1,227	Non
1062	50,000	15	1,202	Oui
1063	50,500	15	1,177	Oui
1064	50,000	15	1,200	Oui
1065	50,500	15	1,177	Oui
1066	50,000	15	1,200	Oui
1067	50,500	15	1,176	Oui
1068	51,000	15	1,154	Oui
1069	51,500	16	1,207	Oui
1070	51,500	15	1,131	Oui
1071	51,500	16	1,207	Oui
1072	52,000	16	1,183	Oui
1073	51,500	16	1,207	Oui
1074	51,500	16	1,207	Oui
1075	52,000	17	1,258	Oui
1076	52,000	17	1,259	Oui
1077	51,500	17	1,285	Oui
1078	51,500	17	1,285	Oui
1079	52,000	17	1,259	Oui
1080	52,000	16	1,185	Oui
1081	52,000	17	1,259	Oui
1082	52,000	17	1,259	Oui
1083	52,500	17	1,235	Oui
1084	52,500	18	1,309	Oui
1085	52,500	18	1,309	Oui
1086	52,500	18	1,307	Oui
1087	52,000	18	1,333	Oui
1088	52,500	18	1,307	Oui
1089	52,500	19	1,382	Oui
1090	53,000	19	1,355	Oui
1091	53,000	19	1,355	Oui
1092	53,000	19	1,355	Oui
1093	52,500	19	1,380	Oui
1094	53,000	19	1,355	Oui
1095	52,500	19	1,382	Oui
1096	53,000	19	1,357	Oui
1097	53,000	19	1,355	Oui
1098	52,500	19	1,382	Oui
1099	52,500	19	1,382	Oui
1100	53,000	19	1,355	Oui
1101	52,500	19	1,380	Oui
1102	53,000	19	1,353	Oui
1103	53,000	19	1,353	Oui
1104	53,000	19	1,353	Oui
1105	52,500	19	1,380	Oui
1106	52,500	19	1,380	Oui
1107	53,000	19	1,355	Oui
1108	53,000	19	1,355	Oui
1109	53,500	20	1,401	Oui
1110	53,500	20	1,401	Oui
1111	53,000	20	1,429	Oui
1112	53,000	20	1,429	Oui
1113	53,500	20	1,401	Oui
1114	53,500	20	1,401	Oui
1115	54,000	20	1,376	Oui
1116	54,500	20	1,352	Oui
1117	54,000	20	1,376	Oui
1118	54,500	20	1,352	Oui
1119	54,000	20	1,376	Oui
1120	54,000	20	1,376	Oui
1121	54,000	20	1,376	Oui
1122	54,000	20	1,379	Oui
1123	54,000	20	1,379	Oui
1124	54,500	20	1,352	Oui
1125	55,000	20	1,326	Oui
1126	55,000	20	1,324	Oui
1127	54,500	20	1,348	Oui
1128	54,500	20	1,350	Oui
1129	55,000	20	1,324	Oui
1130	55,000	20	1,324	Oui
1131	55,000	20	1,324	Oui
1132	55,500	20	1,301	Oui
1133	56,000	20	1,277	Oui
1134	56,000	20	1,277	Oui
1135	56,000	20	1,276	Oui
1136	56,500	21	1,317	Oui
1137	56,500	21	1,316	Oui
1138	56,500	21	1,316	Oui
1139	56,500	21	1,316	Oui
1140	56,000	21	1,339	Oui
1141	56,500	21	1,316	Oui
1142	56,000	21	1,339	Oui
1143	56,000	21	1,339	Oui
1144	55,500	21	1,364	Oui
1145	55,500	21	1,364	Oui
1146	55,000	21	1,389	Oui
1147	55,000	21	1,389	Oui
1148	55,500	21	1,365	Oui
1149	56,000	21	1,341	Oui
1150	56,000	21	1,343	Oui
1151	56,000	21	1,343	Oui
1152	56,500	22	1,384	Oui
1153	57,000	22	1,358	Oui
1154	57,000	22	1,356	Oui
1155	56,500	22	1,381	Oui
1156	56,500	21	1,321	Oui
1157	56,000	21	1,343	Oui
1158	55,500	21	1,366	Oui
1159	56,000	21	1,343	Oui
1160	56,000	21	1,343	Oui
1161	56,500	21	1,318	Oui
1162	56,500	21	1,318	Oui
1163	57,000	21	1,294	Oui
1164	57,000	22	1,358	Oui
1165	56,500	22	1,384	Oui
1166	56,500	22	1,384	Oui
1167	56,000	22	1,410	Oui
1168	56,000	22	1,410	Oui
1169	56,000	22	1,410	Oui
1170	56,000	21	1,346	Oui
1171	56,000	21	1,343	Oui
1172	56,000	22	1,407	Oui
1173	56,500	22	1,384	Oui
1174	56,500	21	1,321	Oui
1175	56,000	21	1,343	Oui
1176	55,500	21	1,366	Oui
1177	55,500	20	1,301	Oui
1178	55,500	21	1,366	Oui
1179	56,000	21	1,341	Oui
1180	56,000	21	1,341	Oui
1181	56,000	20	1,279	Oui
1182	55,500	20	1,301	Oui
1183	56,000	20	1,279	Oui
1184	55,500	20	1,301	Oui
1185	55,000	20	1,326	Oui
1186	55,000	20	1,326	Oui
1187	55,000	20	1,329	Oui
1188	54,500	20	1,352	Oui
1189	55,000	20	1,329	Oui
1190	54,500	19	1,288	Oui
1191	54,000	19	1,310	Oui
1192	54,000	19	1,310	Oui
1193	54,000	19	1,310	Oui
1194	54,000	19	1,310	Oui
1195	53,500	19	1,333	Oui
1196	53,000	19	1,357	Oui
1197	53,000	19	1,357	Oui
1198	53,500	19	1,333	Oui
1199	53,500	19	1,333	Oui
1200	53,000	19	1,357	Oui
1201	53,500	19	1,331	Oui
1202	53,500	19	1,331	Oui
1203	54,000	19	1,307	Oui
1204	54,500	19	1,285	Oui
1205	54,000	19	1,310	Oui
1206	53,500	19	1,337	Oui
1207	53,000	18	1,293	Oui
1208	52,500	18	1,316	Oui
1209	52,000	18	1,344	Oui
1210	52,000	18	1,344	Oui
1211	51,500	18	1,373	Oui
1212	52,000	18	1,349	Oui
1213	52,000	18	1,344	Oui
1214	51,500	18	1,368	Oui
1215	51,500	18	1,364	Oui
1216	51,500	18	1,364	Oui
1217	52,000	18	1,336	Oui
1218	52,500	18	1,309	Oui
1219	52,500	19	1,385	Oui
1220	52,500	19	1,389	Oui
1221	52,500	19	1,389	Oui
1222	53,000	19	1,365	Oui
1223	53,500	19	1,337	Oui
1224	53,500	19	1,337	Oui
1225	53,500	19	1,337	Oui
1226	53,000	18	1,293	Oui
1227	52,500	18	1,316	Oui
1228	52,000	18	1,339	Oui
1229	52,000	18	1,339	Oui
1230	52,000	17	1,265	Oui
1231	52,000	17	1,262	Oui
1232	52,500	18	1,312	Oui
1233	52,500	18	1,309	Oui
1234	53,000	19	1,357	Oui
1235	53,000	19	1,357	Oui
1236	53,500	19	1,333	Oui
1237	54,000	19	1,307	Oui
1238	53,500	19	1,331	Oui
1239	53,500	19	1,331	Oui
1240	54,000	19	1,305	Oui
1241	53,500	19	1,331	Oui
1242	53,500	19	1,331	Oui
1243	53,000	18	1,286	Oui
1244	52,500	18	1,309	Oui
1245	52,500	18	1,312	Oui
1246	53,000	18	1,286	Oui
1247	52,500	17	1,239	Oui
1248	52,500	17	1,239	Oui
1249	53,000	17	1,214	Oui
1250	53,000	17	1,214	Oui
1251	53,000	17	1,217	Oui
1252	53,500	17	1,193	Oui
1253	53,500	17	1,193	Oui
1254	53,000	16	1,146	Oui
1255	53,000	16	1,143	Oui
1256	53,000	16	1,141	Oui
1257	53,500	17	1,190	Oui
1258	54,000	17	1,170	Oui
1259	54,000	17	1,170	Oui
1260	54,500	17	1,147	Oui
1261	54,500	17	1,147	Oui
1262	54,500	17	1,146	Oui
1263	54,500	18	1,213	Oui
1264	55,000	18	1,190	Oui
1265	55,000	18	1,190	Oui
1266	55,000	18	1,190	Oui
1267	55,000	18	1,190	Oui
1268	54,500	17	1,145	Oui
1269	54,500	17	1,145	Oui
1270	54,500	17	1,145	Oui
1271	54,500	17	1,145	Oui
1272	54,000	17	1,166	Oui
1273	54,500	17	1,145	Oui
1274	54,500	16	1,077	Oui
1275	54,000	16	1,098	Oui
1276	54,000	16	1,099	Oui
1277	54,500	17	1,146	Oui
1278	55,000	17	1,124	Oui
1279	54,500	17	1,145	Oui
1280	54,000	16	1,097	Oui
1281	54,000	16	1,097	Oui
1282	53,500	16	1,118	Oui
1283	53,500	15	1,049	Oui
1284	53,500	15	1,049	Oui
1285	54,000	15	1,030	Oui
1286	53,500	15	1,050	Oui
1287	53,500	15	1,050	Oui
1288	53,000	14	1,000	Oui
1289	52,500	14	1,018	Oui
1290	52,500	14	1,020	Oui
1291	53,000	14	1,003	Oui
1292	53,500	14	0,982	Oui
1293	54,000	15	1,034	Oui
1294	53,500	15	1,053	Oui
1295	53,500	15	1,053	Oui
1296	53,500	15	1,050	Oui
1297	53,000	15	1,071	Oui
1298	53,000	15	1,071	Oui
1299	53,000	15	1,071	Oui
1300	53,000	15	1,071	Oui
1301	53,500	16	1,123	Oui
1302	53,000	16	1,146	Oui
1303	53,500	16	1,123	Oui
1304	54,000	17	1,172	Oui
1305	54,500	17	1,153	Oui
1306	55,000	17	1,130	Oui
1307	54,500	17	1,149	Oui
1308	54,000	16	1,103	Oui
1309	54,000	16	1,103	Oui
1310	54,000	16	1,103	Oui
1311	54,000	16	1,103	Oui
1312	54,000	16	1,103	Oui
1313	54,000	16	1,107	Oui
1314	54,000	16	1,107	Oui
1315	53,500	16	1,126	Oui
1316	53,000	16	1,146	Oui
1317	53,000	16	1,146	Oui
1318	53,000	16	1,146	Oui
1319	53,000	16	1,146	Oui
1320	52,500	16	1,170	Oui
1321	53,000	16	1,149	Oui
1322	53,000	16	1,146	Oui
1323	53,000	16	1,146	Oui
1324	52,500	16	1,170	Oui
1325	52,000	16	1,194	Oui
1326	51,500	16	1,220	Oui
1327	51,500	16	1,220	Oui
1328	51,500	16	1,220	Oui
1329	51,500	16	1,226	Oui
1330	51,500	16	1,226	Oui
1331	51,500	16	1,226	Oui
1332	51,500	16	1,220	Oui
1333	51,000	16	1,248	Oui
1334	51,500	16	1,220	Oui
1335	51,500	16	1,226	Oui
1336	51,000	16	1,248	Oui
1337	51,000	16	1,254	Oui
1338	51,000	16	1,254	Oui
1339	51,500	16	1,233	Oui
1340	51,500	16	1,233	Oui
1341	51,500	16	1,233	Oui
1342	52,000	16	1,212	Oui
1343	52,500	16	1,192	Oui
1344	53,000	16	1,173	Oui
1345	53,000	16	1,173	Oui
1346	53,500	16	1,147	Oui
1347	53,500	16	1,147	Oui
1348	53,000	16	1,166	Oui
1349	52,500	16	1,185	Oui
1350	52,500	16	1,185	Oui
1351	52,000	15	1,136	Oui
1352	51,500	15	1,156	Oui
1353	51,500	15	1,156	Oui
1354	51,000	15	1,182	Oui
1355	51,500	15	1,163	Oui
1356	51,000	15	1,182	Oui
1357	51,500	15	1,163	Oui
1358	51,500	15	1,163	Oui
1359	51,500	15	1,163	Oui
1360	52,000	15	1,144	Oui
1361	51,500	15	1,171	Oui
1362	52,000	15	1,152	Oui
1363	52,000	14	1,075	Oui
1364	52,000	15	1,152	Oui
1365	52,000	15	1,152	Oui
1366	52,000	15	1,152	Oui
1367	52,500	15	1,125	Oui
1368	53,000	16	1,181	Oui
1369	53,000	16	1,181	Oui
1370	53,000	16	1,190	Oui
1371	53,000	15	1,116	Oui
1372	52,500	15	1,134	Oui
1373	52,500	15	1,134	Oui
1374	52,000	15	1,161	Oui
1375	52,000	15	1,161	Oui
1376	52,500	15	1,143	Oui
1377	52,000	14	1,094	Oui
1378	52,000	14	1,094	Oui
1379	51,500	14	1,122	Oui
1380	52,000	14	1,094	Oui
1381	51,500	14	1,111	Oui
1382	52,000	14	1,084	Oui
1383	51,500	14	1,101	Oui
1384	52,000	14	1,084	Oui
1385	52,500	14	1,058	Oui
1386	52,500	13	0,983	Oui
1387	52,500	14	1,058	Oui
1388	52,500	14	1,058	Oui
1389	52,000	14	1,075	Oui
1390	52,500	14	1,058	Oui
1391	52,500	14	1,058	Oui
1392	52,500	14	1,058	Oui
1393	53,000	14	1,034	Oui
1394	53,500	15	1,090	Oui
1395	54,000	15	1,065	Oui
1396	54,500	15	1,042	Oui
1397	54,500	16	1,111	Oui
1398	54,500	16	1,111	Oui
1399	54,500	16	1,111	Oui
1400	55,000	16	1,087	Oui
1401	55,000	17	1,162	Oui
1402	55,500	17	1,145	Oui
1403	55,500	17	1,137	Oui
1404	55,500	17	1,130	Oui
1405	56,000	17	1,107	Oui
1406	56,500	18	1,154	Oui
1407	56,500	18	1,154	Oui
1408	57,000	18	1,136	Oui
1409	57,000	18	1,136	Oui
1410	57,500	18	1,119	Oui
1411	58,000	18	1,103	Oui
1412	57,500	18	1,119	Oui
1413	57,000	18	1,143	Oui
1414	57,000	18	1,143	Oui
1415	56,500	18	1,168	Oui
1416	57,000	18	1,143	Oui
1417	57,000	18	1,143	Oui
1418	57,000	18	1,151	Oui
1419	56,500	18	1,168	Oui
1420	56,500	18	1,168	Oui
1421	56,500	18	1,168	Oui
1422	56,500	18	1,168	Oui
1423	56,000	18	1,194	Oui
1424	56,000	18	1,194	Oui
1425	56,000	18	1,194	Oui
1426	56,500	18	1,168	Oui
1427	56,500	18	1,168	Oui
1428	57,000	18	1,143	Oui
1429	57,000	18	1,136	Oui
1430	56,500	18	1,161	Oui
1431	56,000	17	1,120	Oui
1432	56,000	17	1,113	Oui
1433	55,500	16	1,070	Oui
1434	55,500	16	1,070	Oui
1435	55,500	16	1,070	Oui
1436	55,000	16	1,087	Oui
1437	54,500	16	1,111	Oui
1438	55,000	16	1,094	Oui
1439	55,000	16	1,094	Oui
1440	55,000	16	1,094	Oui
1441	55,500	17	1,145	Oui
1442	55,500	17	1,145	Oui
1443	55,500	17	1,145	Oui
1444	55,500	17	1,145	Oui
1445	55,000	17	1,162	Oui
1446	55,000	17	1,162	Oui
1447	55,500	17	1,137	Oui
1448	55,500	18	1,204	Oui
1449	55,000	18	1,231	Oui
1450	55,000	18	1,231	Oui
1451	55,000	18	1,231	Oui
1452	54,500	18	1,259	Oui
1453	54,500	18	1,259	Oui
1454	55,000	18	1,240	Oui
1455	55,000	18	1,250	Oui
1456	55,000	17	1,190	Oui
1457	54,500	17	1,208	Oui
1458	54,500	17	1,208	Oui
1459	54,500	17	1,198	Oui
1460	54,000	17	1,227	Oui
1461	54,000	17	1,227	Oui
1462	54,000	16	1,165	Oui
1463	54,000	16	1,165	Oui
1464	54,000	16	1,165	Oui
1465	53,500	16	1,194	Oui
1466	53,500	16	1,194	Oui
1467	53,500	16	1,207	Oui
1468	53,500	16	1,207	Oui
1469	53,000	15	1,161	Oui
1470	52,500	15	1,178	Oui
1471	52,500	15	1,178	Oui
1472	52,500	15	1,178	Oui
1473	52,500	15	1,192	Oui
1474	52,500	15	1,192	Oui
1475	53,000	16	1,253	Oui
1476	53,000	15	1,175	Oui
1477	52,500	15	1,192	Oui
1478	52,000	15	1,210	Oui
1479	52,000	15	1,210	Oui
1480	52,500	15	1,192	Oui
1481	52,500	15	1,178	Oui
1482	53,000	15	1,148	Oui
1483	52,500	15	1,166	Oui
1484	52,500	15	1,166	Oui
1485	52,500	15	1,154	Oui
1486	52,500	15	1,154	Oui
1487	52,500	15	1,154	Oui
1488	52,500	15	1,154	Oui
1489	53,000	15	1,126	Oui
1490	53,000	16	1,201	Oui
1491	53,000	16	1,190	Oui
1492	52,500	15	1,143	Oui
1493	52,000	15	1,161	Oui
1494	52,000	15	1,161	Oui
1495	52,000	15	1,161	Oui
1496	52,000	15	1,172	Oui
1497	52,000	15	1,172	Oui
1498	52,500	15	1,154	Oui
1499	52,500	15	1,154	Oui
1500	52,500	14	1,077	Oui
1501	52,500	14	1,067	Oui
1502	53,000	14	1,042	Oui
1503	52,500	13	0,991	Oui
1504	52,500	13	0,991	Oui
1505	52,000	13	1,007	Oui
1506	52,000	13	1,016	Oui
1507	52,000	13	1,016	Oui
1508	52,500	13	1,000	Oui
1509	52,000	13	1,016	Oui
1510	52,000	13	1,016	Oui
1511	52,000	13	1,016	Oui
1512	52,000	13	1,016	Oui
1513	52,000	13	1,007	Oui
1514	52,000	13	1,007	Oui
1515	52,500	13	0,991	Oui
1516	53,000	13	0,967	Oui
1517	53,000	13	0,967	Oui
1518	52,500	13	0,983	Oui
1519	53,000	13	0,960	Oui
1520	53,500	14	1,017	Oui
1521	53,000	14	1,034	Oui
1522	53,000	14	1,042	Oui
1523	53,500	14	1,017	Oui
1524	53,500	14	1,017	Oui
1525	54,000	14	1,002	Oui
1526	54,500	14	0,979	Oui
1527	55,000	14	0,957	Oui
1528	54,500	14	0,972	Oui
1529	54,500	14	0,966	Oui
1530	54,500	14	0,966	Oui
1531	54,500	14	0,966	Oui
1532	54,500	14	0,966	Oui
1533	55,000	15	1,019	Oui
1534	54,500	14	0,972	Oui
1535	54,500	14	0,972	Oui
1536	55,000	14	0,957	Oui
1537	55,000	14	0,957	Oui
1538	55,500	14	0,943	Oui
1539	55,000	14	0,957	Oui
1540	55,500	14	0,943	Oui
1541	55,500	14	0,943	Oui
1542	55,500	14	0,943	Oui
1543	55,500	14	0,943	Oui
1544	55,000	14	0,957	Oui
1545	55,500	14	0,936	Oui
1546	55,000	14	0,957	Oui
1547	55,500	14	0,943	Oui
1548	55,500	14	0,943	Oui
1549	56,000	14	0,922	Oui
1550	55,500	14	0,936	Oui
1551	56,000	14	0,922	Oui
1552	56,500	14	0,909	Oui
1553	56,000	14	0,929	Oui
1554	56,000	14	0,929	Oui
1555	55,500	14	0,943	Oui
1556	56,000	14	0,929	Oui
1557	56,000	14	0,929	Oui
1558	56,000	14	0,929	Oui
1559	56,000	14	0,922	Oui
1560	55,500	14	0,936	Oui
1561	55,500	14	0,936	Oui
1562	55,000	14	0,951	Oui
1563	55,000	13	0,883	Oui
1564	55,000	14	0,951	Oui
1565	55,500	14	0,936	Oui
1566	55,500	14	0,936	Oui
1567	55,500	13	0,875	Oui
1568	55,500	13	0,870	Oui
1569	55,000	13	0,883	Oui
1570	55,000	13	0,883	Oui
1571	55,000	13	0,889	Oui
1572	55,000	13	0,889	Oui
1573	55,000	13	0,889	Oui
1574	55,500	13	0,870	Oui
1575	56,000	14	0,922	Oui
1576	55,500	14	0,936	Oui
1577	56,000	14	0,917	Oui
1578	55,500	14	0,931	Oui
1579	55,500	14	0,931	Oui
1580	55,500	14	0,936	Oui
1581	56,000	14	0,922	Oui
1582	56,000	14	0,929	Oui
1583	56,000	14	0,929	Oui
1584	56,000	14	0,929	Oui
1585	56,000	14	0,936	Oui
1586	56,000	13	0,869	Oui
1587	55,500	13	0,882	Oui
1588	55,500	13	0,882	Oui
1589	55,500	13	0,882	Oui
1590	55,500	13	0,882	Oui
1591	56,000	13	0,869	Oui
1592	56,000	13	0,869	Oui
1593	55,500	12	0,821	Oui
1594	55,500	12	0,821	Oui
1595	55,000	12	0,840	Oui
1596	55,000	11	0,778	Oui
1597	55,000	11	0,778	Oui
1598	54,500	11	0,789	Oui
1599	54,500	11	0,789	Oui
1600	54,000	10	0,735	Oui
1601	54,000	10	0,728	Oui
1602	53,500	10	0,739	Oui
1603	53,000	10	0,758	Oui
1604	52,500	10	0,777	Oui
1605	52,000	9	0,718	Oui
1606	52,000	9	0,718	Oui
1607	52,500	9	0,707	Oui
1608	52,000	9	0,718	Oui
1609	52,500	9	0,699	Oui
1610	52,000	9	0,710	Oui
1611	51,500	9	0,721	Oui
1612	52,000	9	0,710	Oui
1613	52,500	9	0,699	Oui
1614	52,500	9	0,699	Oui
1615	53,000	9	0,689	Oui
1616	53,000	9	0,697	Oui
1617	52,500	8	0,636	Oui
1618	52,500	8	0,636	Oui
1619	52,500	8	0,636	Oui
1620	52,500	8	0,628	Oui
1621	52,500	8	0,628	Oui
1622	52,000	8	0,638	Oui
1623	52,500	8	0,628	Oui
1624	52,500	8	0,628	Oui
1625	52,500	8	0,628	Oui
1626	52,000	8	0,645	Oui
1627	52,000	8	0,645	Oui
1628	52,000	8	0,645	Oui
1629	51,500	8	0,663	Oui
1630	52,000	8	0,654	Oui
1631	52,000	8	0,654	Oui
1632	51,500	8	0,672	Oui
1633	52,000	8	0,654	Oui
1634	52,000	8	0,645	Oui
1635	51,500	8	0,655	Oui
1636	52,000	8	0,645	Oui
1637	52,000	8	0,645	Oui
1638	51,500	8	0,655	Oui
1639	52,000	8	0,638	Oui
1640	52,000	8	0,645	Oui
1641	52,000	8	0,645	Oui
1642	52,000	8	0,645	Oui
1643	52,500	8	0,636	Oui
1644	53,000	8	0,619	Oui
1645	53,000	8	0,619	Oui
1646	53,000	8	0,627	Oui
1647	52,500	7	0,564	Non
1648	52,500	7	0,564	Non
1649	53,000	7	0,548	Non
1650	53,500	8	0,618	Oui
1651	53,500	8	0,618	Oui
1652	54,000	8	0,609	Oui
1653	54,500	8	0,601	Oui
1654	54,000	8	0,609	Oui
1655	54,000	8	0,609	Oui
1656	53,500	8	0,618	Oui
1657	54,000	8	0,609	Oui
1658	53,500	8	0,618	Oui
1659	53,500	8	0,618	Oui
1660	53,500	8	0,618	Oui
1661	53,500	8	0,618	Oui
1662	53,000	8	0,627	Oui
1663	53,000	8	0,627	Oui
1664	53,000	8	0,627	Oui
1665	53,500	9	0,695	Oui
1666	54,000	9	0,685	Oui
1667	54,000	9	0,685	Oui
1668	54,500	9	0,667	Oui
1669	54,500	9	0,667	Oui
1670	55,000	9	0,658	Oui
1671	54,500	9	0,667	Oui
1672	55,000	9	0,650	Oui
1673	54,500	9	0,659	Oui
1674	54,500	8	0,593	Non
1675	54,500	8	0,593	Non
1676	54,500	8	0,601	Oui
1677	54,500	8	0,601	Oui
1678	55,000	8	0,585	Non
1679	55,000	8	0,585	Non
1680	55,000	8	0,585	Non
1681	55,000	8	0,585	Non
1682	54,500	8	0,601	Oui
1683	55,000	8	0,592	Non
1684	54,500	8	0,601	Oui
1685	54,500	8	0,609	Oui
1686	55,000	8	0,592	Non
1687	55,000	8	0,592	Non
1688	55,000	8	0,592	Non
1689	55,000	7	0,518	Non
1690	54,500	7	0,526	Non
1691	54,500	7	0,533	Non
1692	55,000	7	0,518	Non
1693	55,000	7	0,518	Non
1694	55,000	7	0,518	Non
1695	55,000	7	0,518	Non
1696	55,000	7	0,512	Non
1697	55,000	7	0,512	Non
1698	55,000	7	0,512	Non
1699	55,000	7	0,512	Non
1700	54,500	7	0,526	Non
1701	54,000	7	0,540	Non
1702	53,500	7	0,556	Non
1703	53,500	7	0,556	Non
1704	53,500	7	0,556	Non
1705	53,500	7	0,556	Non
1706	53,000	7	0,563	Non
1707	53,000	7	0,563	Non
1708	52,500	7	0,571	Non
1709	53,000	7	0,563	Non
1710	53,000	7	0,563	Non
1711	53,500	7	0,548	Non
1712	53,500	7	0,548	Non
1713	53,500	7	0,556	Non
1714	53,500	7	0,556	Non
1715	53,000	7	0,563	Non
1716	52,500	7	0,580	Non
1717	53,000	7	0,572	Non
1718	53,500	7	0,564	Non
1719	53,500	6	0,491	Non
1720	53,000	6	0,498	Non
1721	53,000	6	0,498	Non
1722	53,000	6	0,498	Non
1723	53,000	6	0,507	Non
1724	53,000	6	0,507	Non
1725	53,000	6	0,507	Non
1726	52,500	6	0,523	Non
1727	52,500	6	0,533	Non
1728	52,500	6	0,533	Non
1729	52,000	6	0,552	Non
1730	52,000	6	0,552	Non
1731	52,500	6	0,544	Non
1732	52,000	5	0,470	Non
1733	52,000	5	0,460	Non
1734	52,500	6	0,544	Non
1735	52,500	6	0,533	Non
1736	52,500	7	0,622	Oui
1737	52,500	7	0,622	Oui
1738	52,500	7	0,610	Oui
1739	53,000	8	0,688	Oui
1740	52,500	8	0,697	Oui
1741	52,500	8	0,697	Oui
1742	52,000	8	0,707	Oui
1743	51,500	8	0,717	Oui
1744	51,500	8	0,717	Oui
1745	51,500	8	0,717	Oui
1746	52,000	9	0,795	Oui
1747	52,000	9	0,781	Oui
1748	52,500	9	0,758	Oui
1749	52,500	10	0,856	Oui
1750	53,000	10	0,845	Oui
1751	53,000	10	0,830	Oui
1752	53,000	11	0,913	Oui
1753	53,000	11	0,913	Oui
1754	53,000	11	0,913	Oui
1755	53,500	11	0,901	Oui
1756	53,000	11	0,913	Oui
1757	52,500	11	0,926	Oui
1758	52,500	11	0,926	Oui
1759	52,000	11	0,955	Oui
1760	52,500	11	0,942	Oui
1761	52,500	11	0,942	Oui
1762	53,000	11	0,913	Oui
1763	53,000	11	0,929	Oui
1764	53,000	11	0,913	Oui
1765	53,000	12	0,996	Oui
1766	53,000	12	0,996	Oui
1767	53,000	12	0,980	Oui
1768	53,000	12	0,980	Oui
1769	53,500	12	0,952	Oui
1770	53,500	13	1,032	Oui
1771	53,500	13	1,032	Oui
1772	54,000	13	1,003	Oui
1773	53,500	13	1,017	Oui
1774	53,500	12	0,952	Oui
1775	53,500	12	0,939	Oui
1776	54,000	12	0,914	Oui
1777	54,000	12	0,914	Oui
1778	54,500	13	0,976	Oui
1779	54,500	13	0,976	Oui
1780	54,500	13	0,964	Oui
1781	54,500	13	0,952	Oui
1782	54,500	14	1,026	Oui
1783	55,000	14	1,011	Oui
1784	54,500	14	1,026	Oui
1785	54,500	14	1,026	Oui
1786	54,500	14	1,026	Oui
1787	55,000	15	1,083	Oui
1788	55,000	15	1,083	Oui
1789	55,500	15	1,056	Oui
1790	55,500	16	1,127	Oui
1791	55,500	16	1,127	Oui
1792	56,000	16	1,099	Oui
1793	56,500	16	1,073	Oui
1794	56,000	16	1,088	Oui
1795	56,000	16	1,088	Oui
1796	56,000	16	1,079	Oui
1797	55,500	16	1,094	Oui
1798	55,500	16	1,094	Oui
1799	56,000	16	1,070	Oui
1800	56,000	16	1,070	Oui
1801	56,000	16	1,070	Oui
1802	56,000	16	1,070	Oui
1803	56,500	16	1,054	Oui
1804	57,000	16	1,031	Oui
1805	57,500	16	1,008	Oui
1806	57,000	16	1,023	Oui
1807	57,000	16	1,023	Oui
1808	57,000	16	1,023	Oui
1809	56,500	16	1,046	Oui
1810	56,500	16	1,046	Oui
1811	57,000	16	1,031	Oui
1812	56,500	16	1,046	Oui
1813	56,500	16	1,046	Oui
1814	56,500	16	1,046	Oui
1815	56,000	16	1,061	Oui
1816	55,500	16	1,077	Oui
1817	55,500	16	1,077	Oui
1818	55,500	16	1,077	Oui
1819	55,500	16	1,077	Oui
1820	55,000	16	1,102	Oui
1821	55,000	16	1,102	Oui
1822	55,000	16	1,102	Oui
1823	54,500	16	1,119	Oui
1824	55,000	16	1,102	Oui
1825	55,000	16	1,102	Oui
1826	55,500	16	1,085	Oui
1827	55,500	16	1,085	Oui
1828	55,500	16	1,094	Oui
1829	56,000	16	1,079	Oui
1830	56,000	16	1,079	Oui
1831	56,000	16	1,079	Oui
1832	56,000	16	1,079	Oui
1833	56,000	16	1,079	Oui
1834	56,000	16	1,079	Oui
1835	56,000	16	1,079	Oui
1836	55,500	16	1,094	Oui
1837	56,000	16	1,079	Oui
1838	56,500	16	1,063	Oui
1839	56,000	15	1,020	Oui
1840	55,500	15	1,035	Oui
1841	55,500	15	1,026	Oui
1842	56,000	16	1,079	Oui
1843	56,000	16	1,070	Oui
1844	56,000	16	1,070	Oui
1845	56,000	16	1,070	Oui
1846	56,000	16	1,061	Oui
1847	56,000	16	1,061	Oui
1848	55,500	16	1,077	Oui
1849	55,000	15	1,033	Oui
1850	55,000	15	1,033	Oui
1851	54,500	15	1,049	Oui
1852	54,000	15	1,065	Oui
1853	54,000	15	1,065	Oui
1854	54,000	15	1,065	Oui
1855	54,000	15	1,058	Oui
1856	54,000	15	1,058	Oui
1857	53,500	15	1,075	Oui
1858	54,000	15	1,052	Oui
1859	54,000	16	1,129	Oui
1860	54,000	16	1,129	Oui
1861	54,000	16	1,129	Oui
1862	54,500	16	1,111	Oui
1863	54,500	16	1,111	Oui
1864	54,500	15	1,042	Oui
1865	54,000	15	1,058	Oui
1866	54,000	15	1,058	Oui
1867	53,500	15	1,075	Oui
1868	53,500	15	1,082	Oui
1869	54,000	15	1,065	Oui
1870	53,500	15	1,082	Oui
1871	53,500	15	1,082	Oui
1872	53,000	15	1,107	Oui
1873	53,500	15	1,082	Oui
1874	53,000	15	1,100	Oui
1875	53,000	15	1,100	Oui
1876	53,000	15	1,100	Oui
1877	53,000	15	1,100	Oui
1878	53,000	15	1,100	Oui
1879	53,500	15	1,075	Oui
1880	53,000	15	1,093	Oui
1881	52,500	15	1,118	Oui
1882	52,500	15	1,118	Oui
1883	52,500	15	1,118	Oui
1884	52,500	15	1,118	Oui
1885	52,000	15	1,136	Oui
1886	51,500	15	1,163	Oui
1887	52,000	15	1,144	Oui
1888	52,000	15	1,144	Oui
1889	52,000	15	1,152	Oui
1890	52,500	15	1,134	Oui
1891	52,500	15	1,125	Oui
1892	52,000	15	1,152	Oui
1893	52,500	15	1,134	Oui
1894	52,500	15	1,134	Oui
1895	53,000	15	1,107	Oui
1896	53,000	16	1,190	Oui
1897	53,500	16	1,172	Oui
1898	53,500	16	1,163	Oui
1899	54,000	17	1,216	Oui
1900	54,500	17	1,189	Oui
1901	54,500	17	1,189	Oui
1902	54,500	17	1,189	Oui
1903	55,000	17	1,171	Oui
1904	54,500	17	1,189	Oui
1905	55,000	17	1,171	Oui
1906	55,000	17	1,171	Oui
1907	55,500	17	1,145	Oui
1908	56,000	18	1,194	Oui
1909	55,500	18	1,212	Oui
1910	56,000	18	1,186	Oui
1911	55,500	18	1,212	Oui
1912	55,500	18	1,212	Oui
1913	55,500	18	1,204	Oui
1914	56,000	19	1,252	Oui
1915	56,000	19	1,252	Oui
1916	56,500	19	1,233	Oui
1917	56,500	19	1,225	Oui
1918	56,500	20	1,289	Oui
1919	56,000	20	1,309	Oui
1920	56,500	20	1,282	Oui
1921	56,500	20	1,282	Oui
1922	56,500	20	1,282	Oui
1923	56,000	20	1,302	Oui
1924	56,500	20	1,276	Oui
1925	56,500	20	1,270	Oui
1926	57,000	20	1,245	Oui
1927	56,500	20	1,265	Oui
1928	57,000	20	1,245	Oui
1929	57,500	20	1,221	Oui
1930	58,000	21	1,262	Oui
1931	58,000	21	1,262	Oui
1932	58,500	21	1,243	Oui
1933	58,500	20	1,183	Oui
1934	58,500	21	1,243	Oui
1935	58,000	20	1,207	Oui
1936	57,500	20	1,225	Oui
1937	57,500	20	1,221	Oui
1938	57,000	19	1,183	Oui
1939	56,500	19	1,202	Oui
1940	57,000	19	1,183	Oui
1941	57,000	19	1,179	Oui
1942	57,500	20	1,221	Oui
1943	57,500	20	1,221	Oui
1944	58,000	20	1,198	Oui
1945	58,000	20	1,202	Oui
1946	58,000	20	1,198	Oui
1947	58,000	21	1,262	Oui
1948	57,500	20	1,225	Oui
1949	57,000	20	1,245	Oui
1950	56,500	20	1,265	Oui
1951	56,000	19	1,226	Oui
1952	56,000	19	1,221	Oui
1953	56,500	20	1,265	Oui
1954	57,000	20	1,245	Oui
1955	56,500	20	1,265	Oui
1956	57,000	20	1,245	Oui
1957	57,500	20	1,221	Oui
1958	57,500	20	1,221	Oui
1959	58,000	20	1,202	Oui
1960	57,500	20	1,221	Oui
1961	58,000	20	1,198	Oui
1962	58,000	20	1,202	Oui
1963	58,000	20	1,198	Oui
1964	58,000	19	1,138	Oui
1965	58,000	19	1,135	Oui
1966	58,000	19	1,135	Oui
1967	57,500	19	1,156	Oui
1968	57,500	19	1,160	Oui
1969	57,000	18	1,120	Oui
1970	57,000	18	1,120	Oui
1971	57,000	18	1,120	Oui
1972	57,000	18	1,120	Oui
1973	57,500	18	1,099	Oui
1974	57,500	18	1,096	Oui
1975	57,000	18	1,117	Oui
1976	57,000	18	1,117	Oui
1977	57,000	18	1,120	Oui
1978	57,000	18	1,117	Oui
1979	57,000	18	1,117	Oui
1980	57,000	18	1,117	Oui
1981	57,000	18	1,120	Oui
1982	56,500	18	1,139	Oui
1983	56,000	18	1,157	Oui
1984	56,000	18	1,157	Oui
1985	55,500	18	1,176	Oui
1986	55,500	17	1,115	Oui
1987	55,500	17	1,111	Oui
1988	56,000	18	1,157	Oui
1989	55,500	17	1,115	Oui
1990	55,500	17	1,115	Oui
1991	55,000	17	1,133	Oui
1992	55,000	17	1,133	Oui
1993	55,000	18	1,204	Oui
1994	55,500	18	1,185	Oui
1995	56,000	18	1,161	Oui
1996	56,000	19	1,231	Oui
1997	56,500	19	1,212	Oui
1998	57,000	19	1,193	Oui
1999	57,000	19	1,199	Oui
2000	57,500	19	1,175	Oui
2001	57,000	19	1,199	Oui
2002	57,000	19	1,199	Oui
2003	56,500	19	1,218	Oui
2004	56,500	19	1,225	Oui
2005	56,000	19	1,252	Oui
2006	56,500	19	1,225	Oui
2007	56,000	19	1,244	Oui
2008	56,000	19	1,244	Oui
2009	56,500	19	1,225	Oui
2010	57,000	19	1,207	Oui
2011	57,000	19	1,199	Oui
2012	57,500	20	1,244	Oui
2013	57,500	20	1,237	Oui
2014	58,000	20	1,212	Oui
2015	58,500	20	1,188	Oui
2016	58,500	20	1,188	Oui
2017	58,500	20	1,188	Oui
2018	58,500	20	1,183	Oui
2019	59,000	20	1,161	Oui
2020	59,000	20	1,161	Oui
2021	59,000	20	1,161	Oui
2022	59,500	20	1,144	Oui
2023	59,500	20	1,144	Oui
2024	59,500	20	1,140	Oui
2025	59,500	20	1,140	Oui
2026	59,500	20	1,136	Oui
2027	59,500	20	1,136	Oui
2028	59,000	20	1,154	Oui
2029	58,500	20	1,173	Oui
2030	58,500	20	1,171	Oui
2031	58,500	20	1,171	Oui
2032	59,000	20	1,152	Oui
2033	58,500	20	1,173	Oui
2034	58,000	20	1,195	Oui
2035	58,500	20	1,176	Oui
2036	59,000	20	1,154	Oui
2037	58,500	20	1,173	Oui
2038	58,000	20	1,192	Oui
2039	58,500	20	1,171	Oui
2040	58,500	20	1,171	Oui
2041	58,000	19	1,133	Oui
2042	58,000	19	1,131	Oui
2043	58,000	20	1,192	Oui
2044	58,000	20	1,192	Oui
2045	58,500	21	1,232	Oui
2046	58,500	21	1,232	Oui
2047	58,500	21	1,232	Oui
2048	58,500	21	1,232	Oui
2049	59,000	21	1,212	Oui
2050	59,000	21	1,212	Oui
2051	59,500	21	1,193	Oui
2052	59,500	21	1,193	Oui
2053	59,500	21	1,190	Oui
2054	60,000	22	1,228	Oui
2055	60,000	22	1,231	Oui
2056	60,000	22	1,231	Oui
2057	60,500	22	1,209	Oui
2058	60,500	21	1,154	Oui
2059	60,000	21	1,172	Oui
2060	60,000	21	1,172	Oui
2061	60,500	21	1,154	Oui
2062	60,500	21	1,154	Oui
2063	60,500	21	1,154	Oui
2064	60,000	21	1,175	Oui
2065	60,000	21	1,175	Oui
2066	59,500	21	1,193	Oui
2067	60,000	21	1,172	Oui
2068	60,000	21	1,170	Oui
2069	59,500	21	1,188	Oui
2070	59,500	21	1,188	Oui
2071	59,500	21	1,188	Oui
2072	59,500	21	1,188	Oui
2073	59,500	21	1,188	Oui
2074	59,500	21	1,188	Oui
2075	59,000	21	1,208	Oui
2076	59,000	21	1,208	Oui
2077	59,000	21	1,208	Oui
2078	58,500	21	1,230	Oui
2079	58,500	21	1,230	Oui
2080	59,000	21	1,208	Oui
2081	59,000	21	1,208	Oui
2082	59,000	21	1,208	Oui
2083	59,000	21	1,208	Oui
2084	59,000	21	1,208	Oui
2085	59,000	21	1,208	Oui
2086	59,000	21	1,208	Oui
2087	58,500	21	1,228	Oui
2088	59,000	21	1,208	Oui
2089	59,000	21	1,208	Oui
2090	58,500	21	1,228	Oui
2091	58,000	21	1,250	Oui
2092	58,000	21	1,250	Oui
2093	58,000	21	1,249	Oui
2094	58,000	21	1,249	Oui
2095	57,500	20	1,211	Oui
2096	57,000	20	1,232	Oui
2097	57,000	20	1,231	Oui
2098	57,000	20	1,232	Oui
2099	57,000	20	1,232	Oui
2100	57,000	20	1,233	Oui
2101	57,000	20	1,233	Oui
2102	57,500	20	1,211	Oui
2103	57,500	21	1,271	Oui
2104	57,500	21	1,271	Oui
2105	57,500	21	1,271	Oui
2106	58,000	21	1,249	Oui
2107	57,500	20	1,211	Oui
2108	57,500	20	1,210	Oui
2109	57,500	20	1,210	Oui
2110	57,000	20	1,232	Oui
2111	57,500	20	1,211	Oui
2112	58,000	20	1,189	Oui
2113	57,500	19	1,150	Oui
2114	57,000	19	1,170	Oui
2115	57,500	19	1,149	Oui
2116	57,500	20	1,210	Oui
2117	57,500	19	1,150	Oui
2118	57,000	19	1,170	Oui
2119	57,000	19	1,170	Oui
2120	57,000	19	1,171	Oui
2121	57,500	19	1,152	Oui
2122	57,500	19	1,150	Oui
2123	57,500	19	1,150	Oui
2124	57,000	19	1,171	Oui
2125	56,500	19	1,193	Oui
2126	56,500	19	1,193	Oui
2127	57,000	20	1,235	Oui
2128	56,500	20	1,255	Oui
2129	56,500	19	1,193	Oui
2130	56,500	19	1,191	Oui
2131	56,500	19	1,190	Oui
2132	56,500	19	1,190	Oui
2133	56,500	18	1,128	Oui
2134	56,500	18	1,129	Oui
2135	56,500	18	1,129	Oui
2136	57,000	18	1,108	Oui
2137	57,000	18	1,108	Oui
2138	57,000	18	1,108	Oui
2139	57,000	18	1,108	Oui
2140	57,000	18	1,108	Oui
2141	56,500	17	1,065	Oui
2142	56,000	17	1,085	Oui
2143	56,000	17	1,085	Oui
2144	55,500	16	1,039	Oui
2145	55,000	16	1,058	Oui
2146	54,500	15	1,010	Oui
2147	54,500	15	1,011	Oui
2148	55,000	15	0,993	Oui
2149	55,000	15	0,993	Oui
2150	55,000	15	0,993	Oui
2151	55,000	15	0,993	Oui
2152	55,000	14	0,926	Oui
2153	54,500	14	0,943	Oui
2154	54,000	14	0,962	Oui
2155	54,500	14	0,943	Oui
2156	54,500	14	0,943	Oui
2157	54,500	14	0,943	Oui
2158	55,000	14	0,927	Oui
2159	55,000	14	0,928	Oui
2160	55,000	14	0,928	Oui
2161	55,000	13	0,861	Oui
2162	55,000	13	0,862	Oui
2163	54,500	13	0,877	Oui
2164	54,500	13	0,877	Oui
2165	54,000	13	0,893	Oui
2166	54,000	13	0,893	Oui
2167	54,500	13	0,877	Oui
2168	54,000	13	0,894	Oui
2169	54,500	13	0,879	Oui
2170	54,000	13	0,897	Oui
2171	54,000	13	0,899	Oui
