	C+G(%)	CpG(%)	G	C	T	A
 sequence entiere	53,966	5,823	732	547	493	598

1	58,000	14	0,892	Oui
2	58,000	14	0,892	Oui
3	58,000	14	0,884	Oui
4	58,000	14	0,876	Oui
5	57,500	14	0,889	Oui
6	57,500	14	0,889	Oui
7	57,500	14	0,889	Oui
8	58,000	14	0,870	Oui
9	57,500	14	0,882	Oui
10	58,000	14	0,870	Oui
11	58,000	14	0,870	Oui
12	58,000	14	0,870	Oui
13	57,500	13	0,825	Oui
14	57,500	13	0,819	Oui
15	57,000	13	0,831	Oui
16	57,500	13	0,819	Oui
17	57,000	12	0,773	Oui
18	57,000	12	0,773	Oui
19	56,500	12	0,784	Oui
20	56,500	12	0,779	Oui
21	56,500	12	0,779	Oui
22	56,500	12	0,774	Oui
23	57,000	13	0,826	Oui
24	57,000	13	0,826	Oui
25	57,500	13	0,808	Oui
26	58,000	13	0,792	Oui
27	58,500	13	0,776	Oui
28	58,000	12	0,731	Oui
29	58,000	12	0,731	Oui
30	57,500	11	0,684	Oui
31	57,500	11	0,680	Oui
32	57,500	11	0,680	Oui
33	57,500	11	0,677	Oui
34	57,500	11	0,674	Oui
35	57,000	11	0,685	Oui
36	57,000	11	0,685	Oui
37	57,500	11	0,672	Oui
38	58,000	12	0,721	Oui
39	58,000	12	0,724	Oui
40	58,500	12	0,713	Oui
41	58,000	12	0,724	Oui
42	58,000	12	0,727	Oui
43	58,000	12	0,731	Oui
44	58,000	12	0,731	Oui
45	58,000	12	0,731	Oui
46	58,000	12	0,735	Oui
47	58,500	12	0,720	Oui
48	58,000	12	0,731	Oui
49	58,000	12	0,731	Oui
50	58,000	12	0,731	Oui
51	58,000	12	0,731	Oui
52	58,000	12	0,731	Oui
53	58,000	12	0,731	Oui
54	58,000	12	0,731	Oui
55	57,500	12	0,742	Oui
56	57,500	12	0,742	Oui
57	57,500	12	0,742	Oui
58	57,500	12	0,742	Oui
59	57,500	12	0,742	Oui
60	57,000	11	0,694	Oui
61	57,000	11	0,691	Oui
62	57,000	11	0,688	Oui
63	57,000	12	0,754	Oui
64	57,000	11	0,691	Oui
65	56,500	11	0,702	Oui
66	56,000	11	0,713	Oui
67	56,000	11	0,713	Oui
68	56,500	11	0,702	Oui
69	57,000	11	0,691	Oui
70	57,000	10	0,631	Oui
71	57,000	10	0,628	Oui
72	57,000	11	0,691	Oui
73	56,500	11	0,705	Oui
74	56,000	10	0,655	Oui
75	55,500	10	0,665	Oui
76	55,500	10	0,669	Oui
77	56,000	10	0,655	Oui
78	56,500	10	0,641	Oui
79	56,500	10	0,641	Oui
80	57,000	10	0,631	Oui
81	57,000	10	0,631	Oui
82	57,000	10	0,631	Oui
83	57,000	11	0,699	Oui
84	57,000	11	0,703	Oui
85	56,500	11	0,719	Oui
86	57,000	11	0,709	Oui
87	57,500	11	0,693	Oui
88	57,500	11	0,693	Oui
89	57,500	11	0,693	Oui
90	57,500	11	0,688	Oui
91	57,500	12	0,756	Oui
92	57,500	11	0,693	Oui
93	57,500	11	0,688	Oui
94	58,000	12	0,740	Oui
95	58,000	12	0,735	Oui
96	58,500	13	0,785	Oui
97	58,000	13	0,797	Oui
98	58,000	13	0,797	Oui
99	58,000	13	0,797	Oui
100	58,000	13	0,797	Oui
101	58,500	13	0,785	Oui
102	59,000	13	0,774	Oui
103	59,000	13	0,774	Oui
104	59,000	13	0,774	Oui
105	59,000	13	0,774	Oui
106	59,000	13	0,774	Oui
107	59,000	13	0,774	Oui
108	59,500	13	0,763	Oui
109	60,000	13	0,752	Oui
110	60,500	13	0,737	Oui
111	60,500	12	0,680	Oui
112	60,000	12	0,690	Oui
113	60,000	12	0,690	Oui
114	59,500	12	0,704	Oui
115	60,000	12	0,694	Oui
116	60,000	12	0,694	Oui
117	60,500	12	0,685	Oui
118	60,500	12	0,680	Oui
119	60,000	12	0,690	Oui
120	60,500	12	0,680	Oui
121	60,500	12	0,680	Oui
122	60,000	12	0,690	Oui
123	60,000	12	0,690	Oui
124	59,500	12	0,700	Oui
125	59,500	12	0,700	Oui
126	59,500	12	0,700	Oui
127	59,000	11	0,655	Oui
128	59,000	11	0,651	Oui
129	58,500	10	0,604	Oui
130	58,000	10	0,613	Oui
131	58,000	10	0,613	Oui
132	57,500	10	0,626	Oui
133	58,000	10	0,613	Oui
134	57,500	10	0,622	Oui
135	58,000	10	0,609	Oui
136	58,000	10	0,609	Oui
137	58,000	10	0,609	Oui
138	58,500	10	0,600	Oui
139	58,500	10	0,600	Oui
140	58,000	10	0,613	Oui
141	58,000	10	0,613	Oui
142	58,500	10	0,604	Oui
143	58,000	10	0,613	Oui
144	58,000	10	0,613	Oui
145	58,500	10	0,604	Oui
146	58,000	10	0,613	Oui
147	58,000	10	0,609	Oui
148	58,000	10	0,609	Oui
149	57,500	10	0,618	Oui
150	57,500	10	0,618	Oui
151	57,000	10	0,628	Oui
152	57,000	10	0,625	Oui
153	57,500	11	0,677	Oui
154	58,000	11	0,667	Oui
155	58,000	11	0,667	Oui
156	58,000	11	0,667	Oui
157	58,000	11	0,664	Oui
158	57,500	11	0,674	Oui
159	57,000	11	0,688	Oui
160	57,000	11	0,691	Oui
161	56,500	11	0,705	Oui
162	57,000	11	0,694	Oui
163	57,000	11	0,699	Oui
164	56,500	11	0,714	Oui
165	56,500	11	0,714	Oui
166	56,500	11	0,714	Oui
167	56,000	11	0,725	Oui
168	55,500	11	0,736	Oui
169	55,500	10	0,673	Oui
170	55,500	10	0,669	Oui
171	56,000	10	0,655	Oui
172	55,500	9	0,602	Oui
173	55,500	9	0,598	Non
174	56,000	10	0,655	Oui
175	56,500	10	0,645	Oui
176	56,500	10	0,645	Oui
177	56,500	10	0,645	Oui
178	56,000	10	0,655	Oui
179	56,000	10	0,655	Oui
180	56,000	10	0,655	Oui
181	55,500	10	0,665	Oui
182	55,500	10	0,665	Oui
183	56,000	10	0,651	Oui
184	56,000	11	0,716	Oui
185	55,500	11	0,728	Oui
186	56,000	11	0,716	Oui
187	56,000	11	0,716	Oui
188	56,500	11	0,702	Oui
189	56,000	11	0,713	Oui
190	56,500	11	0,702	Oui
191	56,500	11	0,698	Oui
192	56,500	11	0,698	Oui
193	56,500	11	0,698	Oui
194	56,500	11	0,696	Oui
195	57,000	11	0,682	Oui
196	57,500	12	0,733	Oui
197	57,500	12	0,730	Oui
198	58,000	13	0,779	Oui
199	58,500	13	0,767	Oui
200	58,000	13	0,781	Oui
201	58,000	13	0,781	Oui
202	57,500	13	0,794	Oui
203	57,000	13	0,809	Oui
204	56,500	13	0,825	Oui
205	57,000	13	0,809	Oui
206	57,000	14	0,875	Oui
207	57,500	14	0,862	Oui
208	57,500	14	0,866	Oui
209	57,500	14	0,866	Oui
210	57,500	14	0,866	Oui
211	57,000	14	0,879	Oui
212	57,000	14	0,879	Oui
213	57,500	14	0,866	Oui
214	57,500	14	0,866	Oui
215	57,500	14	0,866	Oui
216	57,000	14	0,879	Oui
217	57,500	14	0,866	Oui
218	57,500	14	0,862	Oui
219	58,000	15	0,909	Oui
220	57,500	15	0,928	Oui
221	57,500	15	0,928	Oui
222	57,000	14	0,884	Oui
223	56,500	14	0,897	Oui
224	56,500	14	0,893	Oui
225	56,500	14	0,893	Oui
226	56,500	15	0,962	Oui
227	56,500	15	0,967	Oui
228	56,500	15	0,967	Oui
229	56,000	15	0,982	Oui
230	56,000	15	0,982	Oui
231	55,500	15	1,003	Oui
232	55,500	15	1,003	Oui
233	55,000	15	1,026	Oui
234	54,500	15	1,049	Oui
235	55,000	15	1,033	Oui
236	55,500	15	1,018	Oui
237	55,500	14	0,958	Oui
238	55,500	14	0,950	Oui
239	55,500	15	1,018	Oui
240	55,000	15	1,033	Oui
241	55,000	15	1,033	Oui
242	54,500	15	1,049	Oui
243	54,000	15	1,065	Oui
244	54,000	15	1,073	Oui
245	54,500	15	1,049	Oui
246	54,500	16	1,119	Oui
247	54,000	16	1,145	Oui
248	54,500	16	1,119	Oui
249	54,500	16	1,111	Oui
250	55,000	17	1,162	Oui
251	55,000	17	1,155	Oui
252	54,500	17	1,173	Oui
253	54,500	17	1,173	Oui
254	54,500	17	1,173	Oui
255	55,000	17	1,148	Oui
256	55,500	18	1,197	Oui
257	56,000	18	1,178	Oui
258	56,500	18	1,154	Oui
259	57,000	18	1,130	Oui
260	57,000	18	1,130	Oui
261	56,500	18	1,154	Oui
262	56,500	17	1,096	Oui
263	56,000	17	1,113	Oui
264	55,500	17	1,137	Oui
265	55,500	17	1,137	Oui
266	56,000	17	1,120	Oui
267	56,000	17	1,120	Oui
268	56,000	17	1,113	Oui
269	55,500	17	1,130	Oui
270	55,500	17	1,130	Oui
271	55,000	16	1,087	Oui
272	55,000	16	1,081	Oui
273	55,500	17	1,130	Oui
274	55,500	17	1,130	Oui
275	55,500	17	1,130	Oui
276	55,000	17	1,148	Oui
277	54,500	17	1,173	Oui
278	54,000	17	1,199	Oui
279	54,500	17	1,181	Oui
280	54,500	17	1,173	Oui
281	55,000	18	1,223	Oui
282	54,500	17	1,181	Oui
283	54,500	17	1,181	Oui
284	54,500	17	1,181	Oui
285	54,500	17	1,181	Oui
286	54,500	17	1,181	Oui
287	54,500	17	1,181	Oui
288	54,500	17	1,181	Oui
289	54,500	17	1,181	Oui
290	54,000	16	1,136	Oui
291	53,500	16	1,154	Oui
292	53,500	16	1,154	Oui
293	53,000	15	1,107	Oui
294	53,000	15	1,100	Oui
295	53,000	14	1,026	Oui
296	52,500	14	1,043	Oui
297	52,500	14	1,043	Oui
298	52,000	14	1,061	Oui
299	52,000	14	1,061	Oui
300	52,000	14	1,055	Oui
301	51,500	14	1,073	Oui
302	51,500	14	1,073	Oui
303	52,000	14	1,049	Oui
304	52,500	15	1,105	Oui
305	52,000	15	1,124	Oui
306	52,000	15	1,124	Oui
307	52,500	15	1,105	Oui
308	52,500	15	1,105	Oui
309	52,000	15	1,124	Oui
310	51,500	15	1,149	Oui
311	51,000	15	1,176	Oui
312	51,500	15	1,149	Oui
313	51,000	15	1,176	Oui
314	51,000	15	1,176	Oui
315	51,000	15	1,170	Oui
316	50,500	15	1,190	Oui
317	50,000	15	1,212	Oui
318	50,000	15	1,218	Oui
319	50,500	15	1,196	Oui
320	50,500	15	1,190	Oui
321	50,500	15	1,190	Oui
322	50,500	15	1,190	Oui
323	51,000	15	1,170	Oui
324	51,000	15	1,170	Oui
325	51,000	15	1,176	Oui
326	50,500	15	1,203	Oui
327	51,000	15	1,182	Oui
328	50,500	15	1,211	Oui
329	51,000	15	1,190	Oui
330	51,500	15	1,171	Oui
331	51,500	15	1,171	Oui
332	51,500	15	1,171	Oui
333	51,500	15	1,180	Oui
334	52,000	15	1,161	Oui
335	52,000	15	1,172	Oui
336	52,500	15	1,154	Oui
337	53,000	15	1,126	Oui
338	52,500	15	1,143	Oui
339	52,500	15	1,143	Oui
340	52,500	15	1,143	Oui
341	53,000	15	1,126	Oui
342	53,000	15	1,126	Oui
343	53,500	15	1,109	Oui
344	53,500	15	1,109	Oui
345	53,000	15	1,126	Oui
346	53,000	15	1,126	Oui
347	52,500	15	1,154	Oui
348	53,000	15	1,126	Oui
349	53,500	15	1,099	Oui
350	53,500	15	1,090	Oui
351	54,000	16	1,145	Oui
352	54,000	15	1,082	Oui
353	53,500	15	1,099	Oui
354	53,500	15	1,099	Oui
355	53,500	15	1,099	Oui
356	53,500	15	1,099	Oui
357	53,500	15	1,109	Oui
358	54,000	15	1,082	Oui
359	54,500	16	1,137	Oui
360	54,500	16	1,137	Oui
361	54,500	16	1,137	Oui
362	54,500	16	1,137	Oui
363	54,000	16	1,154	Oui
364	54,000	16	1,154	Oui
365	54,000	16	1,154	Oui
366	54,000	16	1,154	Oui
367	54,500	16	1,137	Oui
368	55,000	16	1,111	Oui
369	55,000	17	1,180	Oui
370	54,500	17	1,208	Oui
371	54,000	17	1,238	Oui
372	54,500	17	1,220	Oui
373	54,000	16	1,176	Oui
374	53,500	16	1,194	Oui
375	53,000	16	1,212	Oui
376	52,500	16	1,243	Oui
377	53,000	16	1,212	Oui
378	53,500	17	1,269	Oui
379	54,000	17	1,250	Oui
380	54,500	17	1,232	Oui
381	54,500	17	1,232	Oui
382	54,000	17	1,263	Oui
383	54,000	16	1,203	Oui
384	53,500	16	1,220	Oui
385	53,500	16	1,220	Oui
386	53,500	16	1,207	Oui
387	53,000	16	1,238	Oui
388	53,000	16	1,238	Oui
389	53,500	16	1,207	Oui
390	53,000	16	1,225	Oui
391	53,000	16	1,238	Oui
392	53,000	16	1,238	Oui
393	53,000	16	1,238	Oui
394	53,000	16	1,253	Oui
395	53,000	15	1,175	Oui
396	53,000	16	1,253	Oui
397	52,500	15	1,208	Oui
398	52,000	15	1,225	Oui
399	52,000	15	1,225	Oui
400	52,500	15	1,208	Oui
401	53,000	15	1,175	Oui
402	53,500	16	1,236	Oui
403	54,000	16	1,203	Oui
404	54,000	16	1,203	Oui
405	54,000	15	1,128	Oui
406	53,500	15	1,144	Oui
407	53,500	15	1,144	Oui
408	53,500	15	1,131	Oui
409	53,500	15	1,131	Oui
410	53,500	15	1,131	Oui
411	54,000	15	1,115	Oui
412	54,000	15	1,115	Oui
413	54,000	15	1,103	Oui
414	54,000	15	1,103	Oui
415	54,000	15	1,103	Oui
416	54,000	15	1,103	Oui
417	53,500	15	1,119	Oui
418	53,000	14	1,072	Oui
419	53,000	14	1,061	Oui
420	53,000	14	1,061	Oui
421	53,500	14	1,045	Oui
422	53,500	14	1,045	Oui
423	54,000	14	1,019	Oui
424	54,000	15	1,103	Oui
425	54,000	14	1,029	Oui
426	53,500	14	1,045	Oui
427	53,500	14	1,035	Oui
428	53,500	14	1,035	Oui
429	53,500	14	1,035	Oui
430	54,000	14	1,019	Oui
431	54,500	14	1,004	Oui
432	54,500	14	1,004	Oui
433	55,000	14	0,980	Oui
434	55,500	15	1,035	Oui
435	55,000	15	1,050	Oui
436	54,500	15	1,066	Oui
437	54,000	15	1,082	Oui
438	54,000	14	1,019	Oui
439	54,000	14	1,010	Oui
440	54,500	14	0,987	Oui
441	54,500	14	0,987	Oui
442	55,000	14	0,972	Oui
443	55,500	14	0,958	Oui
444	55,500	14	0,958	Oui
445	55,500	13	0,897	Oui
446	55,000	13	0,910	Oui
447	55,500	13	0,897	Oui
448	55,500	13	0,897	Oui
449	55,500	13	0,906	Oui
450	55,000	13	0,919	Oui
451	54,500	13	0,942	Oui
452	54,500	13	0,942	Oui
453	54,500	13	0,942	Oui
454	54,500	13	0,942	Oui
455	54,500	12	0,879	Oui
456	54,000	12	0,892	Oui
457	53,500	12	0,905	Oui
458	53,000	12	0,929	Oui
459	52,500	12	0,954	Oui
460	53,000	12	0,940	Oui
461	53,000	12	0,940	Oui
462	52,500	12	0,954	Oui
463	52,500	12	0,954	Oui
464	53,000	12	0,929	Oui
465	53,500	12	0,905	Oui
466	53,500	12	0,896	Oui
467	54,000	12	0,874	Oui
468	53,500	12	0,896	Oui
469	54,000	12	0,882	Oui
470	53,500	12	0,896	Oui
471	53,500	12	0,896	Oui
472	53,500	11	0,830	Oui
473	53,000	11	0,842	Oui
474	53,500	11	0,821	Oui
475	54,000	11	0,801	Oui
476	54,000	11	0,801	Oui
477	54,500	11	0,789	Oui
478	55,000	11	0,778	Oui
479	55,000	11	0,770	Oui
480	55,000	10	0,700	Oui
481	55,000	11	0,770	Oui
482	55,000	11	0,770	Oui
483	54,500	11	0,782	Oui
484	54,000	11	0,794	Oui
485	54,000	11	0,794	Oui
486	54,000	11	0,787	Oui
487	54,000	12	0,866	Oui
488	54,000	12	0,866	Oui
489	54,000	12	0,866	Oui
490	54,500	12	0,853	Oui
491	54,500	12	0,853	Oui
492	54,000	12	0,874	Oui
493	54,500	12	0,853	Oui
494	54,000	12	0,874	Oui
495	54,000	12	0,874	Oui
496	54,000	12	0,874	Oui
497	54,000	12	0,874	Oui
498	54,500	12	0,861	Oui
499	55,000	12	0,848	Oui
500	54,500	12	0,870	Oui
501	55,000	12	0,857	Oui
502	54,500	12	0,870	Oui
503	54,500	11	0,797	Oui
504	54,500	12	0,870	Oui
505	55,000	12	0,857	Oui
506	55,500	12	0,845	Oui
507	55,500	12	0,845	Oui
508	55,500	12	0,845	Oui
509	55,500	12	0,845	Oui
510	55,500	12	0,845	Oui
511	55,500	12	0,845	Oui
512	55,500	12	0,845	Oui
513	56,000	13	0,903	Oui
514	56,000	13	0,903	Oui
515	56,000	13	0,903	Oui
516	56,500	13	0,881	Oui
517	57,000	13	0,860	Oui
518	57,000	13	0,852	Oui
519	57,000	13	0,844	Oui
520	56,500	13	0,864	Oui
521	57,000	13	0,844	Oui
522	57,500	14	0,896	Oui
523	57,500	14	0,896	Oui
524	57,500	14	0,896	Oui
525	57,500	14	0,896	Oui
526	57,500	14	0,896	Oui
527	57,500	14	0,889	Oui
528	58,000	15	0,939	Oui
529	57,500	15	0,952	Oui
530	57,000	15	0,966	Oui
531	57,500	15	0,952	Oui
532	58,000	15	0,932	Oui
533	57,500	15	0,945	Oui
534	57,000	15	0,959	Oui
535	56,500	15	0,973	Oui
536	56,500	15	0,967	Oui
537	56,500	16	1,038	Oui
538	57,000	16	1,016	Oui
539	57,000	17	1,080	Oui
540	57,000	17	1,080	Oui
541	56,500	17	1,096	Oui
542	56,000	17	1,113	Oui
543	55,500	17	1,130	Oui
544	56,000	17	1,113	Oui
545	56,000	17	1,113	Oui
546	56,500	17	1,096	Oui
547	56,500	17	1,096	Oui
548	56,000	17	1,120	Oui
549	56,000	17	1,120	Oui
550	56,000	16	1,054	Oui
551	56,000	17	1,120	Oui
552	56,000	17	1,113	Oui
553	56,500	17	1,090	Oui
554	56,000	17	1,107	Oui
555	56,500	17	1,090	Oui
556	57,000	17	1,073	Oui
557	57,000	17	1,073	Oui
558	57,000	16	1,016	Oui
559	56,500	16	1,032	Oui
560	56,500	16	1,032	Oui
561	56,500	16	1,032	Oui
562	56,000	16	1,047	Oui
563	56,500	16	1,026	Oui
564	57,000	17	1,073	Oui
565	57,500	17	1,051	Oui
566	57,500	17	1,051	Oui
567	57,500	17	1,046	Oui
568	57,500	17	1,051	Oui
569	57,500	17	1,046	Oui
570	57,500	17	1,046	Oui
571	57,500	17	1,046	Oui
572	57,500	17	1,046	Oui
573	57,500	17	1,046	Oui
574	58,000	17	1,030	Oui
575	58,000	17	1,030	Oui
576	58,500	17	1,015	Oui
577	58,000	16	0,975	Oui
578	57,500	16	0,989	Oui
579	57,000	16	1,005	Oui
580	57,000	16	1,000	Oui
581	57,000	16	1,000	Oui
582	57,500	16	0,980	Oui
583	57,000	16	0,996	Oui
584	57,500	16	0,980	Oui
585	57,500	16	0,980	Oui
586	57,500	16	0,985	Oui
587	58,000	16	0,970	Oui
588	57,500	16	0,989	Oui
589	57,000	16	1,010	Oui
590	57,000	16	1,010	Oui
591	56,500	16	1,026	Oui
592	57,000	16	1,010	Oui
593	56,500	16	1,026	Oui
594	56,500	16	1,020	Oui
595	56,500	16	1,026	Oui
596	56,500	16	1,026	Oui
597	57,000	16	1,010	Oui
598	57,500	16	0,995	Oui
599	57,500	16	0,995	Oui
600	57,500	16	0,989	Oui
601	57,500	15	0,928	Oui
602	57,500	15	0,923	Oui
603	57,500	16	0,989	Oui
604	58,000	16	0,970	Oui
605	57,500	16	0,989	Oui
606	58,000	16	0,970	Oui
607	57,500	16	0,985	Oui
608	57,000	16	1,005	Oui
609	57,500	16	0,989	Oui
610	57,500	16	0,985	Oui
611	57,500	17	1,046	Oui
612	57,500	17	1,046	Oui
613	57,000	17	1,068	Oui
614	57,000	17	1,073	Oui
615	57,500	17	1,057	Oui
616	57,500	17	1,057	Oui
617	58,000	17	1,042	Oui
618	58,000	17	1,042	Oui
619	57,500	17	1,064	Oui
620	57,500	17	1,064	Oui
621	57,500	17	1,064	Oui
622	57,500	17	1,064	Oui
623	57,500	16	1,008	Oui
624	57,500	16	1,008	Oui
625	57,000	16	1,031	Oui
626	57,000	16	1,031	Oui
627	56,500	16	1,054	Oui
628	56,500	16	1,054	Oui
629	56,500	16	1,054	Oui
630	56,000	16	1,070	Oui
631	55,500	16	1,085	Oui
632	56,000	16	1,061	Oui
633	56,000	16	1,070	Oui
634	55,500	16	1,085	Oui
635	55,500	16	1,085	Oui
636	56,000	16	1,070	Oui
637	56,500	16	1,046	Oui
638	56,000	16	1,061	Oui
639	55,500	16	1,085	Oui
640	55,500	16	1,085	Oui
641	56,000	17	1,136	Oui
642	56,000	17	1,128	Oui
643	56,000	18	1,194	Oui
644	55,500	18	1,212	Oui
645	55,000	18	1,231	Oui
646	55,500	18	1,212	Oui
647	55,000	18	1,231	Oui
648	54,500	17	1,189	Oui
649	54,500	17	1,181	Oui
650	55,000	17	1,155	Oui
651	55,000	17	1,155	Oui
652	55,000	17	1,155	Oui
653	54,500	17	1,173	Oui
654	54,500	17	1,167	Oui
655	54,500	17	1,161	Oui
656	54,500	17	1,161	Oui
657	55,000	17	1,142	Oui
658	55,500	17	1,124	Oui
659	56,000	17	1,107	Oui
660	55,500	17	1,124	Oui
661	55,500	17	1,124	Oui
662	55,500	17	1,124	Oui
663	56,000	17	1,107	Oui
664	55,500	17	1,130	Oui
665	55,500	17	1,130	Oui
666	55,000	17	1,155	Oui
667	54,500	17	1,181	Oui
668	55,000	17	1,155	Oui
669	55,000	17	1,148	Oui
670	55,000	17	1,148	Oui
671	55,500	17	1,130	Oui
672	55,500	17	1,124	Oui
673	56,000	18	1,172	Oui
674	55,500	18	1,197	Oui
675	55,000	18	1,223	Oui
676	55,000	18	1,223	Oui
677	55,000	18	1,216	Oui
678	55,000	18	1,210	Oui
679	55,000	18	1,210	Oui
680	54,500	17	1,167	Oui
681	54,000	17	1,186	Oui
682	54,500	17	1,167	Oui
683	55,000	17	1,148	Oui
684	55,000	17	1,148	Oui
685	55,000	17	1,148	Oui
686	54,500	16	1,104	Oui
687	54,500	16	1,098	Oui
688	55,000	17	1,148	Oui
689	55,000	17	1,148	Oui
690	55,000	17	1,148	Oui
691	55,500	17	1,130	Oui
692	56,000	17	1,113	Oui
693	55,500	17	1,137	Oui
694	56,000	17	1,120	Oui
695	55,500	17	1,145	Oui
696	56,000	17	1,128	Oui
697	56,500	17	1,103	Oui
698	56,500	17	1,096	Oui
699	56,000	17	1,113	Oui
700	56,000	17	1,113	Oui
701	56,000	17	1,107	Oui
702	56,500	18	1,154	Oui
703	56,500	17	1,096	Oui
704	56,500	17	1,096	Oui
705	56,000	17	1,113	Oui
706	56,000	17	1,113	Oui
707	56,000	17	1,107	Oui
708	56,000	18	1,172	Oui
709	56,500	18	1,148	Oui
710	56,500	18	1,148	Oui
711	57,000	18	1,130	Oui
712	56,500	17	1,090	Oui
713	56,500	17	1,090	Oui
714	56,500	17	1,090	Oui
715	56,500	17	1,090	Oui
716	56,000	17	1,113	Oui
717	56,000	17	1,120	Oui
718	56,000	17	1,128	Oui
719	55,500	17	1,153	Oui
720	56,000	17	1,136	Oui
721	56,000	16	1,079	Oui
722	55,500	16	1,094	Oui
723	55,500	16	1,094	Oui
724	56,000	16	1,070	Oui
725	55,500	16	1,085	Oui
726	55,500	16	1,085	Oui
727	55,500	15	1,026	Oui
728	55,500	15	1,026	Oui
729	56,000	15	1,003	Oui
730	56,000	15	1,003	Oui
731	56,000	15	1,003	Oui
732	55,500	15	1,026	Oui
733	56,000	15	1,003	Oui
734	56,500	16	1,054	Oui
735	56,500	16	1,054	Oui
736	56,500	15	0,988	Oui
737	56,000	15	1,003	Oui
738	56,000	14	0,944	Oui
739	56,000	14	0,936	Oui
740	56,000	14	0,936	Oui
741	56,500	14	0,915	Oui
742	57,000	15	0,966	Oui
743	57,000	15	0,966	Oui
744	57,000	15	0,966	Oui
745	57,000	15	0,966	Oui
746	57,000	15	0,959	Oui
747	57,500	16	1,008	Oui
748	57,500	16	1,008	Oui
749	57,500	16	1,016	Oui
750	57,000	15	0,974	Oui
751	57,000	15	0,974	Oui
752	56,500	15	0,997	Oui
753	56,000	15	1,020	Oui
754	56,500	15	1,006	Oui
755	56,000	15	1,020	Oui
756	55,500	15	1,035	Oui
757	55,500	15	1,035	Oui
758	55,500	15	1,035	Oui
759	56,000	15	1,020	Oui
760	55,500	15	1,035	Oui
761	55,500	15	1,035	Oui
762	55,500	15	1,035	Oui
763	55,000	14	0,990	Oui
764	55,000	14	0,990	Oui
765	54,500	14	1,014	Oui
766	55,000	14	0,990	Oui
767	55,000	13	0,919	Oui
768	55,000	13	0,910	Oui
769	55,000	14	0,990	Oui
770	55,500	14	0,966	Oui
771	55,500	14	0,966	Oui
772	55,000	14	0,980	Oui
773	55,500	14	0,958	Oui
774	55,500	15	1,026	Oui
775	55,500	15	1,026	Oui
776	55,500	15	1,026	Oui
777	56,000	15	1,003	Oui
778	56,500	16	1,054	Oui
779	57,000	16	1,031	Oui
780	56,500	16	1,054	Oui
781	56,500	16	1,054	Oui
782	56,500	16	1,054	Oui
783	57,000	16	1,031	Oui
784	57,000	16	1,023	Oui
785	57,000	16	1,023	Oui
786	57,000	16	1,016	Oui
787	57,000	17	1,080	Oui
788	57,000	17	1,080	Oui
789	57,500	17	1,057	Oui
790	57,500	17	1,057	Oui
791	57,500	17	1,057	Oui
792	57,000	17	1,073	Oui
793	57,000	17	1,073	Oui
794	57,000	16	1,016	Oui
795	56,500	16	1,032	Oui
796	56,000	16	1,047	Oui
797	56,000	16	1,047	Oui
798	56,000	16	1,042	Oui
799	56,000	16	1,037	Oui
800	55,500	16	1,058	Oui
801	55,500	16	1,064	Oui
802	55,500	15	0,997	Oui
803	55,000	15	1,013	Oui
804	54,500	15	1,035	Oui
805	54,500	15	1,035	Oui
806	54,500	15	1,035	Oui
807	54,500	15	1,035	Oui
808	55,000	15	1,019	Oui
809	54,500	15	1,035	Oui
810	54,000	14	0,988	Oui
811	54,000	14	0,988	Oui
812	54,000	14	0,988	Oui
813	54,500	14	0,972	Oui
814	54,500	14	0,966	Oui
815	54,000	14	0,982	Oui
816	54,500	14	0,961	Oui
817	54,000	14	0,977	Oui
818	54,500	14	0,956	Oui
819	54,500	14	0,956	Oui
820	54,500	14	0,956	Oui
821	54,500	14	0,956	Oui
822	54,500	14	0,956	Oui
823	54,500	14	0,956	Oui
824	54,000	14	0,972	Oui
825	54,500	14	0,956	Oui
826	54,500	14	0,956	Oui
827	55,000	14	0,937	Oui
828	55,500	14	0,918	Oui
829	56,000	15	0,968	Oui
830	56,500	15	0,949	Oui
831	57,000	15	0,931	Oui
832	57,000	15	0,934	Oui
833	57,000	15	0,934	Oui
834	57,000	15	0,934	Oui
835	57,500	15	0,919	Oui
836	57,000	15	0,934	Oui
837	56,500	15	0,952	Oui
838	56,500	15	0,952	Oui
839	56,500	15	0,952	Oui
840	56,000	14	0,907	Oui
841	56,000	14	0,903	Oui
842	56,000	13	0,839	Oui
843	56,000	14	0,903	Oui
844	56,500	14	0,889	Oui
845	56,500	14	0,889	Oui
846	56,500	14	0,889	Oui
847	57,000	14	0,875	Oui
848	57,000	14	0,875	Oui
849	56,500	14	0,893	Oui
850	56,500	14	0,897	Oui
851	57,000	14	0,884	Oui
852	57,000	14	0,884	Oui
853	57,500	14	0,871	Oui
854	57,000	14	0,889	Oui
855	57,000	14	0,895	Oui
856	57,500	14	0,882	Oui
857	57,000	14	0,895	Oui
858	56,500	14	0,909	Oui
859	56,500	14	0,909	Oui
860	56,500	14	0,909	Oui
861	57,000	14	0,889	Oui
862	57,500	15	0,939	Oui
863	57,000	15	0,953	Oui
864	57,500	15	0,933	Oui
865	57,000	15	0,953	Oui
866	57,000	15	0,953	Oui
867	57,500	15	0,939	Oui
868	57,000	15	0,959	Oui
869	57,000	15	0,959	Oui
870	57,000	15	0,959	Oui
871	56,500	15	0,973	Oui
872	56,500	14	0,909	Oui
873	56,000	14	0,922	Oui
874	56,000	14	0,922	Oui
875	56,500	14	0,909	Oui
876	57,000	14	0,889	Oui
877	57,000	14	0,889	Oui
878	57,000	14	0,889	Oui
879	57,000	14	0,889	Oui
880	57,000	14	0,889	Oui
881	57,000	14	0,889	Oui
882	56,500	14	0,903	Oui
883	56,500	14	0,897	Oui
884	56,500	14	0,897	Oui
885	56,500	14	0,897	Oui
886	57,000	14	0,879	Oui
887	57,000	13	0,816	Oui
888	56,500	13	0,829	Oui
889	57,000	13	0,816	Oui
890	57,000	13	0,816	Oui
891	57,000	13	0,816	Oui
892	57,000	13	0,812	Oui
893	57,000	13	0,812	Oui
894	56,500	13	0,825	Oui
895	57,000	13	0,809	Oui
896	56,500	13	0,822	Oui
897	56,500	13	0,822	Oui
898	56,000	13	0,839	Oui
899	56,500	13	0,822	Oui
900	57,000	14	0,871	Oui
901	56,500	13	0,825	Oui
902	56,000	13	0,839	Oui
903	56,000	13	0,836	Oui
904	55,500	13	0,850	Oui
905	55,500	13	0,850	Oui
906	55,500	13	0,847	Oui
907	55,000	12	0,798	Oui
908	54,500	12	0,811	Oui
909	54,000	12	0,828	Oui
910	54,500	12	0,814	Oui
911	54,500	12	0,811	Oui
912	54,500	12	0,811	Oui
913	54,000	12	0,826	Oui
914	54,500	12	0,810	Oui
915	54,500	13	0,879	Oui
916	55,000	13	0,864	Oui
917	54,500	13	0,879	Oui
918	54,500	13	0,877	Oui
919	54,500	13	0,877	Oui
920	54,000	13	0,893	Oui
921	53,500	13	0,909	Oui
922	54,000	13	0,893	Oui
923	54,000	13	0,893	Oui
924	54,000	13	0,894	Oui
925	54,000	13	0,894	Oui
926	54,000	13	0,894	Oui
927	54,000	13	0,894	Oui
928	54,000	13	0,893	Oui
929	53,500	13	0,910	Oui
930	53,500	13	0,910	Oui
931	53,500	13	0,910	Oui
932	54,000	13	0,893	Oui
933	53,500	12	0,840	Oui
934	53,500	12	0,839	Oui
935	54,000	13	0,893	Oui
936	54,000	13	0,893	Oui
937	54,500	14	0,945	Oui
938	54,000	14	0,962	Oui
939	54,000	14	0,963	Oui
940	54,000	14	0,963	Oui
941	54,000	13	0,897	Oui
942	53,500	13	0,912	Oui
943	53,500	13	0,912	Oui
944	53,000	13	0,929	Oui
945	53,500	13	0,912	Oui
946	53,500	12	0,842	Oui
947	53,000	12	0,857	Oui
948	53,000	12	0,857	Oui
949	52,500	12	0,873	Oui
950	52,500	12	0,873	Oui
951	52,500	12	0,871	Oui
952	53,000	12	0,855	Oui
953	53,500	12	0,839	Oui
954	53,000	12	0,854	Oui
955	53,000	12	0,854	Oui
956	53,000	12	0,854	Oui
957	52,500	12	0,871	Oui
958	52,000	12	0,888	Oui
959	52,000	12	0,889	Oui
960	52,500	12	0,873	Oui
961	53,000	13	0,927	Oui
962	53,000	13	0,927	Oui
963	53,500	13	0,909	Oui
964	53,500	13	0,909	Oui
965	54,000	13	0,893	Oui
966	53,500	13	0,909	Oui
967	53,500	13	0,909	Oui
968	53,000	12	0,855	Oui
969	53,000	12	0,855	Oui
970	52,500	12	0,871	Oui
971	52,500	12	0,871	Oui
972	53,000	12	0,855	Oui
973	52,500	11	0,798	Oui
974	52,500	11	0,798	Oui
975	52,500	11	0,798	Oui
976	52,000	11	0,814	Oui
977	52,000	10	0,740	Oui
978	52,000	11	0,814	Oui
979	51,500	11	0,830	Oui
980	51,500	11	0,830	Oui
981	52,000	11	0,814	Oui
982	52,000	11	0,814	Oui
983	52,000	11	0,814	Oui
984	51,500	11	0,830	Oui
985	52,000	11	0,815	Oui
986	52,000	10	0,741	Oui
987	51,500	10	0,755	Oui
988	51,500	10	0,755	Oui
989	51,500	10	0,755	Oui
990	51,500	10	0,755	Oui
991	52,000	10	0,740	Oui
992	52,500	11	0,799	Oui
993	53,000	11	0,783	Oui
994	53,000	11	0,783	Oui
995	53,000	11	0,783	Oui
996	53,000	11	0,783	Oui
997	53,000	11	0,783	Oui
998	53,000	12	0,854	Oui
999	52,500	12	0,871	Oui
1000	53,000	12	0,855	Oui
1001	52,500	12	0,871	Oui
1002	52,000	12	0,888	Oui
1003	52,500	12	0,871	Oui
1004	53,000	12	0,856	Oui
1005	53,000	12	0,856	Oui
1006	53,000	12	0,857	Oui
1007	53,500	12	0,842	Oui
1008	53,000	12	0,857	Oui
1009	53,000	12	0,857	Oui
1010	53,000	12	0,857	Oui
1011	53,000	12	0,856	Oui
1012	53,000	13	0,927	Oui
1013	53,000	13	0,926	Oui
1014	52,500	13	0,944	Oui
1015	52,500	13	0,944	Oui
1016	52,500	13	0,945	Oui
1017	52,500	13	0,945	Oui
1018	52,000	13	0,965	Oui
1019	52,000	13	0,965	Oui
1020	52,000	13	0,965	Oui
1021	52,000	13	0,963	Oui
1022	52,500	14	1,018	Oui
1023	52,500	14	1,017	Oui
1024	52,500	14	1,017	Oui
1025	52,500	14	1,017	Oui
1026	53,000	14	0,998	Oui
1027	52,500	14	1,018	Oui
1028	52,500	13	0,945	Oui
1029	52,000	13	0,963	Oui
1030	52,000	13	0,965	Oui
1031	52,000	12	0,891	Oui
1032	51,500	12	0,907	Oui
1033	51,000	12	0,924	Oui
1034	51,000	12	0,924	Oui
1035	51,000	12	0,923	Oui
1036	51,000	12	0,923	Oui
1037	51,500	12	0,906	Oui
1038	52,000	12	0,888	Oui
1039	52,500	13	0,944	Oui
1040	53,000	13	0,927	Oui
1041	52,500	13	0,945	Oui
1042	52,500	12	0,875	Oui
1043	52,000	12	0,891	Oui
1044	51,500	12	0,907	Oui
1045	51,500	12	0,907	Oui
1046	51,000	12	0,924	Oui
1047	51,000	12	0,923	Oui
1048	51,500	13	0,981	Oui
1049	51,500	13	0,981	Oui
1050	51,000	13	1,000	Oui
1051	51,000	13	1,000	Oui
1052	51,500	13	0,980	Oui
1053	51,500	13	0,981	Oui
1054	52,000	14	1,036	Oui
1055	52,000	14	1,036	Oui
1056	52,000	14	1,036	Oui
1057	52,500	14	1,017	Oui
1058	53,000	14	0,998	Oui
1059	52,500	14	1,018	Oui
1060	52,500	14	1,018	Oui
1061	52,500	13	0,944	Oui
1062	52,000	13	0,963	Oui
1063	52,000	13	0,963	Oui
1064	52,000	13	0,963	Oui
1065	52,000	13	0,963	Oui
1066	52,500	13	0,945	Oui
1067	52,000	13	0,965	Oui
1068	52,500	13	0,948	Oui
1069	52,500	13	0,948	Oui
1070	53,000	14	1,000	Oui
1071	53,500	14	0,982	Oui
1072	53,500	14	0,982	Oui
1073	54,000	14	0,966	Oui
1074	54,500	15	1,014	Oui
1075	54,000	15	1,034	Oui
1076	54,000	15	1,034	Oui
1077	53,500	15	1,053	Oui
1078	53,500	15	1,053	Oui
1079	53,000	15	1,071	Oui
1080	53,500	15	1,053	Oui
1081	54,000	15	1,034	Oui
1082	54,000	15	1,034	Oui
1083	53,500	15	1,053	Oui
1084	54,000	15	1,032	Oui
1085	54,500	15	1,012	Oui
1086	54,000	15	1,030	Oui
1087	53,500	15	1,049	Oui
1088	54,000	15	1,029	Oui
1089	53,500	15	1,049	Oui
1090	53,000	15	1,070	Oui
1091	53,000	15	1,070	Oui
1092	53,000	15	1,068	Oui
1093	53,500	15	1,049	Oui
1094	54,000	15	1,030	Oui
1095	53,500	15	1,049	Oui
1096	53,500	15	1,049	Oui
1097	53,500	15	1,048	Oui
1098	54,000	15	1,029	Oui
1099	54,000	14	0,961	Oui
1100	54,000	14	0,962	Oui
1101	54,500	15	1,011	Oui
1102	54,500	15	1,011	Oui
1103	54,000	15	1,029	Oui
1104	54,500	15	1,010	Oui
1105	54,500	15	1,010	Oui
1106	54,500	15	1,010	Oui
1107	55,000	16	1,058	Oui
1108	55,000	16	1,058	Oui
1109	55,000	16	1,058	Oui
1110	54,500	16	1,077	Oui
1111	54,500	16	1,077	Oui
1112	54,500	16	1,077	Oui
1113	55,000	16	1,058	Oui
1114	55,000	15	0,992	Oui
1115	54,500	15	1,011	Oui
1116	54,000	15	1,030	Oui
1117	54,500	15	1,012	Oui
1118	54,500	15	1,012	Oui
1119	55,000	15	0,995	Oui
1120	55,000	15	0,995	Oui
1121	55,000	15	0,995	Oui
1122	55,000	15	0,995	Oui
1123	54,500	15	1,014	Oui
1124	54,500	15	1,014	Oui
1125	55,000	15	0,995	Oui
1126	55,000	15	0,995	Oui
1127	55,000	15	0,995	Oui
1128	55,000	15	0,993	Oui
1129	55,000	15	0,993	Oui
1130	55,500	15	0,975	Oui
1131	55,500	15	0,975	Oui
1132	55,000	15	0,992	Oui
1133	55,500	15	0,975	Oui
1134	55,500	15	0,974	Oui
1135	55,500	15	0,975	Oui
1136	55,500	14	0,910	Oui
1137	55,500	15	0,975	Oui
1138	55,500	15	0,975	Oui
1139	55,000	15	0,993	Oui
1140	55,500	15	0,975	Oui
1141	55,500	15	0,975	Oui
1142	55,500	15	0,975	Oui
1143	56,000	15	0,957	Oui
1144	56,500	15	0,940	Oui
1145	56,500	15	0,940	Oui
1146	56,500	15	0,940	Oui
1147	57,000	15	0,923	Oui
1148	57,000	15	0,923	Oui
1149	57,500	15	0,907	Oui
1150	57,500	15	0,907	Oui
1151	57,000	15	0,924	Oui
1152	57,000	15	0,924	Oui
1153	56,500	15	0,942	Oui
1154	57,000	15	0,924	Oui
1155	57,000	15	0,924	Oui
1156	57,500	15	0,909	Oui
1157	58,000	15	0,894	Oui
1158	58,500	15	0,880	Oui
1159	58,500	15	0,882	Oui
1160	58,000	14	0,839	Oui
1161	58,000	14	0,839	Oui
1162	58,000	14	0,839	Oui
1163	57,500	14	0,852	Oui
1164	57,500	14	0,852	Oui
1165	57,000	14	0,868	Oui
1166	57,500	14	0,852	Oui
1167	57,500	15	0,916	Oui
1168	57,500	15	0,916	Oui
1169	57,000	15	0,931	Oui
1170	57,000	15	0,931	Oui
1171	57,500	15	0,913	Oui
1172	57,000	15	0,931	Oui
1173	57,000	15	0,931	Oui
1174	57,000	15	0,931	Oui
1175	57,500	15	0,916	Oui
1176	57,500	15	0,916	Oui
1177	57,000	14	0,871	Oui
1178	57,000	14	0,871	Oui
1179	57,500	14	0,855	Oui
1180	58,000	14	0,839	Oui
1181	58,000	15	0,898	Oui
1182	57,500	15	0,913	Oui
1183	57,000	15	0,931	Oui
1184	57,500	15	0,913	Oui
1185	57,500	15	0,911	Oui
1186	57,500	16	0,974	Oui
1187	58,000	16	0,958	Oui
1188	58,000	16	0,958	Oui
1189	57,500	16	0,977	Oui
1190	58,000	16	0,962	Oui
1191	58,000	15	0,905	Oui
1192	57,500	15	0,919	Oui
1193	57,500	15	0,923	Oui
1194	57,500	15	0,923	Oui
1195	58,000	16	0,970	Oui
1196	58,500	16	0,955	Oui
1197	58,500	15	0,896	Oui
1198	58,000	15	0,909	Oui
1199	58,500	15	0,896	Oui
1200	58,500	15	0,896	Oui
1201	58,500	15	0,896	Oui
1202	58,500	15	0,896	Oui
1203	58,500	15	0,891	Oui
1204	58,000	15	0,905	Oui
1205	58,500	15	0,888	Oui
1206	58,500	15	0,884	Oui
1207	58,000	15	0,898	Oui
1208	58,500	15	0,882	Oui
1209	59,000	15	0,866	Oui
1210	59,000	15	0,866	Oui
1211	58,500	14	0,823	Oui
1212	58,000	14	0,836	Oui
1213	58,000	14	0,836	Oui
1214	58,000	14	0,836	Oui
1215	58,500	14	0,823	Oui
1216	58,500	14	0,823	Oui
1217	59,000	14	0,810	Oui
1218	59,000	14	0,810	Oui
1219	59,500	14	0,798	Oui
1220	59,500	14	0,798	Oui
1221	59,500	13	0,741	Oui
1222	59,000	13	0,752	Oui
1223	59,000	13	0,752	Oui
1224	59,000	13	0,752	Oui
1225	58,500	13	0,764	Oui
1226	58,500	13	0,762	Oui
1227	58,500	13	0,762	Oui
1228	58,500	13	0,764	Oui
1229	58,500	13	0,764	Oui
1230	58,000	13	0,777	Oui
1231	58,000	13	0,777	Oui
1232	58,500	14	0,823	Oui
1233	58,500	14	0,823	Oui
1234	59,000	14	0,810	Oui
1235	58,500	14	0,825	Oui
1236	58,500	14	0,825	Oui
1237	58,500	14	0,825	Oui
1238	58,000	13	0,781	Oui
1239	58,000	13	0,779	Oui
1240	57,500	13	0,791	Oui
1241	58,000	13	0,779	Oui
1242	57,500	13	0,791	Oui
1243	58,000	13	0,779	Oui
1244	58,500	13	0,764	Oui
1245	59,000	14	0,810	Oui
1246	59,500	14	0,795	Oui
1247	59,500	13	0,739	Oui
1248	59,500	14	0,795	Oui
1249	59,500	14	0,795	Oui
1250	60,000	14	0,781	Oui
1251	60,000	14	0,781	Oui
1252	59,500	14	0,795	Oui
1253	59,000	13	0,752	Oui
1254	59,000	13	0,752	Oui
1255	59,000	13	0,750	Oui
1256	59,000	14	0,808	Oui
1257	58,500	14	0,823	Oui
1258	58,000	14	0,839	Oui
1259	58,000	14	0,839	Oui
1260	58,500	14	0,825	Oui
1261	58,000	14	0,839	Oui
1262	58,000	14	0,839	Oui
1263	58,000	14	0,839	Oui
1264	58,000	14	0,841	Oui
1265	58,500	14	0,828	Oui
1266	58,500	14	0,832	Oui
1267	58,500	14	0,832	Oui
1268	58,000	14	0,848	Oui
1269	58,000	13	0,792	Oui
1270	58,000	13	0,788	Oui
1271	57,500	13	0,804	Oui
1272	57,500	13	0,804	Oui
1273	57,000	12	0,758	Oui
1274	56,500	12	0,769	Oui
1275	56,500	12	0,769	Oui
1276	56,500	12	0,769	Oui
1277	57,000	13	0,821	Oui
1278	56,500	13	0,838	Oui
1279	57,000	13	0,821	Oui
1280	56,500	13	0,838	Oui
1281	56,500	13	0,838	Oui
1282	56,500	13	0,838	Oui
1283	57,000	13	0,826	Oui
1284	57,000	13	0,826	Oui
1285	57,000	13	0,821	Oui
1286	57,500	13	0,804	Oui
1287	57,500	13	0,804	Oui
1288	57,500	13	0,800	Oui
1289	58,000	14	0,848	Oui
1290	58,500	14	0,836	Oui
1291	58,000	14	0,848	Oui
1292	58,000	14	0,845	Oui
1293	58,000	14	0,845	Oui
1294	57,500	14	0,862	Oui
1295	58,000	14	0,848	Oui
1296	58,000	14	0,848	Oui
1297	58,000	14	0,845	Oui
1298	57,500	14	0,862	Oui
1299	57,000	14	0,879	Oui
1300	57,000	13	0,816	Oui
1301	56,500	13	0,829	Oui
1302	57,000	13	0,812	Oui
1303	57,500	14	0,862	Oui
1304	57,000	14	0,875	Oui
1305	57,000	14	0,875	Oui
1306	57,000	13	0,816	Oui
1307	57,000	13	0,816	Oui
1308	57,000	13	0,816	Oui
1309	57,500	13	0,800	Oui
1310	58,000	14	0,848	Oui
1311	57,500	14	0,866	Oui
1312	57,500	14	0,866	Oui
1313	57,500	14	0,866	Oui
1314	57,500	15	0,933	Oui
1315	58,000	15	0,919	Oui
1316	58,000	15	0,919	Oui
1317	57,500	15	0,939	Oui
1318	57,500	15	0,939	Oui
1319	57,500	15	0,939	Oui
1320	57,500	15	0,939	Oui
1321	58,000	15	0,919	Oui
1322	57,500	15	0,933	Oui
1323	57,500	15	0,933	Oui
1324	57,500	15	0,933	Oui
1325	57,500	15	0,933	Oui
1326	57,500	15	0,933	Oui
1327	57,500	15	0,933	Oui
1328	57,000	15	0,947	Oui
1329	57,500	15	0,933	Oui
1330	57,500	15	0,928	Oui
1331	57,500	15	0,923	Oui
1332	57,500	15	0,923	Oui
1333	57,000	14	0,879	Oui
1334	57,000	14	0,875	Oui
1335	56,500	14	0,893	Oui
1336	56,000	13	0,846	Oui
1337	55,500	13	0,860	Oui
1338	56,000	13	0,842	Oui
1339	56,500	13	0,825	Oui
1340	56,500	13	0,822	Oui
1341	56,000	13	0,836	Oui
1342	56,000	13	0,836	Oui
1343	56,000	13	0,836	Oui
1344	56,000	13	0,836	Oui
1345	55,500	13	0,850	Oui
1346	55,000	13	0,864	Oui
1347	55,000	13	0,867	Oui
1348	55,000	13	0,867	Oui
1349	55,000	13	0,867	Oui
1350	55,500	13	0,850	Oui
1351	56,000	13	0,833	Oui
1352	55,500	13	0,847	Oui
1353	55,500	13	0,847	Oui
1354	55,000	13	0,864	Oui
1355	55,000	13	0,864	Oui
1356	55,000	13	0,864	Oui
1357	54,500	13	0,879	Oui
1358	54,000	13	0,894	Oui
1359	53,500	13	0,910	Oui
1360	54,000	13	0,893	Oui
1361	54,000	14	0,962	Oui
1362	54,500	14	0,943	Oui
1363	54,500	14	0,943	Oui
1364	54,000	14	0,961	Oui
1365	54,500	14	0,943	Oui
1366	54,500	13	0,877	Oui
1367	54,000	13	0,893	Oui
1368	54,500	13	0,877	Oui
1369	55,000	13	0,861	Oui
1370	55,000	13	0,861	Oui
1371	55,000	13	0,862	Oui
1372	55,500	13	0,847	Oui
1373	55,500	13	0,847	Oui
1374	55,500	13	0,847	Oui
1375	55,500	13	0,847	Oui
1376	55,500	13	0,847	Oui
1377	56,000	13	0,833	Oui
1378	55,500	13	0,847	Oui
1379	55,000	13	0,864	Oui
1380	54,500	12	0,814	Oui
1381	54,500	12	0,811	Oui
1382	55,000	13	0,864	Oui
1383	55,500	13	0,850	Oui
1384	55,000	13	0,867	Oui
1385	55,000	12	0,803	Oui
1386	55,000	12	0,803	Oui
1387	54,500	12	0,816	Oui
1388	54,500	12	0,816	Oui
1389	55,000	12	0,803	Oui
1390	54,500	12	0,816	Oui
1391	54,000	12	0,830	Oui
1392	54,500	12	0,816	Oui
1393	54,000	12	0,830	Oui
1394	54,000	11	0,764	Oui
1395	53,500	11	0,777	Oui
1396	53,000	11	0,790	Oui
1397	53,000	11	0,793	Oui
1398	53,500	11	0,780	Oui
1399	53,000	11	0,793	Oui
1400	53,000	11	0,790	Oui
1401	53,000	11	0,790	Oui
1402	53,500	11	0,774	Oui
1403	53,500	12	0,847	Oui
1404	53,500	12	0,847	Oui
1405	53,000	12	0,865	Oui
1406	52,500	12	0,884	Oui
1407	52,500	12	0,884	Oui
1408	52,500	12	0,884	Oui
1409	52,000	12	0,904	Oui
1410	52,500	12	0,889	Oui
1411	52,500	12	0,889	Oui
1412	52,500	12	0,889	Oui
1413	52,500	12	0,889	Oui
1414	53,000	12	0,870	Oui
1415	52,500	12	0,884	Oui
1416	52,000	12	0,900	Oui
1417	51,500	12	0,915	Oui
1418	51,500	12	0,915	Oui
1419	51,500	12	0,912	Oui
1420	51,500	12	0,912	Oui
1421	51,000	12	0,932	Oui
1422	51,000	12	0,932	Oui
1423	51,000	12	0,936	Oui
1424	51,000	12	0,936	Oui
1425	51,500	12	0,915	Oui
1426	51,000	12	0,936	Oui
1427	51,000	12	0,936	Oui
1428	51,000	12	0,936	Oui
1429	51,500	12	0,920	Oui
1430	51,500	12	0,920	Oui
1431	51,500	11	0,843	Oui
1432	51,000	11	0,858	Oui
1433	51,500	11	0,839	Oui
1434	51,500	11	0,836	Oui
1435	52,000	11	0,818	Oui
1436	52,500	11	0,802	Oui
1437	52,000	11	0,816	Oui
1438	52,500	11	0,800	Oui
1439	52,000	11	0,816	Oui
1440	52,000	11	0,816	Oui
1441	51,500	11	0,831	Oui
1442	52,000	11	0,816	Oui
1443	52,000	11	0,816	Oui
1444	52,000	10	0,744	Oui
1445	51,500	10	0,758	Oui
1446	51,000	10	0,774	Oui
1447	50,500	9	0,711	Oui
1448	50,500	9	0,709	Oui
1449	51,000	9	0,694	Oui
1450	51,000	10	0,774	Oui
1451	51,000	10	0,774	Oui
1452	51,500	11	0,836	Oui
1453	51,500	11	0,836	Oui
1454	51,500	11	0,833	Oui
1455	51,000	10	0,774	Oui
1456	50,500	10	0,788	Oui
1457	51,000	10	0,774	Oui
1458	51,500	10	0,758	Oui
1459	52,000	10	0,742	Oui
1460	51,500	10	0,756	Oui
1461	51,500	10	0,756	Oui
1462	52,000	10	0,742	Oui
1463	52,000	10	0,742	Oui
1464	51,500	10	0,756	Oui
1465	51,000	10	0,770	Oui
1466	51,000	10	0,769	Oui
1467	51,000	10	0,769	Oui
1468	51,000	10	0,769	Oui
1469	51,000	10	0,769	Oui
1470	51,000	10	0,769	Oui
1471	51,500	10	0,754	Oui
1472	51,500	11	0,830	Oui
1473	51,500	11	0,830	Oui
1474	51,500	11	0,830	Oui
1475	51,500	11	0,830	Oui
1476	51,000	10	0,770	Oui
1477	51,000	10	0,770	Oui
1478	51,500	10	0,755	Oui
1479	51,000	10	0,770	Oui
1480	51,000	10	0,770	Oui
1481	50,500	10	0,786	Oui
1482	51,000	10	0,772	Oui
1483	50,500	10	0,786	Oui
1484	50,000	10	0,801	Oui
1485	49,500	10	0,818	Non
1486	49,500	10	0,818	Non
1487	50,000	11	0,883	Oui
1488	49,500	10	0,820	Non
1489	49,500	10	0,820	Non
1490	49,500	10	0,820	Non
1491	50,000	10	0,805	Oui
1492	49,500	10	0,823	Non
1493	49,000	10	0,842	Non
1494	49,500	10	0,826	Non
1495	49,000	10	0,842	Non
1496	49,500	10	0,826	Non
1497	49,500	10	0,831	Non
1498	50,000	10	0,812	Oui
1499	50,500	10	0,794	Oui
1500	50,000	10	0,812	Oui
1501	50,500	10	0,797	Oui
1502	50,000	9	0,734	Oui
1503	49,500	9	0,748	Non
1504	50,000	9	0,734	Oui
1505	50,500	9	0,718	Oui
1506	50,000	9	0,731	Oui
1507	49,500	9	0,744	Non
1508	50,000	9	0,731	Oui
1509	49,500	8	0,664	Non
1510	49,500	8	0,664	Non
1511	49,500	8	0,664	Non
1512	50,000	8	0,649	Oui
1513	50,000	8	0,653	Oui
1514	49,500	8	0,664	Non
1515	49,000	8	0,677	Non
1516	49,500	8	0,664	Non
1517	49,500	8	0,664	Non
1518	49,500	8	0,668	Non
1519	49,000	8	0,685	Non
1520	49,000	8	0,685	Non
1521	48,500	8	0,702	Non
1522	49,000	8	0,690	Non
1523	49,000	8	0,690	Non
1524	48,500	8	0,702	Non
1525	48,500	8	0,697	Non
1526	49,000	8	0,680	Non
1527	48,500	8	0,693	Non
1528	49,000	8	0,680	Non
1529	49,000	8	0,680	Non
1530	49,000	8	0,685	Non
1531	49,000	8	0,685	Non
1532	49,500	8	0,668	Non
1533	49,500	8	0,668	Non
1534	49,000	8	0,685	Non
1535	49,000	8	0,685	Non
1536	49,000	8	0,685	Non
1537	49,500	8	0,673	Non
1538	49,500	8	0,673	Non
1539	49,000	8	0,690	Non
1540	49,000	8	0,690	Non
1541	49,000	8	0,690	Non
1542	49,500	8	0,678	Non
1543	49,500	8	0,678	Non
1544	49,000	8	0,690	Non
1545	49,500	8	0,678	Non
1546	50,000	8	0,667	Oui
1547	49,500	8	0,678	Non
1548	49,500	8	0,678	Non
1549	49,000	8	0,690	Non
1550	49,000	8	0,695	Non
1551	48,500	8	0,714	Non
1552	49,000	8	0,702	Non
1553	49,500	8	0,684	Non
1554	50,000	9	0,757	Oui
1555	50,500	9	0,738	Oui
1556	50,000	9	0,750	Oui
1557	50,500	9	0,732	Oui
1558	51,000	9	0,714	Oui
1559	51,500	9	0,698	Oui
1560	51,500	8	0,620	Oui
1561	51,000	8	0,631	Oui
1562	51,000	8	0,635	Oui
1563	51,000	8	0,635	Oui
1564	51,000	8	0,635	Oui
1565	50,500	8	0,646	Oui
1566	50,000	8	0,657	Oui
1567	50,500	8	0,646	Oui
1568	50,500	8	0,646	Oui
1569	50,500	8	0,650	Oui
1570	50,500	8	0,650	Oui
1571	50,500	8	0,650	Oui
1572	50,000	8	0,661	Oui
1573	50,500	8	0,650	Oui
1574	50,500	8	0,650	Oui
1575	50,000	8	0,661	Oui
1576	50,500	8	0,646	Oui
1577	50,500	8	0,642	Oui
1578	51,000	8	0,627	Oui
1579	51,000	8	0,627	Oui
1580	51,500	8	0,616	Oui
1581	51,500	7	0,543	Non
1582	51,000	7	0,552	Non
1583	50,500	7	0,561	Non
1584	51,000	7	0,549	Non
1585	50,500	7	0,558	Non
1586	50,000	7	0,568	Non
1587	50,500	7	0,558	Non
1588	50,500	7	0,558	Non
1589	50,500	7	0,556	Non
1590	51,000	7	0,543	Non
1591	51,000	7	0,543	Non
1592	51,000	7	0,543	Non
1593	51,500	7	0,534	Non
1594	51,000	7	0,543	Non
1595	51,000	7	0,543	Non
1596	51,500	7	0,534	Non
1597	51,500	7	0,534	Non
1598	51,500	7	0,532	Non
1599	52,000	7	0,521	Non
1600	52,000	7	0,521	Non
1601	52,000	7	0,521	Non
1602	51,500	6	0,456	Non
1603	51,000	6	0,464	Non
1604	51,500	6	0,455	Non
1605	51,500	6	0,455	Non
1606	51,500	6	0,455	Non
1607	52,000	6	0,446	Non
1608	51,500	6	0,456	Non
1609	51,500	6	0,456	Non
1610	51,000	6	0,464	Non
1611	51,500	6	0,456	Non
1612	52,000	6	0,448	Non
1613	52,000	6	0,450	Non
1614	52,000	6	0,452	Non
1615	52,500	6	0,444	Non
1616	52,500	6	0,444	Non
1617	52,500	6	0,444	Non
1618	52,500	6	0,444	Non
1619	52,000	6	0,455	Non
1620	52,500	6	0,447	Non
1621	53,000	6	0,437	Non
1622	53,000	6	0,437	Non
1623	53,000	6	0,435	Non
1624	53,000	6	0,435	Non
1625	53,000	6	0,437	Non
1626	53,000	6	0,437	Non
1627	53,000	6	0,437	Non
1628	53,000	6	0,437	Non
1629	53,000	6	0,437	Non
1630	53,000	6	0,437	Non
1631	52,500	6	0,447	Non
1632	53,000	6	0,440	Non
1633	52,500	6	0,450	Non
1634	52,500	6	0,454	Non
1635	52,500	6	0,454	Non
1636	52,500	7	0,534	Non
1637	53,000	7	0,521	Non
1638	53,000	7	0,521	Non
1639	53,000	7	0,521	Non
1640	53,500	7	0,513	Non
1641	54,000	7	0,501	Non
1642	53,500	7	0,509	Non
1643	53,000	7	0,517	Non
1644	52,500	7	0,525	Non
1645	53,000	7	0,517	Non
1646	53,500	7	0,505	Non
1647	53,500	7	0,505	Non
1648	53,000	7	0,517	Non
1649	53,000	6	0,446	Non
1650	53,000	6	0,443	Non
1651	52,500	5	0,378	Non
1652	52,500	5	0,378	Non
1653	53,000	5	0,372	Non
1654	52,500	5	0,381	Non
1655	52,500	5	0,381	Non
1656	53,000	5	0,375	Non
1657	52,500	5	0,381	Non
1658	52,500	5	0,381	Non
1659	52,000	5	0,391	Non
1660	52,500	5	0,385	Non
1661	53,000	5	0,375	Non
1662	53,000	6	0,450	Non
1663	53,500	6	0,443	Non
1664	53,500	6	0,443	Non
1665	53,500	6	0,443	Non
1666	53,500	6	0,443	Non
1667	54,000	7	0,510	Non
1668	54,000	7	0,510	Non
1669	54,000	7	0,510	Non
1670	53,500	7	0,522	Non
1671	53,500	6	0,448	Non
1672	53,500	6	0,443	Non
1673	54,000	7	0,510	Non
1674	54,500	7	0,498	Non
1675	54,500	7	0,498	Non
1676	54,500	7	0,498	Non
1677	54,000	7	0,505	Non
1678	54,000	7	0,505	Non
1679	54,500	7	0,493	Non
1680	54,500	7	0,493	Non
1681	55,000	7	0,482	Non
1682	55,000	7	0,479	Non
1683	55,000	7	0,479	Non
1684	55,000	7	0,479	Non
1685	55,500	7	0,468	Non
1686	55,500	6	0,401	Non
1687	55,000	6	0,408	Non
1688	55,000	6	0,408	Non
1689	55,000	6	0,405	Non
1690	55,000	6	0,403	Non
1691	54,500	6	0,410	Non
1692	55,000	6	0,403	Non
1693	55,500	6	0,397	Non
1694	55,000	6	0,403	Non
1695	55,500	6	0,397	Non
1696	55,000	6	0,403	Non
1697	54,500	6	0,410	Non
1698	54,500	6	0,412	Non
1699	54,000	6	0,421	Non
1700	54,500	6	0,412	Non
1701	54,500	6	0,410	Non
1702	54,500	6	0,410	Non
1703	55,000	6	0,401	Non
1704	55,000	6	0,400	Non
1705	54,500	6	0,408	Non
1706	55,000	6	0,401	Non
1707	55,500	6	0,393	Non
1708	55,000	6	0,400	Non
1709	55,500	6	0,393	Non
1710	55,500	6	0,393	Non
1711	55,500	6	0,393	Non
1712	55,000	5	0,335	Non
1713	55,000	5	0,335	Non
1714	55,500	5	0,328	Non
1715	56,000	6	0,387	Non
1716	56,000	6	0,387	Non
1717	56,500	6	0,380	Non
1718	56,000	6	0,386	Non
1719	56,000	6	0,386	Non
1720	56,500	6	0,378	Non
1721	56,500	6	0,378	Non
1722	56,500	6	0,378	Non
1723	57,000	6	0,372	Non
1724	57,000	6	0,372	Non
1725	56,500	6	0,380	Non
1726	56,500	6	0,381	Non
1727	57,000	6	0,373	Non
1728	56,500	6	0,380	Non
1729	56,000	6	0,386	Non
1730	55,500	6	0,392	Non
1731	55,000	6	0,400	Non
1732	54,500	6	0,408	Non
1733	55,000	6	0,401	Non
1734	55,000	6	0,401	Non
1735	55,500	6	0,393	Non
1736	56,000	6	0,386	Non
1737	56,000	7	0,450	Non
1738	56,000	7	0,452	Non
1739	56,000	7	0,452	Non
1740	56,000	7	0,454	Non
1741	56,000	7	0,454	Non
1742	56,000	7	0,454	Non
1743	56,000	7	0,454	Non
1744	56,000	7	0,454	Non
1745	56,000	7	0,454	Non
1746	55,500	7	0,461	Non
1747	56,000	7	0,452	Non
1748	56,000	7	0,452	Non
1749	56,000	7	0,452	Non
1750	55,500	7	0,459	Non
1751	56,000	7	0,452	Non
1752	55,500	7	0,459	Non
1753	55,500	6	0,393	Non
1754	55,500	7	0,459	Non
1755	55,000	7	0,468	Non
1756	55,000	7	0,468	Non
1757	55,000	7	0,470	Non
1758	54,500	7	0,480	Non
1759	54,000	7	0,491	Non
1760	54,000	7	0,491	Non
1761	54,000	7	0,491	Non
1762	54,000	7	0,491	Non
1763	54,500	7	0,480	Non
1764	54,500	7	0,480	Non
1765	55,000	7	0,473	Non
1766	55,000	7	0,473	Non
1767	55,000	7	0,473	Non
1768	55,000	7	0,473	Non
1769	54,500	7	0,480	Non
1770	55,000	7	0,470	Non
1771	54,500	7	0,478	Non
1772	55,000	7	0,468	Non
1773	55,000	7	0,467	Non
1774	54,500	7	0,475	Non
1775	55,000	7	0,467	Non
1776	55,000	7	0,467	Non
1777	55,000	7	0,467	Non
1778	54,500	7	0,476	Non
1779	55,000	7	0,467	Non
1780	55,000	7	0,465	Non
1781	54,500	7	0,473	Non
1782	54,500	7	0,473	Non
1783	54,500	7	0,473	Non
1784	54,500	7	0,473	Non
1785	54,500	7	0,473	Non
1786	54,500	7	0,473	Non
1787	54,000	7	0,482	Non
1788	54,500	7	0,472	Non
1789	54,500	7	0,472	Non
1790	54,500	7	0,472	Non
1791	54,500	7	0,472	Non
1792	54,000	7	0,481	Non
1793	54,000	7	0,481	Non
1794	54,000	7	0,481	Non
1795	54,500	7	0,472	Non
1796	54,000	7	0,481	Non
1797	53,500	7	0,490	Non
1798	53,500	7	0,490	Non
1799	53,000	7	0,500	Non
1800	53,000	7	0,500	Non
1801	53,000	7	0,500	Non
1802	53,000	7	0,500	Non
1803	53,000	7	0,500	Non
1804	53,000	7	0,500	Non
1805	53,500	7	0,490	Non
1806	53,500	7	0,490	Non
1807	53,000	7	0,499	Non
1808	53,500	7	0,490	Non
1809	54,000	7	0,481	Non
1810	54,000	7	0,481	Non
1811	53,500	7	0,490	Non
1812	53,500	7	0,490	Non
1813	53,500	7	0,490	Non
1814	53,000	7	0,499	Non
1815	52,500	7	0,508	Non
1816	52,500	7	0,508	Non
1817	53,000	7	0,499	Non
1818	53,000	7	0,499	Non
1819	53,500	7	0,490	Non
1820	53,000	7	0,499	Non
1821	52,500	7	0,508	Non
1822	52,500	7	0,508	Non
1823	52,500	7	0,509	Non
1824	52,500	7	0,509	Non
1825	52,500	7	0,508	Non
1826	52,500	7	0,508	Non
1827	52,500	7	0,508	Non
1828	52,500	7	0,508	Non
1829	52,000	7	0,518	Non
1830	52,500	7	0,508	Non
1831	52,500	7	0,508	Non
1832	52,500	7	0,508	Non
1833	53,000	7	0,499	Non
1834	52,500	7	0,508	Non
1835	52,000	6	0,444	Non
1836	52,000	6	0,444	Non
1837	51,500	6	0,454	Non
1838	51,000	6	0,463	Non
1839	51,000	6	0,463	Non
1840	51,000	6	0,463	Non
1841	51,000	6	0,464	Non
1842	51,000	6	0,464	Non
1843	51,000	6	0,464	Non
1844	51,500	6	0,456	Non
1845	51,500	6	0,455	Non
1846	51,000	6	0,464	Non
1847	51,500	6	0,456	Non
1848	52,000	6	0,448	Non
1849	51,500	6	0,456	Non
1850	51,500	6	0,456	Non
1851	51,500	6	0,456	Non
1852	51,500	6	0,455	Non
1853	51,500	7	0,530	Non
1854	52,000	7	0,519	Non
1855	52,000	7	0,519	Non
1856	52,000	7	0,519	Non
1857	52,000	7	0,519	Non
1858	51,500	7	0,530	Non
1859	51,500	7	0,530	Non
1860	51,000	7	0,540	Non
1861	50,500	6	0,473	Non
1862	50,500	6	0,473	Non
1863	50,500	6	0,473	Non
1864	51,000	6	0,463	Non
1865	51,500	7	0,530	Non
1866	51,500	6	0,455	Non
1867	51,500	7	0,530	Non
1868	51,500	7	0,530	Non
1869	51,500	7	0,530	Non
1870	52,000	7	0,519	Non
1871	52,000	7	0,519	Non
1872	51,500	6	0,455	Non
1873	51,000	6	0,463	Non
1874	50,500	6	0,473	Non
1875	51,000	6	0,464	Non
1876	51,000	6	0,464	Non
1877	51,000	6	0,464	Non
1878	51,000	6	0,464	Non
1879	50,500	6	0,474	Non
1880	51,000	6	0,466	Non
1881	50,500	6	0,476	Non
1882	50,500	6	0,478	Non
1883	50,500	6	0,478	Non
1884	51,000	6	0,468	Non
1885	50,500	6	0,478	Non
1886	50,500	6	0,478	Non
1887	50,500	6	0,478	Non
1888	50,500	6	0,478	Non
1889	50,500	6	0,481	Non
1890	50,500	6	0,481	Non
1891	50,500	6	0,481	Non
1892	50,000	6	0,490	Non
1893	49,500	6	0,498	Non
1894	50,000	6	0,490	Non
1895	49,500	6	0,498	Non
1896	49,500	6	0,498	Non
1897	50,000	6	0,487	Non
1898	50,000	6	0,485	Non
1899	50,000	6	0,485	Non
1900	49,500	6	0,496	Non
1901	49,500	6	0,498	Non
1902	49,500	6	0,498	Non
1903	49,500	6	0,498	Non
1904	49,000	6	0,510	Non
1905	49,000	6	0,510	Non
1906	49,000	6	0,507	Non
1907	48,500	6	0,519	Non
1908	49,000	6	0,510	Non
1909	49,000	6	0,507	Non
1910	48,500	6	0,517	Non
1911	48,500	6	0,517	Non
1912	48,500	6	0,517	Non
1913	48,500	6	0,517	Non
1914	48,500	5	0,433	Non
1915	48,000	5	0,441	Non
1916	48,000	5	0,441	Non
1917	47,500	5	0,452	Non
1918	48,000	5	0,443	Non
1919	48,000	5	0,443	Non
1920	48,000	5	0,443	Non
1921	48,000	5	0,443	Non
1922	48,000	5	0,443	Non
1923	48,000	5	0,443	Non
1924	48,000	5	0,443	Non
1925	48,000	5	0,443	Non
1926	47,500	5	0,452	Non
1927	47,000	5	0,463	Non
1928	47,000	5	0,463	Non
1929	47,500	5	0,455	Non
1930	47,500	5	0,455	Non
1931	47,500	5	0,455	Non
1932	47,500	5	0,455	Non
1933	47,500	5	0,455	Non
1934	48,000	5	0,443	Non
1935	47,500	5	0,455	Non
1936	47,000	4	0,373	Non
1937	47,000	4	0,370	Non
1938	46,500	4	0,377	Non
1939	47,000	4	0,368	Non
1940	46,500	4	0,375	Non
1941	46,500	4	0,375	Non
1942	46,000	4	0,383	Non
1943	46,000	4	0,383	Non
1944	46,000	4	0,383	Non
1945	45,500	4	0,390	Non
1946	46,000	4	0,383	Non
1947	46,000	4	0,383	Non
1948	46,500	4	0,373	Non
1949	47,000	4	0,365	Non
1950	47,000	4	0,365	Non
1951	47,000	4	0,365	Non
1952	47,000	4	0,365	Non
1953	47,000	3	0,274	Non
1954	47,000	4	0,365	Non
1955	47,500	4	0,358	Non
1956	47,500	4	0,358	Non
1957	47,500	4	0,357	Non
1958	48,000	5	0,437	Non
1959	48,000	5	0,437	Non
1960	48,000	5	0,439	Non
1961	48,000	5	0,439	Non
1962	47,500	5	0,447	Non
1963	47,000	5	0,458	Non
1964	47,500	5	0,447	Non
1965	47,000	5	0,456	Non
1966	47,000	5	0,456	Non
1967	47,000	5	0,456	Non
1968	47,000	5	0,455	Non
1969	47,000	5	0,455	Non
1970	46,500	5	0,465	Non
1971	47,000	5	0,456	Non
1972	47,000	5	0,458	Non
1973	46,500	5	0,469	Non
1974	46,500	5	0,469	Non
1975	46,500	5	0,467	Non
1976	46,000	5	0,478	Non
1977	46,000	5	0,481	Non
1978	46,500	5	0,469	Non
1979	46,500	5	0,469	Non
1980	46,000	5	0,481	Non
1981	46,000	5	0,481	Non
1982	46,500	5	0,472	Non
1983	46,500	5	0,472	Non
1984	46,500	5	0,475	Non
1985	46,500	5	0,475	Non
1986	47,000	5	0,466	Non
1987	47,500	5	0,458	Non
1988	47,000	5	0,470	Non
1989	47,000	5	0,474	Non
1990	46,500	5	0,487	Non
1991	47,000	5	0,479	Non
1992	47,000	5	0,479	Non
1993	47,000	5	0,479	Non
1994	47,000	5	0,479	Non
1995	47,000	5	0,474	Non
1996	47,000	5	0,474	Non
1997	47,500	5	0,466	Non
1998	47,000	5	0,474	Non
1999	47,500	5	0,462	Non
2000	47,000	5	0,474	Non
2001	47,500	5	0,466	Non
2002	48,000	5	0,458	Non
2003	48,500	5	0,450	Non
2004	48,000	5	0,463	Non
2005	48,000	5	0,468	Non
2006	48,000	5	0,468	Non
2007	48,000	5	0,468	Non
2008	47,500	5	0,476	Non
2009	47,500	5	0,476	Non
2010	47,500	5	0,476	Non
2011	47,500	5	0,476	Non
2012	47,500	5	0,476	Non
2013	47,000	5	0,484	Non
2014	47,500	5	0,476	Non
2015	47,500	5	0,476	Non
2016	47,500	5	0,476	Non
2017	47,000	5	0,484	Non
2018	47,000	5	0,484	Non
2019	47,000	5	0,484	Non
2020	47,000	5	0,484	Non
2021	47,500	5	0,476	Non
2022	48,000	5	0,463	Non
2023	48,000	5	0,458	Non
2024	48,500	6	0,541	Non
2025	48,000	6	0,556	Non
2026	48,500	6	0,546	Non
2027	48,500	6	0,546	Non
2028	48,500	6	0,546	Non
2029	49,000	6	0,532	Non
2030	48,500	6	0,541	Non
2031	48,500	6	0,541	Non
2032	48,500	6	0,535	Non
2033	48,500	6	0,531	Non
2034	48,500	6	0,531	Non
2035	49,000	6	0,522	Non
2036	49,000	6	0,517	Non
2037	49,500	7	0,593	Non
2038	49,500	7	0,593	Non
2039	50,000	7	0,579	Non
2040	49,500	7	0,589	Non
2041	49,000	7	0,599	Non
2042	49,000	7	0,599	Non
2043	49,000	7	0,599	Non
2044	49,000	7	0,595	Non
2045	49,000	8	0,685	Non
2046	49,500	8	0,668	Non
2047	49,000	8	0,680	Non
2048	49,000	8	0,677	Non
2049	49,500	8	0,661	Non
2050	49,500	9	0,748	Non
2051	50,000	9	0,731	Oui
2052	50,000	8	0,649	Oui
2053	50,000	9	0,731	Oui
2054	49,500	9	0,748	Non
2055	50,000	9	0,734	Oui
2056	50,000	9	0,734	Oui
2057	50,000	9	0,734	Oui
2058	50,500	9	0,722	Oui
2059	50,500	9	0,722	Oui
2060	51,000	9	0,709	Oui
2061	51,000	9	0,709	Oui
2062	50,500	9	0,722	Oui
2063	50,500	9	0,722	Oui
2064	50,000	8	0,657	Oui
2065	50,000	8	0,657	Oui
2066	49,500	7	0,589	Non
2067	49,000	7	0,599	Non
2068	49,000	7	0,599	Non
2069	49,000	7	0,599	Non
2070	48,500	7	0,614	Non
2071	48,000	7	0,630	Non
2072	48,000	7	0,630	Non
2073	48,500	7	0,614	Non
2074	48,500	7	0,614	Non
2075	48,500	7	0,614	Non
2076	49,000	7	0,599	Non
2077	49,500	7	0,585	Non
2078	49,000	7	0,599	Non
2079	49,000	7	0,599	Non
2080	48,500	7	0,610	Non
2081	49,000	7	0,595	Non
2082	48,500	7	0,606	Non
2083	48,500	7	0,606	Non
2084	48,000	7	0,621	Non
2085	48,500	7	0,606	Non
2086	48,500	7	0,606	Non
2087	48,500	7	0,606	Non
2088	48,500	7	0,606	Non
2089	48,500	7	0,603	Non
2090	48,000	7	0,617	Non
2091	48,000	7	0,617	Non
2092	48,500	7	0,603	Non
2093	48,500	7	0,603	Non
2094	48,000	7	0,614	Non
2095	48,000	7	0,614	Non
2096	48,500	7	0,600	Non
2097	48,000	7	0,614	Non
2098	47,500	7	0,629	Non
2099	48,000	7	0,617	Non
2100	48,000	7	0,617	Non
2101	48,000	7	0,617	Non
2102	48,000	7	0,617	Non
2103	48,000	7	0,621	Non
2104	48,000	7	0,621	Non
2105	48,000	7	0,621	Non
2106	48,000	7	0,621	Non
2107	48,500	8	0,697	Non
2108	48,500	8	0,697	Non
2109	48,500	8	0,702	Non
2110	48,500	8	0,702	Non
2111	48,500	8	0,702	Non
2112	48,500	8	0,702	Non
2113	48,500	8	0,697	Non
2114	48,500	8	0,693	Non
2115	49,000	9	0,765	Non
2116	48,500	9	0,779	Non
2117	48,500	9	0,779	Non
2118	48,500	9	0,779	Non
2119	49,000	9	0,765	Non
2120	48,500	9	0,784	Non
2121	48,500	9	0,784	Non
2122	48,500	9	0,779	Non
2123	48,000	9	0,794	Non
2124	48,000	9	0,794	Non
2125	48,000	9	0,794	Non
2126	48,500	9	0,779	Non
2127	49,000	9	0,765	Non
2128	49,500	9	0,752	Non
2129	49,000	9	0,765	Non
2130	49,500	9	0,752	Non
2131	50,000	9	0,739	Oui
2132	50,000	9	0,739	Oui
2133	50,000	9	0,739	Oui
2134	49,500	9	0,757	Non
2135	50,000	9	0,744	Oui
2136	50,000	9	0,744	Oui
2137	49,500	9	0,763	Non
2138	50,000	9	0,750	Oui
2139	49,500	9	0,769	Non
2140	50,000	9	0,757	Oui
2141	50,000	9	0,757	Oui
2142	50,000	9	0,757	Oui
2143	49,500	9	0,769	Non
2144	50,000	9	0,757	Oui
2145	50,500	9	0,738	Oui
2146	50,000	9	0,750	Oui
2147	50,000	9	0,757	Oui
2148	49,500	9	0,777	Non
2149	49,000	9	0,798	Non
2150	49,500	9	0,785	Non
2151	49,000	9	0,798	Non
2152	49,000	9	0,798	Non
2153	48,500	8	0,729	Non
2154	48,500	8	0,729	Non
2155	48,500	8	0,729	Non
2156	49,000	8	0,717	Non
2157	48,500	7	0,645	Non
2158	48,500	7	0,638	Non
2159	48,500	7	0,638	Non
2160	48,500	7	0,631	Non
2161	48,500	7	0,631	Non
2162	48,500	7	0,631	Non
2163	49,000	7	0,614	Non
2164	48,500	7	0,631	Non
2165	48,500	7	0,631	Non
2166	49,000	7	0,614	Non
2167	49,000	7	0,608	Non
2168	49,000	7	0,608	Non
2169	49,000	7	0,608	Non
2170	49,500	7	0,598	Non
2171	49,000	7	0,608	Non
