	C+G(%)	CpG(%)	T	A	G	C
 sequence entiere	53,966	6,709	493	598	732	547

1	50,500	15	1,182	Oui
2	51,000	15	1,161	Oui
3	51,000	15	1,161	Oui
4	51,000	15	1,157	Oui
5	51,500	15	1,134	Oui
6	51,500	15	1,132	Oui
7	51,000	15	1,155	Oui
8	51,000	15	1,155	Oui
9	51,500	15	1,134	Oui
10	51,500	15	1,134	Oui
11	52,000	15	1,111	Oui
12	52,500	16	1,164	Oui
13	52,000	16	1,185	Oui
14	51,500	16	1,209	Oui
15	51,000	15	1,157	Oui
16	51,000	15	1,155	Oui
17	51,000	15	1,157	Oui
18	50,500	15	1,179	Oui
19	50,500	15	1,177	Oui
20	50,500	15	1,177	Oui
21	51,000	15	1,154	Oui
22	51,000	15	1,154	Oui
23	51,000	15	1,153	Oui
24	51,500	16	1,207	Oui
25	51,500	16	1,207	Oui
26	52,000	16	1,183	Oui
27	52,500	17	1,234	Oui
28	53,000	17	1,211	Oui
29	52,500	17	1,234	Oui
30	52,500	17	1,234	Oui
31	53,000	18	1,282	Oui
32	53,500	18	1,259	Oui
33	53,500	18	1,259	Oui
34	54,000	18	1,235	Oui
35	53,500	17	1,189	Oui
36	53,000	17	1,211	Oui
37	53,000	17	1,212	Oui
38	53,000	17	1,214	Oui
39	53,000	17	1,217	Oui
40	52,500	16	1,170	Oui
41	52,000	16	1,190	Oui
42	52,000	16	1,190	Oui
43	51,500	16	1,212	Oui
44	51,500	16	1,212	Oui
45	52,000	16	1,190	Oui
46	52,000	16	1,190	Oui
47	52,500	16	1,166	Oui
48	52,500	16	1,166	Oui
49	52,500	16	1,166	Oui
50	53,000	16	1,146	Oui
51	53,000	16	1,146	Oui
52	52,500	16	1,166	Oui
53	53,000	16	1,146	Oui
54	53,500	16	1,123	Oui
55	53,500	16	1,123	Oui
56	53,500	16	1,123	Oui
57	53,500	16	1,123	Oui
58	53,500	16	1,123	Oui
59	53,000	15	1,074	Oui
60	52,500	15	1,093	Oui
61	52,000	15	1,116	Oui
62	52,500	15	1,093	Oui
63	52,000	15	1,113	Oui
64	51,500	14	1,061	Oui
65	51,000	14	1,080	Oui
66	51,000	14	1,080	Oui
67	51,000	14	1,083	Oui
68	51,500	14	1,064	Oui
69	51,000	14	1,087	Oui
70	51,000	14	1,087	Oui
71	51,000	14	1,083	Oui
72	51,500	14	1,061	Oui
73	51,500	14	1,061	Oui
74	51,500	14	1,061	Oui
75	52,000	15	1,116	Oui
76	52,000	15	1,113	Oui
77	51,500	15	1,134	Oui
78	51,500	15	1,132	Oui
79	52,000	15	1,110	Oui
80	52,000	15	1,110	Oui
81	52,000	15	1,110	Oui
82	52,500	15	1,089	Oui
83	52,000	15	1,110	Oui
84	52,000	15	1,109	Oui
85	52,000	15	1,109	Oui
86	52,000	15	1,109	Oui
87	52,000	15	1,109	Oui
88	52,000	15	1,110	Oui
89	52,000	15	1,110	Oui
90	52,500	15	1,089	Oui
91	53,000	16	1,140	Oui
92	53,000	16	1,140	Oui
93	52,500	16	1,162	Oui
94	53,000	16	1,141	Oui
95	53,000	16	1,141	Oui
96	52,500	15	1,091	Oui
97	52,500	15	1,091	Oui
98	52,000	14	1,039	Oui
99	51,500	14	1,058	Oui
100	52,000	14	1,037	Oui
101	51,500	14	1,058	Oui
102	51,500	14	1,058	Oui
103	51,000	13	1,003	Oui
104	51,000	13	1,001	Oui
105	51,000	13	1,003	Oui
106	51,000	13	1,003	Oui
107	51,500	13	0,983	Oui
108	51,500	13	0,983	Oui
109	51,000	13	1,003	Oui
110	51,500	13	0,983	Oui
111	51,500	13	0,983	Oui
112	51,500	13	0,983	Oui
113	51,500	13	0,983	Oui
114	51,000	13	1,003	Oui
115	50,500	12	0,946	Oui
116	50,500	12	0,946	Oui
117	50,500	12	0,946	Oui
118	51,000	12	0,928	Oui
119	51,000	12	0,928	Oui
120	51,000	12	0,932	Oui
121	51,000	12	0,932	Oui
122	51,500	13	0,992	Oui
123	51,000	13	1,014	Oui
124	51,500	13	0,996	Oui
125	51,500	13	0,996	Oui
126	52,000	13	0,979	Oui
127	52,500	13	0,963	Oui
128	52,500	13	0,969	Oui
129	53,000	13	0,953	Oui
130	53,500	13	0,938	Oui
131	54,000	13	0,923	Oui
132	53,500	13	0,938	Oui
133	53,500	13	0,938	Oui
134	54,000	14	0,994	Oui
135	54,500	14	0,972	Oui
136	54,500	14	0,972	Oui
137	54,500	14	0,966	Oui
138	55,000	14	0,946	Oui
139	55,000	14	0,946	Oui
140	55,000	14	0,946	Oui
141	54,500	14	0,961	Oui
142	54,500	14	0,956	Oui
143	54,500	14	0,956	Oui
144	55,000	14	0,941	Oui
145	54,500	14	0,956	Oui
146	54,000	14	0,972	Oui
147	53,500	14	0,989	Oui
148	53,500	14	0,989	Oui
149	53,500	14	0,989	Oui
150	54,000	14	0,972	Oui
151	54,500	14	0,956	Oui
152	55,000	14	0,941	Oui
153	55,000	14	0,941	Oui
154	54,500	14	0,961	Oui
155	54,500	13	0,897	Oui
156	54,000	13	0,912	Oui
157	53,500	13	0,927	Oui
158	53,500	13	0,927	Oui
159	54,000	13	0,912	Oui
160	54,000	13	0,912	Oui
161	53,500	12	0,860	Oui
162	53,500	12	0,855	Oui
163	53,500	12	0,855	Oui
164	53,000	12	0,874	Oui
165	53,000	12	0,874	Oui
166	53,000	12	0,874	Oui
167	53,000	12	0,880	Oui
168	53,000	12	0,886	Oui
169	53,000	12	0,886	Oui
170	53,000	12	0,880	Oui
171	52,500	12	0,894	Oui
172	52,000	12	0,909	Oui
173	52,000	12	0,909	Oui
174	52,500	12	0,894	Oui
175	52,000	12	0,909	Oui
176	51,500	12	0,930	Oui
177	51,500	12	0,930	Oui
178	51,500	12	0,930	Oui
179	51,500	12	0,930	Oui
180	51,500	11	0,859	Oui
181	51,000	11	0,873	Oui
182	51,000	11	0,873	Oui
183	51,500	11	0,853	Oui
184	51,000	11	0,867	Oui
185	50,500	11	0,882	Oui
186	51,000	11	0,867	Oui
187	50,500	11	0,888	Oui
188	51,000	11	0,873	Oui
189	51,000	10	0,800	Oui
190	51,000	10	0,800	Oui
191	51,000	10	0,800	Oui
192	51,500	10	0,787	Oui
193	51,500	10	0,787	Oui
194	51,500	10	0,787	Oui
195	52,000	10	0,774	Oui
196	52,000	10	0,774	Oui
197	51,500	10	0,787	Oui
198	51,500	10	0,794	Oui
199	52,000	10	0,781	Oui
200	52,500	10	0,769	Oui
201	52,500	10	0,769	Oui
202	52,000	10	0,781	Oui
203	52,500	10	0,769	Oui
204	52,500	10	0,769	Oui
205	52,500	10	0,769	Oui
206	52,500	11	0,855	Oui
207	52,500	11	0,855	Oui
208	52,500	11	0,855	Oui
209	52,000	11	0,868	Oui
210	52,500	11	0,846	Oui
211	52,500	10	0,769	Oui
212	52,000	10	0,781	Oui
213	52,500	10	0,769	Oui
214	52,500	10	0,769	Oui
215	52,500	10	0,769	Oui
216	52,500	9	0,699	Oui
217	52,000	9	0,710	Oui
218	52,500	9	0,692	Oui
219	52,500	9	0,692	Oui
220	53,000	9	0,675	Oui
221	53,000	10	0,758	Oui
222	53,000	10	0,758	Oui
223	52,500	9	0,699	Oui
224	52,000	9	0,710	Oui
225	52,000	9	0,703	Oui
226	51,500	8	0,641	Oui
227	51,500	8	0,641	Oui
228	51,000	8	0,651	Oui
229	51,000	8	0,651	Oui
230	51,000	7	0,570	Non
231	50,500	7	0,579	Non
232	50,000	7	0,588	Non
233	50,000	7	0,588	Non
234	49,500	7	0,604	Non
235	50,000	7	0,594	Non
236	50,500	7	0,579	Non
237	50,500	7	0,574	Non
238	50,000	7	0,583	Non
239	50,000	7	0,579	Non
240	50,500	7	0,565	Non
241	50,500	7	0,565	Non
242	51,000	7	0,556	Non
243	51,500	7	0,546	Non
244	51,500	7	0,546	Non
245	51,000	7	0,556	Non
246	51,000	7	0,556	Non
247	50,500	7	0,569	Non
248	50,500	7	0,569	Non
249	50,500	7	0,569	Non
250	50,000	7	0,579	Non
251	50,500	7	0,565	Non
252	51,000	7	0,552	Non
253	50,500	7	0,561	Non
254	50,000	7	0,575	Non
255	50,500	7	0,565	Non
256	50,000	7	0,575	Non
257	50,000	7	0,575	Non
258	50,500	7	0,565	Non
259	50,500	7	0,565	Non
260	51,000	7	0,552	Non
261	51,000	7	0,552	Non
262	51,000	7	0,556	Non
263	51,000	7	0,556	Non
264	51,500	7	0,543	Non
265	52,000	7	0,530	Non
266	52,000	7	0,530	Non
267	52,000	7	0,530	Non
268	52,000	7	0,530	Non
269	52,000	7	0,530	Non
270	52,500	7	0,522	Non
271	52,500	7	0,525	Non
272	52,500	7	0,529	Non
273	53,000	7	0,521	Non
274	52,500	6	0,457	Non
275	52,000	6	0,465	Non
276	52,000	6	0,465	Non
277	52,000	6	0,465	Non
278	52,000	6	0,469	Non
279	52,000	6	0,473	Non
280	52,500	6	0,466	Non
281	52,500	6	0,462	Non
282	52,000	6	0,469	Non
283	52,500	6	0,462	Non
284	52,500	6	0,462	Non
285	52,500	6	0,462	Non
286	52,000	6	0,473	Non
287	52,000	6	0,473	Non
288	51,500	6	0,481	Non
289	52,000	6	0,469	Non
290	52,000	6	0,473	Non
291	52,000	6	0,469	Non
292	52,000	7	0,547	Non
293	52,500	7	0,534	Non
294	52,000	7	0,542	Non
295	52,000	7	0,547	Non
296	52,500	7	0,538	Non
297	52,500	7	0,538	Non
298	52,500	7	0,538	Non
299	52,500	7	0,538	Non
300	52,500	7	0,544	Non
301	52,500	7	0,544	Non
302	53,000	7	0,536	Non
303	53,000	7	0,536	Non
304	53,000	6	0,464	Non
305	52,500	6	0,471	Non
306	52,000	6	0,478	Non
307	52,000	6	0,478	Non
308	52,000	7	0,565	Non
309	52,000	7	0,565	Non
310	51,500	7	0,580	Non
311	51,500	7	0,580	Non
312	51,500	7	0,580	Non
313	51,000	7	0,589	Non
314	51,000	7	0,589	Non
315	51,500	7	0,580	Non
316	51,500	7	0,573	Non
317	51,500	8	0,655	Oui
318	51,000	8	0,665	Oui
319	51,500	8	0,648	Oui
320	51,500	8	0,641	Oui
321	51,500	8	0,648	Oui
322	51,000	8	0,658	Oui
323	51,500	8	0,648	Oui
324	51,500	8	0,648	Oui
325	52,000	8	0,631	Oui
326	51,500	8	0,641	Oui
327	51,000	8	0,651	Oui
328	51,000	8	0,651	Oui
329	50,500	8	0,662	Oui
330	50,500	8	0,662	Oui
331	50,500	8	0,662	Oui
332	51,000	8	0,651	Oui
333	50,500	7	0,585	Non
334	50,500	7	0,579	Non
335	50,500	7	0,579	Non
336	50,500	7	0,579	Non
337	50,500	7	0,585	Non
338	50,500	7	0,585	Non
339	51,000	8	0,658	Oui
340	51,000	8	0,651	Oui
341	51,500	9	0,721	Oui
342	51,000	9	0,740	Oui
343	51,500	9	0,721	Oui
344	51,500	9	0,714	Oui
345	51,500	9	0,714	Oui
346	52,000	9	0,703	Oui
347	52,500	9	0,686	Oui
348	52,500	9	0,686	Oui
349	52,500	9	0,686	Oui
350	52,500	9	0,680	Oui
351	52,000	9	0,691	Oui
352	51,500	9	0,703	Oui
353	52,000	9	0,691	Oui
354	52,500	9	0,675	Oui
355	52,500	10	0,750	Oui
356	53,000	10	0,738	Oui
357	53,000	10	0,738	Oui
358	53,000	10	0,738	Oui
359	52,500	10	0,750	Oui
360	53,000	10	0,738	Oui
361	53,500	10	0,727	Oui
362	53,500	10	0,727	Oui
363	53,500	11	0,806	Oui
364	53,500	11	0,806	Oui
365	54,000	11	0,794	Oui
366	54,000	11	0,794	Oui
367	54,000	11	0,794	Oui
368	54,000	11	0,787	Oui
369	54,500	12	0,846	Oui
370	54,500	12	0,846	Oui
371	55,000	13	0,902	Oui
372	55,500	13	0,889	Oui
373	56,000	13	0,869	Oui
374	56,000	13	0,862	Oui
375	56,000	13	0,862	Oui
376	56,500	13	0,850	Oui
377	57,000	13	0,837	Oui
378	57,500	13	0,825	Oui
379	57,500	13	0,825	Oui
380	57,000	13	0,837	Oui
381	57,500	13	0,819	Oui
382	57,500	13	0,819	Oui
383	57,000	13	0,837	Oui
384	57,000	13	0,837	Oui
385	57,500	13	0,819	Oui
386	57,500	14	0,882	Oui
387	58,000	14	0,870	Oui
388	57,500	14	0,882	Oui
389	57,500	14	0,882	Oui
390	57,000	14	0,895	Oui
391	57,500	14	0,882	Oui
392	57,500	14	0,882	Oui
393	57,500	14	0,882	Oui
394	57,500	14	0,882	Oui
395	57,500	14	0,876	Oui
396	57,500	14	0,876	Oui
397	58,000	14	0,858	Oui
398	58,000	14	0,853	Oui
399	57,500	14	0,866	Oui
400	57,000	14	0,879	Oui
401	56,500	14	0,893	Oui
402	57,000	14	0,879	Oui
403	57,000	14	0,879	Oui
404	57,000	14	0,879	Oui
405	57,000	13	0,816	Oui
406	57,000	13	0,812	Oui
407	57,500	13	0,797	Oui
408	58,000	13	0,781	Oui
409	58,000	13	0,781	Oui
410	58,000	13	0,784	Oui
411	57,500	13	0,800	Oui
412	57,500	13	0,800	Oui
413	57,500	13	0,797	Oui
414	58,000	13	0,781	Oui
415	58,500	14	0,828	Oui
416	58,500	14	0,825	Oui
417	59,000	14	0,810	Oui
418	58,500	14	0,825	Oui
419	58,000	14	0,841	Oui
420	58,000	13	0,781	Oui
421	58,000	14	0,841	Oui
422	58,500	14	0,828	Oui
423	59,000	14	0,813	Oui
424	59,500	14	0,798	Oui
425	59,500	14	0,798	Oui
426	59,500	14	0,798	Oui
427	59,500	14	0,798	Oui
428	59,500	14	0,798	Oui
429	59,500	14	0,798	Oui
430	59,000	14	0,813	Oui
431	59,500	14	0,800	Oui
432	60,000	14	0,789	Oui
433	60,000	14	0,789	Oui
434	60,000	14	0,789	Oui
435	60,000	14	0,786	Oui
436	60,000	15	0,845	Oui
437	59,500	15	0,861	Oui
438	60,000	15	0,848	Oui
439	59,500	15	0,865	Oui
440	59,000	15	0,882	Oui
441	59,500	15	0,865	Oui
442	59,500	15	0,861	Oui
443	59,000	15	0,874	Oui
444	59,000	15	0,874	Oui
445	59,000	15	0,874	Oui
446	59,000	15	0,874	Oui
447	59,500	15	0,861	Oui
448	60,000	15	0,848	Oui
449	60,000	15	0,848	Oui
450	60,000	15	0,848	Oui
451	60,000	15	0,853	Oui
452	60,000	15	0,857	Oui
453	60,500	15	0,845	Oui
454	60,500	15	0,845	Oui
455	60,500	15	0,845	Oui
456	61,000	15	0,833	Oui
457	61,500	15	0,822	Oui
458	61,500	15	0,817	Oui
459	61,500	15	0,817	Oui
460	61,500	15	0,817	Oui
461	62,000	16	0,860	Oui
462	62,000	16	0,860	Oui
463	62,000	16	0,860	Oui
464	62,000	16	0,860	Oui
465	61,500	16	0,877	Oui
466	61,500	16	0,877	Oui
467	61,000	16	0,889	Oui
468	60,500	16	0,901	Oui
469	61,000	16	0,889	Oui
470	61,000	16	0,884	Oui
471	60,500	16	0,896	Oui
472	60,500	16	0,896	Oui
473	60,500	16	0,896	Oui
474	60,500	16	0,896	Oui
475	61,000	16	0,879	Oui
476	61,000	16	0,879	Oui
477	61,500	16	0,863	Oui
478	61,000	16	0,875	Oui
479	60,500	16	0,888	Oui
480	60,000	16	0,901	Oui
481	60,000	16	0,905	Oui
482	60,500	16	0,892	Oui
483	60,000	16	0,905	Oui
484	60,000	16	0,905	Oui
485	60,000	16	0,905	Oui
486	60,000	16	0,905	Oui
487	60,000	16	0,905	Oui
488	60,500	16	0,892	Oui
489	60,500	15	0,840	Oui
490	60,500	15	0,840	Oui
491	60,000	14	0,800	Oui
492	60,000	14	0,800	Oui
493	59,500	14	0,816	Oui
494	59,500	14	0,816	Oui
495	59,500	14	0,816	Oui
496	59,000	14	0,828	Oui
497	59,000	14	0,824	Oui
498	59,000	14	0,824	Oui
499	59,500	14	0,807	Oui
500	59,500	15	0,865	Oui
501	59,500	15	0,865	Oui
502	59,500	15	0,865	Oui
503	59,500	15	0,865	Oui
504	59,000	15	0,878	Oui
505	59,500	15	0,865	Oui
506	59,500	15	0,865	Oui
507	59,500	14	0,812	Oui
508	59,000	14	0,824	Oui
509	59,000	14	0,824	Oui
510	59,500	14	0,812	Oui
511	59,500	14	0,812	Oui
512	60,000	14	0,796	Oui
513	60,500	14	0,780	Oui
514	60,500	14	0,780	Oui
515	60,000	14	0,792	Oui
516	60,000	13	0,739	Oui
517	60,000	13	0,735	Oui
518	60,000	13	0,735	Oui
519	59,500	13	0,750	Oui
520	59,500	12	0,696	Oui
521	59,500	12	0,692	Oui
522	59,500	12	0,692	Oui
523	59,000	12	0,702	Oui
524	59,000	12	0,702	Oui
525	59,000	12	0,702	Oui
526	59,000	12	0,702	Oui
527	59,500	12	0,692	Oui
528	59,500	12	0,692	Oui
529	60,000	12	0,679	Oui
530	59,500	12	0,689	Oui
531	59,500	12	0,686	Oui
532	59,000	12	0,697	Oui
533	59,500	12	0,684	Oui
534	59,500	13	0,743	Oui
535	59,500	13	0,746	Oui
536	60,000	13	0,735	Oui
537	59,500	13	0,746	Oui
538	59,000	12	0,702	Oui
539	59,000	12	0,702	Oui
540	59,000	11	0,647	Oui
541	59,000	11	0,647	Oui
542	59,500	11	0,634	Oui
543	59,000	11	0,647	Oui
544	58,500	11	0,660	Oui
545	58,500	11	0,660	Oui
546	58,000	11	0,670	Oui
547	58,000	11	0,670	Oui
548	58,500	12	0,720	Oui
549	58,500	12	0,720	Oui
550	58,000	12	0,735	Oui
551	58,500	12	0,720	Oui
552	58,500	12	0,720	Oui
553	58,500	12	0,716	Oui
554	58,000	11	0,670	Oui
555	58,000	11	0,670	Oui
556	58,000	11	0,667	Oui
557	58,000	11	0,667	Oui
558	58,000	11	0,667	Oui
559	58,500	11	0,654	Oui
560	58,500	12	0,713	Oui
561	58,500	12	0,713	Oui
562	58,500	11	0,654	Oui
563	58,500	11	0,651	Oui
564	58,500	11	0,651	Oui
565	58,500	11	0,651	Oui
566	59,000	11	0,641	Oui
567	58,500	11	0,651	Oui
568	58,500	10	0,594	Non
569	58,500	10	0,594	Non
570	58,000	9	0,545	Non
571	58,000	9	0,545	Non
572	57,500	9	0,554	Non
573	57,000	9	0,565	Non
574	56,500	9	0,577	Non
575	57,000	9	0,565	Non
576	57,000	9	0,562	Non
577	57,000	10	0,625	Oui
578	57,000	10	0,625	Oui
579	57,000	10	0,625	Oui
580	57,500	10	0,613	Oui
581	57,000	10	0,625	Oui
582	57,500	10	0,615	Oui
583	57,500	10	0,615	Oui
584	58,000	10	0,603	Oui
585	58,000	9	0,543	Non
586	57,500	9	0,551	Non
587	57,500	9	0,551	Non
588	58,000	9	0,541	Non
589	57,500	9	0,549	Non
590	58,000	9	0,541	Non
591	57,500	9	0,549	Non
592	57,000	9	0,558	Non
593	57,000	9	0,558	Non
594	57,000	9	0,558	Non
595	56,500	9	0,569	Non
596	57,000	9	0,558	Non
597	57,000	10	0,622	Oui
598	57,000	10	0,622	Oui
599	57,500	11	0,674	Oui
600	58,000	11	0,661	Oui
601	58,000	11	0,661	Oui
602	57,500	11	0,672	Oui
603	57,500	11	0,672	Oui
604	57,500	11	0,672	Oui
605	57,500	12	0,735	Oui
606	57,000	12	0,750	Oui
607	56,500	12	0,765	Oui
608	56,000	12	0,781	Oui
609	56,500	12	0,765	Oui
610	56,000	12	0,777	Oui
611	56,000	12	0,777	Oui
612	56,500	12	0,765	Oui
613	56,500	12	0,769	Oui
614	56,000	11	0,720	Oui
615	56,000	11	0,720	Oui
616	55,500	11	0,736	Oui
617	55,500	11	0,741	Oui
618	55,500	11	0,741	Oui
619	55,500	11	0,741	Oui
620	55,000	10	0,689	Oui
621	54,500	10	0,699	Oui
622	54,500	10	0,699	Oui
623	54,500	10	0,705	Oui
624	54,500	10	0,705	Oui
625	54,500	10	0,705	Oui
626	55,000	10	0,689	Oui
627	55,000	11	0,758	Oui
628	55,000	11	0,758	Oui
629	55,500	11	0,746	Oui
630	56,000	11	0,735	Oui
631	55,500	11	0,746	Oui
632	55,500	11	0,746	Oui
633	55,000	11	0,764	Oui
634	55,500	11	0,752	Oui
635	55,000	10	0,700	Oui
636	54,500	10	0,711	Oui
637	55,000	10	0,694	Oui
638	54,500	10	0,705	Oui
639	54,500	10	0,705	Oui
640	55,000	10	0,694	Oui
641	55,000	10	0,700	Oui
642	54,500	10	0,717	Oui
643	54,500	10	0,717	Oui
644	55,000	10	0,700	Oui
645	55,500	10	0,684	Oui
646	55,500	11	0,752	Oui
647	55,500	11	0,746	Oui
648	55,000	11	0,758	Oui
649	55,000	11	0,758	Oui
650	55,000	11	0,758	Oui
651	54,500	11	0,769	Oui
652	54,500	11	0,769	Oui
653	54,000	11	0,781	Oui
654	54,500	11	0,769	Oui
655	54,500	11	0,769	Oui
656	54,500	11	0,764	Oui
657	54,500	11	0,759	Oui
658	54,500	11	0,759	Oui
659	54,500	11	0,759	Oui
660	54,500	10	0,694	Oui
661	54,000	10	0,705	Oui
662	54,000	10	0,701	Oui
663	54,500	10	0,686	Oui
664	54,500	11	0,759	Oui
665	54,500	11	0,759	Oui
666	54,500	11	0,759	Oui
667	54,500	11	0,759	Oui
668	55,000	11	0,747	Oui
669	54,500	11	0,759	Oui
670	54,500	11	0,759	Oui
671	54,500	11	0,759	Oui
672	54,000	11	0,771	Oui
673	53,500	11	0,784	Oui
674	54,000	11	0,767	Oui
675	53,500	11	0,784	Oui
676	53,500	11	0,789	Oui
677	53,000	11	0,806	Oui
678	53,000	11	0,806	Oui
679	53,500	11	0,789	Oui
680	53,500	11	0,789	Oui
681	53,500	11	0,784	Oui
682	53,000	11	0,797	Oui
683	53,000	11	0,797	Oui
684	53,000	11	0,801	Oui
685	53,500	11	0,789	Oui
686	53,500	11	0,789	Oui
687	54,000	11	0,771	Oui
688	53,500	11	0,784	Oui
689	53,000	11	0,797	Oui
690	53,000	11	0,797	Oui
691	53,000	11	0,797	Oui
692	52,500	11	0,811	Oui
693	53,000	11	0,797	Oui
694	53,500	11	0,780	Oui
695	53,500	12	0,851	Oui
696	54,000	12	0,837	Oui
697	54,000	12	0,837	Oui
698	54,500	13	0,892	Oui
699	54,000	12	0,842	Oui
700	54,000	12	0,842	Oui
701	54,500	12	0,824	Oui
702	54,000	12	0,837	Oui
703	54,000	12	0,837	Oui
704	54,000	12	0,837	Oui
705	54,000	12	0,837	Oui
706	54,500	12	0,820	Oui
707	54,000	12	0,833	Oui
708	54,000	12	0,833	Oui
709	54,500	12	0,816	Oui
710	54,500	12	0,814	Oui
711	55,000	12	0,798	Oui
712	55,000	13	0,867	Oui
713	54,500	13	0,884	Oui
714	55,000	13	0,870	Oui
715	55,500	13	0,852	Oui
716	55,500	13	0,850	Oui
717	55,500	14	0,918	Oui
718	55,500	14	0,918	Oui
719	56,000	14	0,900	Oui
720	56,000	14	0,897	Oui
721	55,500	14	0,915	Oui
722	56,000	14	0,900	Oui
723	56,500	14	0,886	Oui
724	56,000	14	0,900	Oui
725	56,000	14	0,903	Oui
726	56,000	14	0,903	Oui
727	56,000	14	0,903	Oui
728	56,000	14	0,903	Oui
729	56,000	14	0,903	Oui
730	56,500	15	0,952	Oui
731	56,000	15	0,972	Oui
732	56,000	15	0,972	Oui
733	55,500	14	0,926	Oui
734	55,500	14	0,926	Oui
735	55,000	14	0,941	Oui
736	54,500	14	0,956	Oui
737	54,500	14	0,956	Oui
738	55,000	14	0,937	Oui
739	55,000	15	1,004	Oui
740	55,000	15	1,004	Oui
741	54,500	15	1,020	Oui
742	54,000	15	1,042	Oui
743	54,500	15	1,025	Oui
744	54,500	15	1,025	Oui
745	55,000	15	1,008	Oui
746	55,500	15	0,992	Oui
747	55,000	14	0,946	Oui
748	54,500	14	0,961	Oui
749	55,000	14	0,941	Oui
750	55,000	14	0,941	Oui
751	55,000	14	0,946	Oui
752	55,500	14	0,926	Oui
753	55,000	14	0,946	Oui
754	55,500	14	0,931	Oui
755	55,000	14	0,946	Oui
756	54,500	14	0,966	Oui
757	55,000	14	0,946	Oui
758	55,500	15	0,997	Oui
759	55,000	14	0,951	Oui
760	54,500	14	0,966	Oui
761	54,500	14	0,966	Oui
762	54,000	14	0,988	Oui
763	53,500	14	1,010	Oui
764	53,500	14	1,010	Oui
765	53,500	14	1,004	Oui
766	53,500	14	0,998	Oui
767	54,000	15	1,052	Oui
768	53,500	15	1,069	Oui
769	53,000	15	1,087	Oui
770	53,500	15	1,069	Oui
771	53,500	15	1,064	Oui
772	54,000	15	1,042	Oui
773	54,500	16	1,093	Oui
774	55,000	16	1,071	Oui
775	55,000	17	1,142	Oui
776	55,000	16	1,075	Oui
777	55,000	16	1,071	Oui
778	54,500	16	1,088	Oui
779	54,500	16	1,088	Oui
780	54,000	16	1,111	Oui
781	54,500	16	1,088	Oui
782	54,000	16	1,107	Oui
783	54,000	16	1,107	Oui
784	54,000	16	1,111	Oui
785	54,000	16	1,116	Oui
786	54,500	16	1,093	Oui
787	54,500	16	1,088	Oui
788	54,500	16	1,088	Oui
789	54,500	16	1,088	Oui
790	54,500	16	1,088	Oui
791	55,000	16	1,071	Oui
792	55,000	16	1,071	Oui
793	55,000	16	1,071	Oui
794	55,000	16	1,071	Oui
795	55,500	16	1,053	Oui
796	55,000	15	1,008	Oui
797	55,000	15	1,008	Oui
798	54,500	14	0,961	Oui
799	54,500	14	0,956	Oui
800	54,500	15	1,030	Oui
801	55,000	15	1,013	Oui
802	55,500	15	0,997	Oui
803	55,500	15	0,992	Oui
804	55,500	14	0,926	Oui
805	55,000	14	0,941	Oui
806	55,000	14	0,941	Oui
807	55,000	14	0,941	Oui
808	55,500	14	0,926	Oui
809	55,000	14	0,946	Oui
810	55,000	14	0,946	Oui
811	55,000	14	0,946	Oui
812	54,500	14	0,961	Oui
813	54,000	14	0,977	Oui
814	54,500	14	0,956	Oui
815	54,500	15	1,025	Oui
816	55,000	15	1,008	Oui
817	54,500	15	1,025	Oui
818	54,500	15	1,025	Oui
819	55,000	15	1,004	Oui
820	55,000	15	1,004	Oui
821	55,000	15	1,004	Oui
822	54,500	15	1,020	Oui
823	54,000	15	1,038	Oui
824	53,500	15	1,059	Oui
825	53,000	15	1,082	Oui
826	52,500	14	1,032	Oui
827	52,500	14	1,032	Oui
828	53,000	14	1,010	Oui
829	53,000	14	1,006	Oui
830	52,500	14	1,023	Oui
831	52,500	14	1,023	Oui
832	52,500	14	1,020	Oui
833	52,500	14	1,020	Oui
834	52,500	14	1,020	Oui
835	53,000	14	1,000	Oui
836	53,500	14	0,980	Oui
837	53,000	14	1,000	Oui
838	53,500	14	0,980	Oui
839	54,000	15	1,032	Oui
840	53,500	15	1,050	Oui
841	53,000	15	1,070	Oui
842	53,000	15	1,070	Oui
843	53,000	15	1,070	Oui
844	53,000	15	1,070	Oui
845	53,000	15	1,071	Oui
846	53,000	15	1,070	Oui
847	52,500	15	1,091	Oui
848	53,000	15	1,071	Oui
849	53,500	15	1,050	Oui
850	54,000	15	1,030	Oui
851	54,500	15	1,011	Oui
852	54,000	15	1,029	Oui
853	54,000	15	1,029	Oui
854	53,500	15	1,048	Oui
855	53,500	15	1,048	Oui
856	53,000	15	1,068	Oui
857	52,500	15	1,089	Oui
858	52,500	15	1,091	Oui
859	53,000	15	1,070	Oui
860	52,500	15	1,089	Oui
861	53,000	15	1,068	Oui
862	52,500	15	1,089	Oui
863	52,500	14	1,018	Oui
864	52,500	14	1,018	Oui
865	52,500	14	1,018	Oui
866	53,000	14	1,000	Oui
867	53,500	14	0,980	Oui
868	53,500	14	0,979	Oui
869	54,000	15	1,030	Oui
870	53,500	15	1,050	Oui
871	53,500	15	1,050	Oui
872	54,000	15	1,032	Oui
873	54,000	15	1,032	Oui
874	53,500	15	1,053	Oui
875	53,500	15	1,053	Oui
876	53,500	15	1,050	Oui
877	53,500	15	1,050	Oui
878	53,500	15	1,050	Oui
879	53,500	15	1,053	Oui
880	54,000	15	1,032	Oui
881	54,000	16	1,103	Oui
882	54,500	16	1,085	Oui
883	54,500	16	1,085	Oui
884	54,000	16	1,103	Oui
885	54,000	16	1,101	Oui
886	54,000	16	1,101	Oui
887	53,500	16	1,123	Oui
888	53,500	16	1,123	Oui
889	54,000	16	1,101	Oui
890	53,500	16	1,120	Oui
891	54,000	16	1,101	Oui
892	54,500	16	1,080	Oui
893	54,500	17	1,147	Oui
894	54,000	16	1,101	Oui
895	54,000	16	1,099	Oui
896	54,000	17	1,168	Oui
897	53,500	16	1,120	Oui
898	53,500	16	1,120	Oui
899	54,000	16	1,101	Oui
900	54,000	16	1,101	Oui
901	54,000	16	1,103	Oui
902	54,500	16	1,082	Oui
903	55,000	16	1,061	Oui
904	55,000	16	1,061	Oui
905	55,000	16	1,061	Oui
906	54,500	16	1,082	Oui
907	54,500	16	1,082	Oui
908	55,000	16	1,061	Oui
909	55,000	16	1,061	Oui
910	54,500	16	1,082	Oui
911	54,000	15	1,034	Oui
912	54,000	15	1,034	Oui
913	54,500	15	1,017	Oui
914	54,500	15	1,017	Oui
915	54,500	15	1,020	Oui
916	54,500	14	0,956	Oui
917	54,000	14	0,972	Oui
918	54,500	14	0,952	Oui
919	54,500	14	0,952	Oui
920	54,000	14	0,972	Oui
921	54,500	14	0,956	Oui
922	54,000	14	0,972	Oui
923	54,000	14	0,969	Oui
924	54,000	14	0,969	Oui
925	54,000	14	0,969	Oui
926	54,500	14	0,949	Oui
927	54,000	14	0,966	Oui
928	54,000	14	0,966	Oui
929	54,000	13	0,897	Oui
930	54,000	14	0,966	Oui
931	54,000	14	0,966	Oui
932	54,500	14	0,949	Oui
933	54,500	14	0,949	Oui
934	54,000	14	0,966	Oui
935	54,500	14	0,949	Oui
936	55,000	14	0,931	Oui
937	55,000	14	0,931	Oui
938	54,500	13	0,881	Oui
939	54,500	13	0,881	Oui
940	54,000	13	0,897	Oui
941	54,000	13	0,897	Oui
942	54,500	13	0,879	Oui
943	54,500	13	0,877	Oui
944	55,000	14	0,928	Oui
945	54,500	14	0,945	Oui
946	54,000	14	0,962	Oui
947	54,500	14	0,943	Oui
948	55,000	15	0,993	Oui
949	54,500	15	1,012	Oui
950	54,500	15	1,012	Oui
951	54,500	15	1,012	Oui
952	54,000	15	1,032	Oui
953	54,500	15	1,014	Oui
954	54,500	15	1,014	Oui
955	54,500	15	1,014	Oui
956	55,000	15	0,997	Oui
957	55,000	14	0,933	Oui
958	55,000	14	0,931	Oui
959	55,000	14	0,931	Oui
960	55,500	14	0,915	Oui
961	55,000	14	0,931	Oui
962	55,500	14	0,913	Oui
963	55,500	14	0,913	Oui
964	55,500	14	0,913	Oui
965	55,500	14	0,913	Oui
966	55,000	13	0,864	Oui
967	55,000	13	0,862	Oui
968	55,000	13	0,862	Oui
969	55,000	13	0,862	Oui
970	55,000	13	0,861	Oui
971	55,000	13	0,861	Oui
972	54,500	12	0,810	Oui
973	54,000	12	0,824	Oui
974	54,000	11	0,757	Oui
975	54,000	11	0,755	Oui
976	53,500	11	0,770	Oui
977	53,500	11	0,770	Oui
978	53,500	11	0,770	Oui
979	53,500	11	0,770	Oui
980	53,500	11	0,770	Oui
981	53,000	11	0,786	Oui
982	53,000	11	0,786	Oui
983	53,500	11	0,772	Oui
984	53,500	11	0,772	Oui
985	53,500	11	0,772	Oui
986	53,000	11	0,788	Oui
987	52,500	11	0,804	Oui
988	52,500	11	0,804	Oui
989	52,500	11	0,804	Oui
990	52,000	11	0,818	Oui
991	51,500	11	0,833	Oui
992	52,000	11	0,816	Oui
993	52,000	11	0,816	Oui
994	52,000	11	0,816	Oui
995	51,500	11	0,831	Oui
996	51,500	11	0,831	Oui
997	51,000	11	0,847	Oui
998	51,500	11	0,830	Oui
999	51,000	10	0,770	Oui
1000	51,000	10	0,769	Oui
1001	51,000	11	0,846	Oui
1002	51,000	11	0,846	Oui
1003	50,500	11	0,863	Oui
1004	50,000	11	0,881	Oui
1005	50,500	11	0,865	Oui
1006	50,500	11	0,865	Oui
1007	51,000	11	0,847	Oui
1008	50,500	11	0,863	Oui
1009	50,500	11	0,863	Oui
1010	50,500	11	0,863	Oui
1011	51,000	11	0,846	Oui
1012	51,500	12	0,906	Oui
1013	52,000	12	0,888	Oui
1014	51,500	11	0,830	Oui
1015	51,000	11	0,846	Oui
1016	51,000	11	0,846	Oui
1017	51,500	12	0,905	Oui
1018	52,000	12	0,888	Oui
1019	52,000	12	0,888	Oui
1020	52,500	12	0,871	Oui
1021	53,000	13	0,926	Oui
1022	53,000	13	0,926	Oui
1023	53,000	13	0,926	Oui
1024	53,500	13	0,908	Oui
1025	54,000	13	0,892	Oui
1026	54,500	13	0,875	Oui
1027	54,500	14	0,943	Oui
1028	54,500	14	0,943	Oui
1029	54,500	14	0,943	Oui
1030	54,500	14	0,943	Oui
1031	55,000	14	0,927	Oui
1032	54,500	14	0,945	Oui
1033	54,500	14	0,945	Oui
1034	54,500	14	0,943	Oui
1035	54,500	14	0,943	Oui
1036	54,500	15	1,012	Oui
1037	55,000	15	0,993	Oui
1038	54,500	14	0,945	Oui
1039	54,500	14	0,945	Oui
1040	54,500	14	0,945	Oui
1041	55,000	14	0,928	Oui
1042	55,000	14	0,928	Oui
1043	55,500	14	0,913	Oui
1044	55,000	13	0,864	Oui
1045	55,000	13	0,862	Oui
1046	54,500	13	0,879	Oui
1047	55,000	13	0,862	Oui
1048	55,000	14	0,928	Oui
1049	55,000	14	0,928	Oui
1050	55,000	14	0,928	Oui
1051	55,000	14	0,928	Oui
1052	55,000	14	0,928	Oui
1053	55,000	14	0,928	Oui
1054	55,500	14	0,913	Oui
1055	55,000	14	0,928	Oui
1056	55,000	14	0,928	Oui
1057	55,500	14	0,913	Oui
1058	55,000	14	0,928	Oui
1059	54,500	14	0,947	Oui
1060	54,500	14	0,947	Oui
1061	54,000	14	0,966	Oui
1062	54,500	14	0,949	Oui
1063	54,000	14	0,966	Oui
1064	54,000	14	0,966	Oui
1065	54,500	14	0,949	Oui
1066	54,500	14	0,947	Oui
1067	54,500	15	1,017	Oui
1068	54,000	14	0,969	Oui
1069	54,000	14	0,966	Oui
1070	54,500	15	1,017	Oui
1071	54,500	15	1,017	Oui
1072	54,500	15	1,017	Oui
1073	55,000	15	0,997	Oui
1074	55,000	15	0,997	Oui
1075	55,000	15	0,997	Oui
1076	55,000	15	1,000	Oui
1077	55,500	15	0,980	Oui
1078	56,000	16	1,029	Oui
1079	56,000	16	1,026	Oui
1080	55,500	15	0,980	Oui
1081	55,000	15	0,997	Oui
1082	54,500	15	1,014	Oui
1083	55,000	15	0,997	Oui
1084	55,500	15	0,980	Oui
1085	55,500	15	0,984	Oui
1086	56,000	15	0,964	Oui
1087	56,000	15	0,964	Oui
1088	56,500	15	0,946	Oui
1089	56,500	15	0,946	Oui
1090	57,000	15	0,928	Oui
1091	56,500	15	0,943	Oui
1092	56,500	14	0,881	Oui
1093	56,000	14	0,895	Oui
1094	56,000	14	0,895	Oui
1095	56,000	13	0,833	Oui
1096	56,000	13	0,833	Oui
1097	56,500	13	0,820	Oui
1098	56,500	13	0,820	Oui
1099	56,500	13	0,820	Oui
1100	56,000	13	0,833	Oui
1101	56,000	13	0,831	Oui
1102	55,500	13	0,847	Oui
1103	55,500	13	0,850	Oui
1104	56,000	13	0,836	Oui
1105	56,000	13	0,833	Oui
1106	56,500	13	0,818	Oui
1107	56,500	13	0,818	Oui
1108	56,500	13	0,820	Oui
1109	56,500	13	0,822	Oui
1110	56,500	13	0,822	Oui
1111	56,500	13	0,822	Oui
1112	56,500	13	0,822	Oui
1113	56,000	13	0,836	Oui
1114	55,500	13	0,850	Oui
1115	55,500	13	0,847	Oui
1116	55,000	13	0,862	Oui
1117	55,000	13	0,862	Oui
1118	55,000	13	0,862	Oui
1119	54,500	13	0,879	Oui
1120	55,000	13	0,862	Oui
1121	55,000	13	0,861	Oui
1122	55,500	14	0,911	Oui
1123	55,000	14	0,928	Oui
1124	55,500	14	0,911	Oui
1125	55,500	14	0,910	Oui
1126	55,000	14	0,927	Oui
1127	55,500	14	0,910	Oui
1128	55,000	14	0,926	Oui
1129	54,500	13	0,876	Oui
1130	54,500	13	0,875	Oui
1131	54,500	13	0,875	Oui
1132	54,500	13	0,875	Oui
1133	54,500	13	0,875	Oui
1134	55,000	13	0,860	Oui
1135	54,500	13	0,875	Oui
1136	54,500	13	0,875	Oui
1137	55,000	13	0,860	Oui
1138	55,500	13	0,844	Oui
1139	55,500	13	0,845	Oui
1140	55,500	13	0,845	Oui
1141	56,000	13	0,829	Oui
1142	56,000	13	0,829	Oui
1143	56,000	12	0,766	Oui
1144	56,000	12	0,766	Oui
1145	56,000	12	0,766	Oui
1146	56,000	12	0,766	Oui
1147	55,500	11	0,715	Oui
1148	55,500	11	0,715	Oui
1149	55,500	11	0,715	Oui
1150	56,000	11	0,702	Oui
1151	56,000	12	0,766	Oui
1152	56,000	12	0,766	Oui
1153	56,000	12	0,766	Oui
1154	56,000	12	0,766	Oui
1155	56,000	12	0,766	Oui
1156	56,000	12	0,768	Oui
1157	56,000	12	0,769	Oui
1158	56,000	12	0,769	Oui
1159	56,500	12	0,757	Oui
1160	56,000	12	0,771	Oui
1161	56,500	12	0,759	Oui
1162	56,500	12	0,759	Oui
1163	57,000	13	0,806	Oui
1164	57,000	13	0,806	Oui
1165	57,000	13	0,804	Oui
1166	57,500	13	0,789	Oui
1167	57,500	13	0,789	Oui
1168	58,000	14	0,835	Oui
1169	58,500	14	0,820	Oui
1170	58,500	14	0,819	Oui
1171	58,000	14	0,833	Oui
1172	58,500	14	0,818	Oui
1173	59,000	14	0,805	Oui
1174	59,000	14	0,805	Oui
1175	59,000	15	0,862	Oui
1176	59,000	15	0,862	Oui
1177	59,000	15	0,862	Oui
1178	59,000	15	0,862	Oui
1179	59,500	15	0,847	Oui
1180	60,000	15	0,834	Oui
1181	60,500	15	0,820	Oui
1182	60,500	15	0,820	Oui
1183	60,000	15	0,834	Oui
1184	59,500	15	0,849	Oui
1185	59,500	15	0,849	Oui
1186	59,500	15	0,849	Oui
1187	59,500	15	0,849	Oui
1188	59,500	15	0,848	Oui
1189	60,000	15	0,834	Oui
1190	60,500	15	0,820	Oui
1191	61,000	15	0,807	Oui
1192	61,000	15	0,807	Oui
1193	61,000	15	0,807	Oui
1194	61,500	15	0,794	Oui
1195	62,000	16	0,833	Oui
1196	62,500	16	0,820	Oui
1197	62,500	16	0,820	Oui
1198	62,500	16	0,820	Oui
1199	63,000	17	0,857	Oui
1200	62,500	16	0,819	Oui
1201	62,500	16	0,819	Oui
1202	62,500	16	0,820	Oui
1203	62,500	16	0,820	Oui
1204	63,000	16	0,807	Oui
1205	63,000	17	0,858	Oui
1206	63,000	17	0,858	Oui
1207	62,500	17	0,871	Oui
1208	62,500	17	0,871	Oui
1209	62,500	17	0,871	Oui
1210	63,000	17	0,857	Oui
1211	62,500	16	0,819	Oui
1212	62,500	16	0,819	Oui
1213	62,000	16	0,832	Oui
1214	62,500	16	0,819	Oui
1215	63,000	16	0,806	Oui
1216	62,500	15	0,768	Oui
1217	62,500	15	0,768	Oui
1218	62,000	15	0,781	Oui
1219	62,000	15	0,782	Oui
1220	62,000	14	0,731	Oui
1221	62,000	14	0,730	Oui
1222	62,000	14	0,730	Oui
1223	62,000	14	0,730	Oui
1224	61,500	14	0,742	Oui
1225	61,500	14	0,741	Oui
1226	61,500	14	0,742	Oui
1227	61,500	14	0,742	Oui
1228	61,500	14	0,742	Oui
1229	61,000	14	0,754	Oui
1230	61,500	14	0,742	Oui
1231	61,500	14	0,741	Oui
1232	62,000	14	0,729	Oui
1233	62,000	14	0,729	Oui
1234	61,500	14	0,741	Oui
1235	61,000	13	0,699	Oui
1236	60,500	13	0,711	Oui
1237	60,500	13	0,712	Oui
1238	61,000	13	0,699	Oui
1239	60,500	13	0,711	Oui
1240	61,000	13	0,699	Oui
1241	60,500	13	0,711	Oui
1242	61,000	13	0,699	Oui
1243	61,000	14	0,753	Oui
1244	61,500	14	0,740	Oui
1245	61,000	14	0,753	Oui
1246	61,500	14	0,741	Oui
1247	61,500	13	0,689	Oui
1248	61,000	13	0,699	Oui
1249	60,500	13	0,712	Oui
1250	60,500	13	0,713	Oui
1251	60,500	13	0,714	Oui
1252	61,000	13	0,702	Oui
1253	61,500	14	0,744	Oui
1254	61,500	14	0,744	Oui
1255	62,000	14	0,733	Oui
1256	62,000	14	0,733	Oui
1257	62,000	14	0,731	Oui
1258	62,500	14	0,719	Oui
1259	62,500	14	0,719	Oui
1260	63,000	14	0,707	Oui
1261	63,500	15	0,746	Oui
1262	63,500	15	0,745	Oui
1263	63,500	15	0,745	Oui
1264	63,000	15	0,757	Oui
1265	62,500	15	0,768	Oui
1266	62,500	14	0,718	Oui
1267	62,000	14	0,729	Oui
1268	62,000	14	0,729	Oui
1269	62,000	13	0,677	Oui
1270	61,500	13	0,688	Oui
1271	61,500	13	0,688	Oui
1272	61,000	13	0,699	Oui
1273	61,000	13	0,699	Oui
1274	61,500	13	0,689	Oui
1275	62,000	13	0,678	Oui
1276	61,500	13	0,689	Oui
1277	61,000	12	0,647	Oui
1278	61,000	12	0,647	Oui
1279	61,000	12	0,648	Oui
1280	61,500	12	0,637	Oui
1281	62,000	13	0,679	Oui
1282	62,500	13	0,669	Oui
1283	62,500	13	0,668	Oui
1284	62,500	13	0,667	Oui
1285	62,000	13	0,677	Oui
1286	62,000	13	0,678	Oui
1287	62,500	13	0,667	Oui
1288	62,500	14	0,719	Oui
1289	62,000	14	0,731	Oui
1290	62,000	14	0,733	Oui
1291	62,500	14	0,722	Oui
1292	62,000	14	0,735	Oui
1293	62,500	14	0,725	Oui
1294	63,000	14	0,714	Oui
1295	62,500	14	0,725	Oui
1296	62,000	14	0,735	Oui
1297	62,000	14	0,735	Oui
1298	62,000	14	0,735	Oui
1299	61,500	14	0,746	Oui
1300	62,000	14	0,735	Oui
1301	61,500	14	0,749	Oui
1302	61,500	14	0,749	Oui
1303	61,000	14	0,760	Oui
1304	60,500	14	0,771	Oui
1305	60,000	14	0,786	Oui
1306	60,000	14	0,789	Oui
1307	60,500	14	0,774	Oui
1308	60,000	14	0,786	Oui
1309	60,000	14	0,786	Oui
1310	60,000	14	0,786	Oui
1311	60,000	14	0,786	Oui
1312	59,500	14	0,798	Oui
1313	60,000	14	0,786	Oui
1314	60,000	14	0,786	Oui
1315	60,000	14	0,786	Oui
1316	60,500	15	0,829	Oui
1317	60,500	15	0,829	Oui
1318	60,000	15	0,845	Oui
1319	60,000	15	0,845	Oui
1320	60,000	15	0,848	Oui
1321	59,500	14	0,807	Oui
1322	59,000	14	0,819	Oui
1323	59,500	14	0,807	Oui
1324	59,000	14	0,824	Oui
1325	59,000	14	0,824	Oui
1326	59,000	14	0,824	Oui
1327	59,000	14	0,828	Oui
1328	59,500	14	0,816	Oui
1329	60,000	14	0,805	Oui
1330	59,500	14	0,822	Oui
1331	60,000	14	0,810	Oui
1332	60,000	14	0,805	Oui
1333	60,500	15	0,850	Oui
1334	60,000	15	0,862	Oui
1335	60,500	15	0,850	Oui
1336	60,500	15	0,856	Oui
1337	60,500	15	0,863	Oui
1338	60,500	15	0,870	Oui
1339	60,500	15	0,877	Oui
1340	60,500	15	0,877	Oui
1341	60,000	15	0,889	Oui
1342	59,500	15	0,909	Oui
1343	59,500	15	0,918	Oui
1344	59,500	15	0,928	Oui
1345	59,500	15	0,928	Oui
1346	59,500	15	0,928	Oui
1347	59,500	15	0,928	Oui
1348	59,000	15	0,940	Oui
1349	59,500	15	0,918	Oui
1350	59,500	14	0,857	Oui
1351	59,500	15	0,918	Oui
1352	59,500	15	0,918	Oui
1353	59,500	15	0,918	Oui
1354	59,000	15	0,930	Oui
1355	59,500	15	0,918	Oui
1356	59,500	15	0,928	Oui
1357	59,500	15	0,938	Oui
1358	59,000	15	0,962	Oui
1359	59,000	15	0,962	Oui
1360	59,500	16	1,013	Oui
1361	59,000	16	1,039	Oui
1362	58,500	15	0,999	Oui
1363	58,000	15	1,012	Oui
1364	58,000	15	1,012	Oui
1365	58,000	15	0,999	Oui
1366	57,500	15	1,012	Oui
1367	57,500	14	0,957	Oui
1368	57,500	14	0,945	Oui
1369	57,000	14	0,957	Oui
1370	56,500	14	0,970	Oui
1371	56,500	14	0,970	Oui
1372	56,500	14	0,970	Oui
1373	56,000	14	0,996	Oui
1374	55,500	13	0,950	Oui
1375	55,000	13	0,963	Oui
1376	55,000	13	0,963	Oui
1377	55,000	13	0,976	Oui
1378	55,500	13	0,963	Oui
1379	55,500	13	0,963	Oui
1380	55,000	13	0,990	Oui
1381	55,000	13	0,990	Oui
1382	55,500	13	0,963	Oui
1383	56,000	14	1,023	Oui
1384	56,500	14	0,996	Oui
1385	56,500	14	0,982	Oui
1386	57,000	15	1,039	Oui
1387	57,500	15	1,025	Oui
1388	57,500	15	1,025	Oui
1389	57,500	15	1,012	Oui
1390	57,500	16	1,094	Oui
1391	57,000	16	1,123	Oui
1392	57,000	16	1,140	Oui
1393	57,500	16	1,109	Oui
1394	57,500	16	1,125	Oui
1395	57,000	16	1,140	Oui
1396	57,000	16	1,123	Oui
1397	57,000	16	1,123	Oui
1398	56,500	15	1,082	Oui
1399	56,500	15	1,082	Oui
1400	57,000	15	1,068	Oui
1401	57,000	15	1,053	Oui
1402	57,000	16	1,140	Oui
1403	57,500	16	1,125	Oui
1404	57,000	15	1,085	Oui
1405	57,000	15	1,085	Oui
1406	57,000	15	1,085	Oui
1407	57,000	15	1,085	Oui
1408	57,000	15	1,085	Oui
1409	57,000	15	1,085	Oui
1410	56,500	15	1,099	Oui
1411	56,500	15	1,099	Oui
1412	56,000	15	1,113	Oui
1413	56,500	15	1,099	Oui
1414	56,500	15	1,099	Oui
1415	56,000	15	1,113	Oui
1416	56,500	15	1,082	Oui
1417	56,500	15	1,067	Oui
1418	57,000	15	1,039	Oui
1419	56,500	15	1,053	Oui
1420	56,500	15	1,053	Oui
1421	56,000	15	1,081	Oui
1422	56,000	15	1,081	Oui
1423	56,500	15	1,053	Oui
1424	57,000	15	1,026	Oui
1425	56,500	14	0,982	Oui
1426	56,000	14	0,996	Oui
1427	55,500	14	1,009	Oui
1428	55,500	14	0,997	Oui
1429	56,000	14	0,972	Oui
1430	55,500	14	0,997	Oui
1431	55,000	14	1,023	Oui
1432	55,000	14	1,023	Oui
1433	55,000	14	1,023	Oui
1434	55,500	14	1,009	Oui
1435	56,000	14	0,983	Oui
1436	56,000	14	0,983	Oui
1437	55,500	14	0,997	Oui
1438	55,500	14	1,009	Oui
1439	56,000	14	0,996	Oui
1440	56,000	14	0,996	Oui
1441	56,000	14	0,996	Oui
1442	56,000	13	0,925	Oui
1443	56,000	14	0,996	Oui
1444	55,500	14	1,023	Oui
1445	56,000	14	0,996	Oui
1446	56,000	15	1,067	Oui
1447	55,500	15	1,081	Oui
1448	55,500	15	1,081	Oui
1449	55,500	15	1,081	Oui
1450	55,500	15	1,068	Oui
1451	55,500	16	1,140	Oui
1452	55,000	15	1,096	Oui
1453	54,500	15	1,112	Oui
1454	54,500	15	1,112	Oui
1455	54,000	15	1,128	Oui
1456	54,000	15	1,128	Oui
1457	53,500	15	1,158	Oui
1458	53,000	15	1,190	Oui
1459	53,500	15	1,158	Oui
1460	53,000	14	1,111	Oui
1461	52,500	14	1,127	Oui
1462	52,500	14	1,143	Oui
1463	52,500	14	1,143	Oui
1464	53,000	14	1,111	Oui
1465	53,000	14	1,111	Oui
1466	52,500	14	1,127	Oui
1467	52,500	14	1,127	Oui
1468	53,000	14	1,111	Oui
1469	52,500	14	1,143	Oui
1470	53,000	14	1,127	Oui
1471	53,000	14	1,127	Oui
1472	53,500	14	1,111	Oui
1473	53,000	14	1,127	Oui
1474	52,500	14	1,143	Oui
1475	52,500	14	1,127	Oui
1476	53,000	15	1,190	Oui
1477	53,000	15	1,190	Oui
1478	52,500	15	1,208	Oui
1479	52,000	15	1,225	Oui
1480	52,000	14	1,159	Oui
1481	51,500	14	1,176	Oui
1482	51,500	14	1,176	Oui
1483	51,000	14	1,211	Oui
1484	50,500	14	1,248	Oui
1485	51,000	14	1,230	Oui
1486	51,000	14	1,230	Oui
1487	51,000	13	1,161	Oui
1488	50,500	13	1,178	Oui
1489	50,500	13	1,178	Oui
1490	50,500	13	1,178	Oui
1491	50,000	13	1,195	Oui
1492	50,500	13	1,178	Oui
1493	50,500	13	1,178	Oui
1494	50,500	13	1,178	Oui
1495	50,500	13	1,178	Oui
1496	50,500	13	1,178	Oui
1497	50,000	13	1,195	Oui
1498	50,000	13	1,195	Oui
1499	50,500	13	1,178	Oui
1500	50,500	13	1,178	Oui
1501	50,500	13	1,178	Oui
1502	50,500	13	1,178	Oui
1503	50,500	13	1,178	Oui
1504	51,000	13	1,161	Oui
1505	51,000	13	1,161	Oui
1506	51,000	13	1,142	Oui
1507	50,500	13	1,178	Oui
1508	50,500	13	1,178	Oui
1509	50,500	13	1,178	Oui
1510	51,000	13	1,142	Oui
1511	51,000	13	1,142	Oui
1512	51,500	13	1,126	Oui
1513	51,500	13	1,108	Oui
1514	52,000	14	1,176	Oui
1515	52,000	13	1,092	Oui
1516	51,500	13	1,108	Oui
1517	52,000	13	1,092	Oui
1518	52,000	13	1,092	Oui
1519	52,500	13	1,077	Oui
1520	52,000	13	1,092	Oui
1521	52,500	13	1,077	Oui
1522	53,000	13	1,062	Oui
1523	52,500	13	1,077	Oui
1524	53,000	13	1,062	Oui
1525	53,000	13	1,062	Oui
1526	53,000	13	1,062	Oui
1527	52,500	13	1,077	Oui
1528	52,500	13	1,077	Oui
1529	52,500	13	1,077	Oui
1530	52,500	13	1,077	Oui
1531	52,500	13	1,061	Oui
1532	52,000	12	1,008	Oui
1533	52,000	12	1,008	Oui
1534	52,500	12	0,994	Oui
1535	52,500	12	0,994	Oui
1536	52,500	12	0,994	Oui
1537	52,000	12	1,008	Oui
1538	51,500	12	1,023	Oui
1539	51,500	12	1,023	Oui
1540	52,000	12	1,008	Oui
1541	52,000	12	1,008	Oui
1542	52,000	12	1,008	Oui
1543	52,000	12	1,008	Oui
1544	51,500	12	1,023	Oui
1545	51,500	12	1,023	Oui
1546	52,000	12	0,994	Oui
1547	52,000	12	0,994	Oui
1548	52,500	12	0,980	Oui
1549	52,500	12	0,994	Oui
1550	52,500	11	0,926	Oui
1551	52,000	11	0,939	Oui
1552	52,000	11	0,939	Oui
1553	51,500	11	0,952	Oui
1554	52,000	11	0,924	Oui
1555	51,500	11	0,938	Oui
1556	51,000	11	0,952	Oui
1557	50,500	11	0,966	Oui
1558	50,500	11	0,966	Oui
1559	50,500	10	0,891	Oui
1560	50,500	10	0,891	Oui
1561	50,500	10	0,891	Oui
1562	51,000	10	0,878	Oui
1563	51,500	10	0,853	Oui
1564	52,000	10	0,828	Oui
1565	51,500	10	0,853	Oui
1566	51,500	10	0,853	Oui
1567	51,000	10	0,865	Oui
1568	50,500	10	0,891	Oui
1569	50,500	10	0,891	Oui
1570	51,000	10	0,878	Oui
1571	51,000	10	0,878	Oui
1572	51,000	10	0,878	Oui
1573	51,500	10	0,866	Oui
1574	51,500	10	0,866	Oui
1575	52,000	10	0,854	Oui
1576	52,500	10	0,842	Oui
1577	52,500	10	0,842	Oui
1578	52,000	10	0,854	Oui
1579	51,500	10	0,866	Oui
1580	52,000	10	0,854	Oui
1581	52,000	10	0,868	Oui
1582	51,500	9	0,806	Oui
1583	51,000	9	0,818	Oui
1584	51,000	9	0,833	Oui
1585	50,500	8	0,766	Oui
1586	50,500	8	0,766	Oui
1587	50,500	8	0,751	Oui
1588	50,500	9	0,845	Oui
1589	50,000	8	0,777	Oui
1590	49,500	8	0,788	Non
1591	49,500	8	0,788	Non
1592	49,500	8	0,788	Non
1593	49,000	7	0,714	Non
1594	48,500	7	0,725	Non
1595	49,000	7	0,700	Non
1596	49,000	8	0,816	Non
1597	49,000	8	0,816	Non
1598	49,000	8	0,816	Non
1599	49,000	8	0,800	Non
1600	48,500	8	0,811	Non
1601	48,500	7	0,725	Non
1602	48,000	7	0,735	Non
1603	47,500	7	0,746	Non
1604	48,000	7	0,735	Non
1605	48,000	7	0,735	Non
1606	48,000	7	0,735	Non
1607	48,500	7	0,710	Non
1608	49,000	7	0,686	Non
1609	49,500	8	0,773	Non
1610	50,000	8	0,762	Oui
1611	50,500	8	0,737	Oui
1612	50,500	8	0,737	Oui
1613	50,500	8	0,725	Oui
1614	50,000	8	0,735	Oui
1615	50,500	8	0,713	Oui
1616	50,000	8	0,735	Oui
1617	50,000	8	0,735	Oui
1618	49,500	8	0,759	Non
1619	50,000	8	0,748	Oui
1620	50,000	8	0,735	Oui
1621	50,000	8	0,735	Oui
1622	50,000	8	0,735	Oui
1623	50,000	8	0,748	Oui
1624	50,000	8	0,762	Oui
1625	50,000	8	0,762	Oui
1626	50,500	8	0,751	Oui
1627	50,500	8	0,751	Oui
1628	50,000	8	0,777	Oui
1629	49,500	8	0,805	Non
1630	50,000	8	0,794	Oui
1631	50,500	8	0,766	Oui
1632	50,000	8	0,794	Oui
1633	50,000	8	0,794	Oui
1634	50,000	8	0,794	Oui
1635	49,500	8	0,823	Non
1636	50,000	8	0,794	Oui
1637	50,000	8	0,794	Oui
1638	50,000	8	0,777	Oui
1639	49,500	8	0,788	Non
1640	49,000	8	0,800	Non
1641	49,000	8	0,800	Non
1642	48,500	7	0,725	Non
1643	48,500	7	0,725	Non
1644	49,000	7	0,700	Non
1645	48,500	6	0,621	Non
1646	48,000	6	0,630	Non
1647	48,000	6	0,630	Non
1648	48,000	6	0,630	Non
1649	48,000	6	0,630	Non
1650	47,500	5	0,545	Non
1651	47,000	5	0,553	Non
1652	47,500	5	0,545	Non
1653	47,500	5	0,545	Non
1654	47,000	5	0,553	Non
1655	47,500	5	0,533	Non
1656	48,000	6	0,630	Non
1657	48,500	6	0,621	Non
1658	48,500	6	0,621	Non
1659	48,500	6	0,621	Non
1660	49,000	7	0,714	Non
1661	49,000	7	0,714	Non
1662	49,000	7	0,700	Non
1663	49,000	7	0,700	Non
1664	48,500	7	0,725	Non
1665	49,000	7	0,714	Non
1666	49,000	7	0,714	Non
1667	49,500	7	0,690	Non
1668	49,500	8	0,788	Non
1669	50,000	8	0,777	Oui
1670	50,000	8	0,762	Oui
1671	50,500	9	0,845	Oui
1672	50,000	9	0,857	Oui
1673	50,000	9	0,857	Oui
1674	50,500	9	0,845	Oui
1675	50,000	8	0,777	Oui
1676	50,000	8	0,762	Oui
1677	50,000	8	0,762	Oui
1678	50,000	8	0,762	Oui
1679	50,500	8	0,737	Oui
1680	50,500	9	0,829	Oui
1681	51,000	9	0,804	Oui
1682	51,000	9	0,791	Oui
1683	51,500	10	0,866	Oui
1684	52,000	10	0,840	Oui
1685	52,000	11	0,924	Oui
1686	52,000	11	0,924	Oui
1687	51,500	11	0,938	Oui
1688	52,000	11	0,911	Oui
1689	52,500	12	0,980	Oui
1690	52,000	12	0,994	Oui
1691	52,000	12	0,994	Oui
1692	52,000	12	0,994	Oui
1693	52,000	12	0,980	Oui
1694	52,000	12	0,968	Oui
1695	52,500	12	0,943	Oui
1696	53,000	12	0,918	Oui
1697	53,000	12	0,918	Oui
1698	52,500	12	0,932	Oui
1699	52,000	12	0,947	Oui
1700	52,000	12	0,947	Oui
1701	52,000	12	0,947	Oui
1702	52,000	12	0,947	Oui
1703	52,000	12	0,947	Oui
1704	51,500	12	0,962	Oui
1705	51,500	12	0,962	Oui
1706	51,000	12	0,987	Oui
1707	51,500	12	0,972	Oui
1708	52,000	12	0,947	Oui
1709	52,000	13	1,026	Oui
1710	51,500	13	1,053	Oui
1711	51,500	13	1,053	Oui
1712	51,000	13	1,069	Oui
1713	51,000	12	0,998	Oui
1714	51,000	12	0,987	Oui
1715	51,000	13	1,081	Oui
1716	51,000	13	1,081	Oui
1717	51,000	13	1,081	Oui
1718	51,000	13	1,081	Oui
1719	51,000	13	1,069	Oui
1720	51,000	13	1,069	Oui
1721	50,500	13	1,086	Oui
1722	50,500	13	1,086	Oui
1723	51,000	13	1,069	Oui
1724	50,500	13	1,086	Oui
1725	50,500	13	1,098	Oui
1726	51,000	13	1,081	Oui
1727	51,000	13	1,081	Oui
1728	51,000	13	1,081	Oui
1729	51,000	13	1,081	Oui
1730	51,000	13	1,081	Oui
1731	50,500	13	1,111	Oui
1732	50,500	13	1,111	Oui
1733	50,500	13	1,111	Oui
1734	50,000	13	1,128	Oui
1735	49,500	13	1,146	Non
1736	49,500	13	1,133	Non
1737	49,500	13	1,133	Non
1738	50,000	13	1,104	Oui
1739	49,500	13	1,122	Non
1740	49,000	13	1,140	Non
1741	49,000	13	1,140	Non
1742	49,500	13	1,122	Non
1743	49,500	13	1,111	Non
1744	50,000	14	1,177	Oui
1745	50,000	14	1,177	Oui
1746	50,000	14	1,188	Oui
1747	50,500	14	1,158	Oui
1748	50,000	14	1,177	Oui
1749	50,000	14	1,177	Oui
1750	50,000	14	1,167	Oui
1751	50,000	14	1,167	Oui
1752	50,500	14	1,138	Oui
1753	50,500	14	1,138	Oui
1754	50,000	14	1,167	Oui
1755	50,000	14	1,167	Oui
1756	50,000	14	1,167	Oui
1757	50,500	14	1,138	Oui
1758	51,000	14	1,111	Oui
1759	51,000	14	1,104	Oui
1760	51,000	14	1,097	Oui
1761	51,500	15	1,156	Oui
1762	51,000	15	1,176	Oui
1763	51,000	15	1,176	Oui
1764	51,000	15	1,176	Oui
1765	51,000	15	1,176	Oui
1766	51,000	15	1,176	Oui
1767	51,000	15	1,176	Oui
1768	51,500	15	1,149	Oui
1769	52,000	15	1,124	Oui
1770	51,500	15	1,144	Oui
1771	52,000	15	1,120	Oui
1772	51,500	15	1,140	Oui
1773	51,000	15	1,161	Oui
1774	51,500	15	1,140	Oui
1775	51,500	15	1,140	Oui
1776	51,000	15	1,161	Oui
1777	50,500	15	1,182	Oui
1778	51,000	15	1,157	Oui
1779	51,500	15	1,134	Oui
1780	51,500	16	1,209	Oui
1781	51,500	16	1,208	Oui
1782	52,000	17	1,259	Oui
1783	52,000	17	1,259	Oui
1784	52,000	17	1,259	Oui
1785	52,000	17	1,259	Oui
1786	52,000	17	1,258	Oui
1787	52,000	17	1,259	Oui
1788	52,000	17	1,259	Oui
1789	52,500	17	1,235	Oui
1790	52,500	17	1,235	Oui
1791	53,000	17	1,212	Oui
1792	53,000	17	1,212	Oui
1793	53,500	17	1,190	Oui
1794	54,000	17	1,170	Oui
1795	53,500	16	1,123	Oui
1796	53,500	16	1,120	Oui
1797	54,000	17	1,170	Oui
1798	54,500	17	1,147	Oui
1799	54,000	17	1,170	Oui
1800	54,000	17	1,170	Oui
1801	54,000	17	1,168	Oui
1802	54,000	17	1,168	Oui
1803	54,500	17	1,146	Oui
1804	54,500	18	1,213	Oui
1805	54,000	18	1,235	Oui
1806	54,500	18	1,212	Oui
1807	54,500	19	1,280	Oui
1808	54,500	18	1,213	Oui
1809	54,500	19	1,280	Oui
1810	54,000	19	1,304	Oui
1811	54,000	19	1,305	Oui
1812	54,000	19	1,305	Oui
1813	54,000	19	1,307	Oui
1814	54,500	19	1,285	Oui
1815	54,000	19	1,310	Oui
1816	54,000	19	1,310	Oui
1817	53,500	19	1,337	Oui
1818	53,500	19	1,337	Oui
1819	53,000	19	1,361	Oui
1820	52,500	19	1,389	Oui
1821	52,500	19	1,389	Oui
1822	53,000	19	1,365	Oui
1823	52,500	19	1,389	Oui
1824	52,000	19	1,414	Oui
1825	52,500	19	1,385	Oui
1826	52,000	19	1,410	Oui
1827	52,500	19	1,385	Oui
1828	53,000	19	1,361	Oui
1829	53,000	19	1,361	Oui
1830	52,500	19	1,385	Oui
1831	52,000	19	1,414	Oui
1832	52,500	19	1,389	Oui
1833	52,500	19	1,389	Oui
1834	52,500	19	1,389	Oui
1835	53,000	19	1,361	Oui
1836	52,500	19	1,389	Oui
1837	53,000	19	1,361	Oui
1838	53,000	20	1,437	Oui
1839	53,000	20	1,437	Oui
1840	53,000	20	1,437	Oui
1841	53,500	20	1,407	Oui
1842	53,500	20	1,407	Oui
1843	53,500	20	1,407	Oui
1844	53,000	20	1,437	Oui
1845	53,500	20	1,407	Oui
1846	53,500	20	1,407	Oui
1847	53,500	20	1,407	Oui
1848	53,500	20	1,407	Oui
1849	54,000	20	1,379	Oui
1850	54,000	20	1,379	Oui
1851	54,000	20	1,379	Oui
1852	54,000	20	1,379	Oui
1853	54,000	20	1,379	Oui
1854	54,500	20	1,352	Oui
1855	54,500	19	1,285	Oui
1856	54,500	20	1,352	Oui
1857	54,000	20	1,376	Oui
1858	54,000	20	1,376	Oui
1859	53,500	19	1,333	Oui
1860	53,500	19	1,333	Oui
1861	54,000	19	1,310	Oui
1862	54,000	19	1,314	Oui
1863	54,000	19	1,314	Oui
1864	54,000	19	1,314	Oui
1865	54,000	19	1,314	Oui
1866	54,500	19	1,288	Oui
1867	54,000	18	1,245	Oui
1868	54,000	18	1,245	Oui
1869	53,500	18	1,267	Oui
1870	53,000	17	1,221	Oui
1871	53,000	17	1,221	Oui
1872	53,500	17	1,201	Oui
1873	54,000	17	1,181	Oui
1874	53,500	17	1,201	Oui
1875	54,000	17	1,176	Oui
1876	54,000	18	1,250	Oui
1877	54,500	18	1,224	Oui
1878	55,000	18	1,200	Oui
1879	54,500	17	1,156	Oui
1880	54,500	17	1,156	Oui
1881	54,000	17	1,181	Oui
1882	54,000	16	1,116	Oui
1883	54,000	16	1,111	Oui
1884	54,000	16	1,116	Oui
1885	54,000	16	1,116	Oui
1886	54,000	16	1,111	Oui
1887	54,000	16	1,111	Oui
1888	54,000	15	1,042	Oui
1889	54,000	15	1,038	Oui
1890	54,000	15	1,038	Oui
1891	54,500	15	1,020	Oui
1892	54,000	15	1,038	Oui
1893	54,000	15	1,042	Oui
1894	54,000	15	1,046	Oui
1895	54,000	15	1,046	Oui
1896	54,000	16	1,122	Oui
1897	54,000	16	1,122	Oui
1898	54,500	16	1,098	Oui
1899	55,000	17	1,148	Oui
1900	55,000	17	1,142	Oui
1901	55,500	17	1,119	Oui
1902	56,000	18	1,166	Oui
1903	56,500	18	1,148	Oui
1904	57,000	18	1,130	Oui
1905	57,500	18	1,113	Oui
1906	57,500	18	1,113	Oui
1907	57,000	18	1,130	Oui
1908	56,500	17	1,090	Oui
1909	56,500	17	1,090	Oui
1910	57,000	17	1,068	Oui
1911	57,500	18	1,113	Oui
1912	57,500	18	1,113	Oui
1913	57,000	18	1,130	Oui
1914	57,000	17	1,073	Oui
1915	56,500	17	1,090	Oui
1916	57,000	17	1,068	Oui
1917	56,500	17	1,084	Oui
1918	57,000	17	1,062	Oui
1919	56,500	17	1,084	Oui
1920	56,500	17	1,084	Oui
1921	56,500	17	1,084	Oui
1922	56,000	17	1,101	Oui
1923	56,000	17	1,101	Oui
1924	56,500	17	1,084	Oui
1925	56,000	17	1,101	Oui
1926	56,000	17	1,097	Oui
1927	56,500	18	1,143	Oui
1928	56,000	18	1,161	Oui
1929	56,000	18	1,157	Oui
1930	56,500	18	1,135	Oui
1931	57,000	18	1,114	Oui
1932	57,500	19	1,156	Oui
1933	57,000	19	1,175	Oui
1934	57,000	19	1,175	Oui
1935	57,500	19	1,154	Oui
1936	57,500	20	1,217	Oui
1937	57,500	20	1,217	Oui
1938	57,500	20	1,221	Oui
1939	58,000	20	1,202	Oui
1940	58,500	20	1,179	Oui
1941	58,500	20	1,179	Oui
1942	58,000	20	1,198	Oui
1943	58,000	19	1,138	Oui
1944	58,000	19	1,135	Oui
1945	58,500	20	1,176	Oui
1946	58,500	20	1,173	Oui
1947	58,500	21	1,235	Oui
1948	59,000	21	1,215	Oui
1949	59,000	21	1,212	Oui
1950	58,500	21	1,235	Oui
1951	58,500	21	1,235	Oui
1952	58,500	21	1,238	Oui
1953	58,500	21	1,238	Oui
1954	59,000	21	1,215	Oui
1955	59,500	21	1,193	Oui
1956	60,000	22	1,231	Oui
1957	59,500	22	1,254	Oui
1958	59,500	22	1,258	Oui
1959	59,500	22	1,263	Oui
1960	59,000	21	1,229	Oui
1961	58,500	21	1,248	Oui
1962	59,000	21	1,229	Oui
1963	58,500	21	1,254	Oui
1964	58,000	21	1,279	Oui
1965	58,000	21	1,279	Oui
1966	58,500	21	1,261	Oui
1967	59,000	21	1,235	Oui
1968	58,500	21	1,261	Oui
1969	58,000	21	1,287	Oui
1970	58,500	21	1,268	Oui
1971	58,500	21	1,277	Oui
1972	58,500	21	1,277	Oui
1973	59,000	21	1,250	Oui
1974	59,000	22	1,310	Oui
1975	59,000	22	1,310	Oui
1976	59,000	22	1,310	Oui
1977	59,500	22	1,283	Oui
1978	59,500	23	1,350	Oui
1979	59,500	22	1,291	Oui
1980	59,000	22	1,310	Oui
1981	58,500	21	1,277	Oui
1982	58,000	21	1,295	Oui
1983	58,000	21	1,295	Oui
1984	57,500	21	1,314	Oui
1985	57,500	21	1,314	Oui
1986	57,500	20	1,252	Oui
1987	57,500	21	1,314	Oui
1988	57,500	21	1,306	Oui
1989	57,000	21	1,334	Oui
1990	57,500	21	1,314	Oui
1991	57,500	21	1,306	Oui
1992	57,000	21	1,326	Oui
1993	56,500	21	1,346	Oui
1994	56,000	21	1,367	Oui
1995	56,000	21	1,367	Oui
1996	56,000	20	1,302	Oui
1997	56,000	20	1,296	Oui
1998	55,500	20	1,323	Oui
1999	56,000	20	1,296	Oui
2000	56,500	21	1,339	Oui
2001	56,000	21	1,367	Oui
2002	56,500	21	1,346	Oui
2003	56,000	20	1,309	Oui
2004	55,500	20	1,330	Oui
2005	56,000	20	1,309	Oui
2006	56,000	19	1,244	Oui
2007	56,000	20	1,309	Oui
2008	55,500	19	1,271	Oui
2009	55,000	19	1,291	Oui
2010	55,000	19	1,291	Oui
2011	54,500	19	1,311	Oui
2012	55,000	19	1,291	Oui
2013	54,500	19	1,311	Oui
2014	54,000	19	1,332	Oui
2015	54,500	19	1,304	Oui
2016	54,500	19	1,304	Oui
2017	55,000	19	1,277	Oui
2018	55,500	20	1,323	Oui
2019	55,500	20	1,323	Oui
2020	55,500	20	1,323	Oui
2021	55,500	20	1,323	Oui
2022	55,000	20	1,344	Oui
2023	55,500	20	1,323	Oui
2024	55,500	20	1,323	Oui
2025	55,000	20	1,351	Oui
2026	55,000	20	1,351	Oui
2027	54,500	20	1,373	Oui
2028	54,500	20	1,373	Oui
2029	55,000	20	1,344	Oui
2030	55,000	20	1,344	Oui
2031	55,000	20	1,344	Oui
2032	54,500	20	1,366	Oui
2033	54,500	20	1,366	Oui
2034	54,000	20	1,389	Oui
2035	53,500	20	1,418	Oui
2036	54,000	20	1,395	Oui
2037	54,000	19	1,332	Oui
2038	53,500	19	1,354	Oui
2039	53,500	19	1,354	Oui
2040	54,000	19	1,325	Oui
2041	53,500	19	1,354	Oui
2042	54,000	19	1,325	Oui
2043	53,500	19	1,348	Oui
2044	53,500	19	1,348	Oui
2045	53,500	19	1,354	Oui
2046	54,000	19	1,325	Oui
2047	54,000	19	1,325	Oui
2048	54,500	19	1,298	Oui
2049	54,000	19	1,325	Oui
2050	54,500	19	1,304	Oui
2051	54,500	19	1,304	Oui
2052	54,000	19	1,325	Oui
2053	54,500	19	1,298	Oui
2054	54,500	19	1,298	Oui
2055	54,500	18	1,230	Oui
2056	54,000	18	1,250	Oui
2057	54,500	18	1,224	Oui
2058	55,000	18	1,200	Oui
2059	55,000	18	1,200	Oui
2060	55,000	18	1,196	Oui
2061	55,000	19	1,263	Oui
2062	55,000	19	1,263	Oui
2063	55,000	19	1,263	Oui
2064	55,500	19	1,242	Oui
2065	55,000	19	1,263	Oui
2066	54,500	19	1,288	Oui
2067	54,500	19	1,288	Oui
2068	54,500	19	1,288	Oui
2069	55,000	19	1,267	Oui
2070	55,000	19	1,267	Oui
2071	54,500	19	1,288	Oui
2072	54,500	19	1,285	Oui
2073	54,000	19	1,307	Oui
2074	54,000	19	1,307	Oui
2075	53,500	18	1,263	Oui
2076	53,500	18	1,263	Oui
2077	53,000	18	1,289	Oui
2078	53,000	18	1,293	Oui
2079	53,000	18	1,293	Oui
2080	52,500	18	1,316	Oui
2081	53,000	18	1,293	Oui
2082	53,000	18	1,293	Oui
2083	52,500	17	1,247	Oui
2084	52,000	17	1,269	Oui
2085	52,000	17	1,269	Oui
2086	52,000	17	1,274	Oui
2087	52,000	17	1,274	Oui
2088	51,500	17	1,303	Oui
2089	51,000	17	1,332	Oui
2090	51,000	17	1,332	Oui
2091	51,000	17	1,326	Oui
2092	51,500	17	1,297	Oui
2093	51,000	17	1,320	Oui
2094	50,500	17	1,344	Oui
2095	50,500	16	1,270	Oui
2096	50,000	16	1,293	Oui
2097	50,500	16	1,270	Oui
2098	50,500	15	1,196	Oui
2099	50,500	15	1,190	Oui
2100	50,500	15	1,190	Oui
2101	50,500	15	1,196	Oui
2102	50,500	15	1,196	Oui
2103	50,000	15	1,218	Oui
2104	49,500	15	1,240	Non
2105	49,500	15	1,235	Non
2106	49,500	15	1,235	Non
2107	49,500	15	1,235	Non
2108	49,500	15	1,235	Non
2109	49,000	15	1,258	Non
2110	49,000	14	1,174	Non
2111	48,500	14	1,197	Non
2112	48,500	14	1,197	Non
2113	48,500	14	1,197	Non
2114	48,000	14	1,220	Non
2115	48,000	14	1,220	Non
2116	48,000	14	1,224	Non
2117	48,000	14	1,224	Non
2118	48,000	14	1,229	Non
2119	48,000	14	1,229	Non
2120	48,000	14	1,229	Non
2121	48,000	14	1,229	Non
2122	48,500	14	1,206	Non
2123	48,000	14	1,229	Non
2124	47,500	14	1,252	Non
2125	47,500	14	1,252	Non
2126	47,000	13	1,190	Non
2127	47,000	13	1,186	Non
2128	47,500	13	1,159	Non
2129	47,500	13	1,159	Non
2130	47,000	13	1,186	Non
2131	46,500	12	1,120	Non
2132	46,000	12	1,143	Non
2133	46,500	12	1,120	Non
2134	47,000	12	1,099	Non
2135	47,000	11	1,012	Non
2136	47,000	11	1,012	Non
2137	47,000	11	1,012	Non
2138	47,000	11	1,007	Non
2139	47,000	12	1,099	Non
2140	47,000	12	1,099	Non
2141	47,000	12	1,099	Non
2142	47,500	12	1,078	Non
2143	47,500	12	1,078	Non
2144	47,000	11	1,012	Non
2145	46,500	11	1,032	Non
2146	46,500	10	0,943	Non
2147	46,500	10	0,938	Non
2148	46,000	10	0,956	Non
2149	45,500	10	0,980	Non
2150	45,500	10	0,980	Non
2151	45,500	10	0,980	Non
2152	45,000	10	1,000	Non
2153	45,500	10	0,976	Non
2154	45,500	10	0,976	Non
2155	45,000	9	0,900	Non
2156	45,000	9	0,896	Non
2157	45,000	9	0,896	Non
2158	45,000	9	0,893	Non
2159	45,000	10	0,992	Non
2160	45,000	10	0,992	Non
2161	45,500	10	0,972	Non
2162	45,000	10	0,992	Non
2163	45,500	10	0,972	Non
2164	45,500	10	0,972	Non
2165	46,000	10	0,952	Non
2166	46,000	10	0,952	Non
2167	46,000	10	0,952	Non
2168	46,500	10	0,930	Non
2169	46,500	10	0,930	Non
2170	46,000	10	0,949	Non
2171	45,500	10	0,969	Non
