	C+G(%)	CpG(%)	C	G	T	A
 sequence entiere	53,966	6,667	547	732	493	598

1	57,000	19	1,207	Oui
2	56,500	19	1,233	Oui
3	56,500	18	1,168	Oui
4	56,000	18	1,186	Oui
5	56,000	18	1,194	Oui
6	55,500	17	1,153	Oui
7	55,500	17	1,145	Oui
8	55,500	17	1,137	Oui
9	56,000	17	1,113	Oui
10	56,500	17	1,090	Oui
11	57,000	17	1,068	Oui
12	57,500	18	1,113	Oui
13	58,000	18	1,097	Oui
14	58,000	18	1,097	Oui
15	57,500	18	1,113	Oui
16	57,500	18	1,108	Oui
17	57,500	18	1,108	Oui
18	58,000	19	1,152	Oui
19	57,500	19	1,175	Oui
20	57,500	19	1,175	Oui
21	57,500	19	1,175	Oui
22	57,500	19	1,175	Oui
23	57,500	19	1,182	Oui
24	58,000	19	1,164	Oui
25	58,000	19	1,164	Oui
26	58,000	19	1,164	Oui
27	58,500	19	1,147	Oui
28	58,500	19	1,140	Oui
29	58,500	19	1,140	Oui
30	58,000	19	1,164	Oui
31	58,000	18	1,110	Oui
32	57,500	18	1,126	Oui
33	57,500	18	1,126	Oui
34	57,500	17	1,064	Oui
35	57,500	17	1,057	Oui
36	57,500	17	1,057	Oui
37	58,000	17	1,036	Oui
38	58,000	17	1,042	Oui
39	58,000	17	1,042	Oui
40	58,000	17	1,042	Oui
41	58,000	16	0,987	Oui
42	58,000	16	0,987	Oui
43	58,000	16	0,987	Oui
44	58,000	16	0,987	Oui
45	58,000	16	0,987	Oui
46	57,500	16	1,001	Oui
47	57,500	16	1,001	Oui
48	57,500	16	0,995	Oui
49	57,500	16	0,995	Oui
50	57,500	16	0,995	Oui
51	57,500	16	0,989	Oui
52	58,000	17	1,036	Oui
53	57,500	17	1,051	Oui
54	57,500	17	1,051	Oui
55	57,000	17	1,068	Oui
56	56,500	17	1,084	Oui
57	56,000	16	1,042	Oui
58	56,000	16	1,042	Oui
59	55,500	16	1,064	Oui
60	56,000	16	1,042	Oui
61	55,500	16	1,064	Oui
62	55,000	15	1,019	Oui
63	54,500	15	1,035	Oui
64	54,500	15	1,035	Oui
65	55,000	15	1,013	Oui
66	55,000	14	0,946	Oui
67	54,500	14	0,961	Oui
68	54,500	14	0,961	Oui
69	54,500	14	0,956	Oui
70	54,500	14	0,952	Oui
71	54,500	14	0,952	Oui
72	54,000	14	0,969	Oui
73	54,500	14	0,949	Oui
74	54,500	14	0,949	Oui
75	55,000	14	0,933	Oui
76	54,500	14	0,949	Oui
77	54,000	14	0,969	Oui
78	54,000	14	0,969	Oui
79	54,000	14	0,969	Oui
80	54,000	13	0,903	Oui
81	54,000	13	0,899	Oui
82	54,000	14	0,969	Oui
83	54,000	14	0,969	Oui
84	54,000	14	0,969	Oui
85	54,000	14	0,969	Oui
86	53,500	14	0,989	Oui
87	53,500	13	0,918	Oui
88	53,000	13	0,934	Oui
89	53,500	13	0,918	Oui
90	54,000	13	0,903	Oui
91	54,000	13	0,903	Oui
92	54,500	13	0,888	Oui
93	55,000	13	0,874	Oui
94	55,500	13	0,860	Oui
95	55,500	13	0,864	Oui
96	56,000	13	0,846	Oui
97	56,000	13	0,842	Oui
98	56,000	13	0,842	Oui
99	56,000	13	0,842	Oui
100	56,000	13	0,842	Oui
101	56,500	13	0,829	Oui
102	56,000	13	0,846	Oui
103	56,000	13	0,846	Oui
104	56,000	13	0,846	Oui
105	55,500	13	0,860	Oui
106	55,500	13	0,860	Oui
107	55,500	12	0,794	Oui
108	55,000	12	0,806	Oui
109	54,500	11	0,755	Oui
110	54,500	11	0,755	Oui
111	55,000	11	0,743	Oui
112	55,000	11	0,743	Oui
113	55,000	11	0,743	Oui
114	55,500	11	0,731	Oui
115	55,500	11	0,731	Oui
116	55,500	11	0,731	Oui
117	55,500	11	0,731	Oui
118	56,000	11	0,716	Oui
119	56,000	11	0,716	Oui
120	55,500	11	0,731	Oui
121	56,000	11	0,720	Oui
122	56,000	11	0,720	Oui
123	56,000	11	0,716	Oui
124	56,000	11	0,716	Oui
125	56,000	11	0,716	Oui
126	56,000	11	0,716	Oui
127	55,500	11	0,728	Oui
128	55,500	11	0,728	Oui
129	55,000	10	0,675	Oui
130	55,000	10	0,672	Oui
131	54,500	10	0,683	Oui
132	55,000	10	0,669	Oui
133	55,000	10	0,669	Oui
134	55,000	10	0,669	Oui
135	55,500	10	0,656	Oui
136	56,000	10	0,643	Oui
137	56,500	11	0,696	Oui
138	56,000	11	0,707	Oui
139	56,500	11	0,694	Oui
140	56,500	11	0,694	Oui
141	56,000	11	0,705	Oui
142	56,500	11	0,694	Oui
143	57,000	11	0,680	Oui
144	56,500	11	0,694	Oui
145	56,000	10	0,643	Oui
146	56,000	10	0,643	Oui
147	56,000	9	0,581	Non
148	55,500	9	0,590	Non
149	55,000	9	0,602	Oui
150	55,000	9	0,602	Oui
151	55,000	9	0,602	Oui
152	55,500	9	0,592	Non
153	55,000	9	0,605	Oui
154	55,500	9	0,595	Non
155	55,000	9	0,605	Oui
156	55,000	9	0,605	Oui
157	54,500	9	0,615	Oui
158	55,000	9	0,602	Oui
159	55,000	10	0,669	Oui
160	55,000	10	0,669	Oui
161	55,000	10	0,667	Oui
162	54,500	10	0,678	Oui
163	54,500	10	0,678	Oui
164	54,500	10	0,680	Oui
165	55,000	10	0,669	Oui
166	55,000	10	0,669	Oui
167	55,000	10	0,669	Oui
168	55,500	10	0,656	Oui
169	55,500	10	0,658	Oui
170	55,500	10	0,656	Oui
171	55,000	10	0,667	Oui
172	55,000	10	0,667	Oui
173	55,000	10	0,669	Oui
174	54,500	10	0,683	Oui
175	55,000	10	0,669	Oui
176	55,000	11	0,736	Oui
177	55,000	11	0,736	Oui
178	55,500	11	0,724	Oui
179	56,000	11	0,713	Oui
180	55,500	11	0,724	Oui
181	55,500	11	0,724	Oui
182	55,000	11	0,739	Oui
183	55,000	11	0,743	Oui
184	55,000	11	0,747	Oui
185	55,000	11	0,747	Oui
186	55,000	11	0,747	Oui
187	55,000	11	0,752	Oui
188	54,500	11	0,764	Oui
189	54,500	11	0,764	Oui
190	54,500	11	0,764	Oui
191	55,000	11	0,752	Oui
192	55,000	11	0,752	Oui
193	54,500	11	0,769	Oui
194	54,500	11	0,769	Oui
195	54,000	11	0,787	Oui
196	54,000	11	0,787	Oui
197	54,500	11	0,775	Oui
198	55,000	11	0,758	Oui
199	55,000	10	0,689	Oui
200	54,500	10	0,699	Oui
201	54,500	10	0,699	Oui
202	55,000	10	0,684	Oui
203	54,500	10	0,699	Oui
204	54,500	10	0,699	Oui
205	54,500	10	0,694	Oui
206	54,500	10	0,694	Oui
207	54,000	10	0,710	Oui
208	54,000	10	0,716	Oui
209	54,000	10	0,722	Oui
210	53,500	10	0,739	Oui
211	53,500	9	0,672	Oui
212	53,500	9	0,665	Oui
213	53,500	9	0,659	Oui
214	53,000	9	0,670	Oui
215	53,500	9	0,659	Oui
216	53,500	9	0,665	Oui
217	53,500	8	0,597	Non
218	53,500	8	0,597	Non
219	54,000	8	0,588	Non
220	54,000	8	0,588	Non
221	54,000	8	0,588	Non
222	53,500	8	0,597	Non
223	53,500	8	0,597	Non
224	53,500	8	0,597	Non
225	54,000	8	0,588	Non
226	54,000	8	0,588	Non
227	53,500	8	0,597	Non
228	53,500	8	0,603	Oui
229	54,000	8	0,595	Non
230	54,500	8	0,580	Non
231	54,000	8	0,588	Non
232	54,000	8	0,588	Non
233	54,000	8	0,588	Non
234	54,000	8	0,588	Non
235	53,500	8	0,603	Oui
236	54,000	8	0,588	Non
237	53,500	7	0,528	Non
238	53,000	7	0,536	Non
239	52,500	7	0,544	Non
240	52,500	7	0,538	Non
241	52,000	7	0,547	Non
242	51,500	7	0,556	Non
243	51,000	7	0,565	Non
244	51,000	7	0,565	Non
245	50,500	7	0,574	Non
246	51,000	7	0,560	Non
247	51,500	8	0,629	Oui
248	51,500	8	0,629	Oui
249	52,000	8	0,614	Oui
250	51,500	8	0,625	Oui
251	51,500	7	0,546	Non
252	51,000	7	0,556	Non
253	51,000	7	0,556	Non
254	51,500	7	0,546	Non
255	51,500	7	0,546	Non
256	52,000	7	0,538	Non
257	52,500	7	0,529	Non
258	52,000	7	0,538	Non
259	52,000	7	0,538	Non
260	51,500	7	0,551	Non
261	51,500	7	0,551	Non
262	52,000	7	0,542	Non
263	52,500	7	0,534	Non
264	53,000	7	0,521	Non
265	53,000	7	0,521	Non
266	52,500	7	0,534	Non
267	53,000	7	0,525	Non
268	53,500	7	0,513	Non
269	53,000	7	0,525	Non
270	52,500	7	0,538	Non
271	53,000	7	0,525	Non
272	53,000	7	0,525	Non
273	53,000	7	0,530	Non
274	53,500	7	0,522	Non
275	53,500	7	0,522	Non
276	54,000	7	0,510	Non
277	54,500	8	0,574	Non
278	54,500	8	0,574	Non
279	55,000	8	0,560	Non
280	55,000	9	0,630	Oui
281	55,000	8	0,560	Non
282	54,500	8	0,569	Non
283	54,500	8	0,569	Non
284	54,500	8	0,564	Non
285	54,000	8	0,572	Non
286	54,000	8	0,572	Non
287	53,500	8	0,586	Non
288	54,000	8	0,577	Non
289	54,000	8	0,572	Non
290	54,000	8	0,568	Non
291	54,500	8	0,556	Non
292	54,500	8	0,552	Non
293	54,000	8	0,561	Non
294	54,000	8	0,561	Non
295	53,500	8	0,570	Non
296	53,000	8	0,583	Non
297	52,500	8	0,596	Non
298	53,000	8	0,587	Non
299	53,000	8	0,587	Non
300	52,500	8	0,596	Non
301	52,000	8	0,606	Oui
302	52,000	8	0,606	Oui
303	52,000	8	0,606	Oui
304	52,500	8	0,596	Non
305	52,500	8	0,596	Non
306	52,500	8	0,596	Non
307	52,500	8	0,596	Non
308	52,500	8	0,596	Non
309	53,000	8	0,587	Non
310	52,500	8	0,596	Non
311	52,000	8	0,606	Oui
312	52,500	8	0,596	Non
313	52,500	8	0,596	Non
314	52,500	8	0,593	Non
315	52,500	8	0,593	Non
316	52,000	8	0,603	Oui
317	52,000	8	0,603	Oui
318	52,000	8	0,606	Oui
319	51,500	8	0,620	Oui
320	51,500	8	0,620	Oui
321	51,000	8	0,631	Oui
322	51,000	8	0,631	Oui
323	51,000	8	0,635	Oui
324	51,500	8	0,620	Oui
325	52,000	9	0,686	Oui
326	52,000	9	0,686	Oui
327	52,500	9	0,675	Oui
328	53,000	9	0,660	Oui
329	53,000	9	0,660	Oui
330	53,000	9	0,664	Oui
331	53,000	9	0,664	Oui
332	52,500	9	0,680	Oui
333	53,000	9	0,664	Oui
334	53,000	9	0,660	Oui
335	53,000	10	0,738	Oui
336	53,000	9	0,670	Oui
337	53,000	9	0,664	Oui
338	53,000	9	0,664	Oui
339	53,000	9	0,670	Oui
340	53,500	9	0,659	Oui
341	54,000	9	0,644	Oui
342	54,000	9	0,639	Oui
343	54,000	10	0,716	Oui
344	54,000	10	0,716	Oui
345	54,000	10	0,716	Oui
346	53,500	10	0,727	Oui
347	53,500	10	0,727	Oui
348	53,500	10	0,727	Oui
349	54,000	10	0,716	Oui
350	54,500	10	0,705	Oui
351	54,000	10	0,716	Oui
352	54,000	10	0,716	Oui
353	54,000	10	0,716	Oui
354	53,500	10	0,727	Oui
355	54,000	10	0,710	Oui
356	54,000	11	0,781	Oui
357	54,000	11	0,781	Oui
358	53,500	10	0,727	Oui
359	53,500	10	0,727	Oui
360	53,500	10	0,727	Oui
361	53,500	10	0,727	Oui
362	54,000	10	0,710	Oui
363	54,000	10	0,705	Oui
364	53,500	10	0,717	Oui
365	53,500	10	0,717	Oui
366	53,500	10	0,717	Oui
367	54,000	10	0,701	Oui
368	54,000	10	0,705	Oui
369	54,000	10	0,701	Oui
370	54,000	10	0,701	Oui
371	54,500	10	0,686	Oui
372	55,000	10	0,672	Oui
373	54,500	10	0,683	Oui
374	54,500	10	0,683	Oui
375	54,500	9	0,615	Oui
376	54,000	9	0,625	Oui
377	54,000	9	0,625	Oui
378	54,000	9	0,625	Oui
379	54,000	9	0,623	Oui
380	54,000	9	0,623	Oui
381	54,500	9	0,612	Oui
382	54,500	9	0,612	Oui
383	54,500	9	0,612	Oui
384	54,500	9	0,610	Oui
385	55,000	10	0,667	Oui
386	54,500	9	0,612	Oui
387	54,500	9	0,610	Oui
388	55,000	9	0,598	Non
389	55,000	10	0,665	Oui
390	55,000	10	0,665	Oui
391	54,500	10	0,676	Oui
392	54,500	10	0,678	Oui
393	54,500	10	0,678	Oui
394	54,000	10	0,692	Oui
395	54,500	10	0,678	Oui
396	55,000	10	0,665	Oui
397	54,500	10	0,676	Oui
398	54,500	10	0,678	Oui
399	54,500	10	0,678	Oui
400	55,000	10	0,665	Oui
401	54,500	10	0,676	Oui
402	54,000	10	0,690	Oui
403	54,500	10	0,678	Oui
404	55,000	10	0,665	Oui
405	54,500	10	0,678	Oui
406	55,000	10	0,667	Oui
407	55,500	10	0,656	Oui
408	55,000	10	0,667	Oui
409	54,500	10	0,678	Oui
410	55,000	10	0,665	Oui
411	55,000	11	0,731	Oui
412	54,500	11	0,746	Oui
413	54,500	11	0,748	Oui
414	55,000	11	0,736	Oui
415	55,000	11	0,733	Oui
416	55,000	12	0,800	Oui
417	55,000	12	0,798	Oui
418	55,000	13	0,864	Oui
419	54,500	13	0,879	Oui
420	55,000	13	0,862	Oui
421	55,000	13	0,862	Oui
422	55,500	13	0,847	Oui
423	55,500	13	0,846	Oui
424	55,000	13	0,861	Oui
425	54,500	13	0,876	Oui
426	55,000	13	0,860	Oui
427	55,500	14	0,910	Oui
428	55,000	14	0,926	Oui
429	54,500	14	0,943	Oui
430	54,500	14	0,943	Oui
431	55,000	15	0,992	Oui
432	55,500	15	0,975	Oui
433	56,000	15	0,958	Oui
434	55,500	15	0,976	Oui
435	56,000	15	0,958	Oui
436	56,000	15	0,958	Oui
437	56,500	15	0,940	Oui
438	57,000	16	0,986	Oui
439	57,500	16	0,969	Oui
440	57,500	17	1,030	Oui
441	58,000	17	1,013	Oui
442	58,000	17	1,013	Oui
443	58,500	17	0,995	Oui
444	58,500	17	0,995	Oui
445	58,500	17	0,995	Oui
446	58,500	16	0,937	Oui
447	58,500	17	0,995	Oui
448	58,500	17	0,995	Oui
449	58,000	17	1,013	Oui
450	58,500	17	0,997	Oui
451	58,500	17	0,997	Oui
452	58,500	17	0,997	Oui
453	58,500	17	0,997	Oui
454	58,000	17	1,013	Oui
455	58,500	17	0,997	Oui
456	58,500	17	0,995	Oui
457	58,500	17	0,994	Oui
458	59,000	18	1,035	Oui
459	59,500	18	1,019	Oui
460	59,500	18	1,019	Oui
461	59,500	18	1,019	Oui
462	59,500	18	1,018	Oui
463	59,000	18	1,034	Oui
464	59,000	18	1,035	Oui
465	59,000	18	1,037	Oui
466	59,000	18	1,037	Oui
467	59,000	18	1,035	Oui
468	59,000	19	1,094	Oui
469	59,500	19	1,077	Oui
470	60,000	19	1,060	Oui
471	60,000	19	1,063	Oui
472	60,000	19	1,063	Oui
473	60,000	19	1,063	Oui
474	60,000	19	1,063	Oui
475	59,500	19	1,080	Oui
476	59,000	18	1,042	Oui
477	58,500	18	1,058	Oui
478	59,000	18	1,042	Oui
479	59,000	17	0,984	Oui
480	58,500	17	0,999	Oui
481	58,000	17	1,018	Oui
482	58,000	17	1,018	Oui
483	58,500	17	1,002	Oui
484	58,500	17	1,002	Oui
485	59,000	18	1,045	Oui
486	59,000	18	1,045	Oui
487	59,000	18	1,045	Oui
488	59,000	18	1,042	Oui
489	59,000	19	1,103	Oui
490	59,000	19	1,103	Oui
491	59,000	20	1,166	Oui
492	59,000	20	1,171	Oui
493	59,000	20	1,171	Oui
494	58,500	20	1,188	Oui
495	59,000	20	1,166	Oui
496	59,000	20	1,166	Oui
497	59,500	20	1,144	Oui
498	59,500	21	1,201	Oui
499	60,000	21	1,183	Oui
500	60,000	21	1,183	Oui
501	60,500	21	1,161	Oui
502	60,500	21	1,161	Oui
503	61,000	21	1,140	Oui
504	60,500	21	1,157	Oui
505	61,000	21	1,140	Oui
506	61,000	21	1,140	Oui
507	60,500	21	1,161	Oui
508	60,500	21	1,161	Oui
509	60,500	21	1,161	Oui
510	61,000	21	1,140	Oui
511	61,000	21	1,140	Oui
512	61,000	21	1,136	Oui
513	61,000	21	1,134	Oui
514	61,000	22	1,190	Oui
515	61,500	22	1,170	Oui
516	61,500	22	1,170	Oui
517	61,500	22	1,170	Oui
518	61,000	22	1,188	Oui
519	61,500	22	1,167	Oui
520	62,000	23	1,202	Oui
521	62,500	23	1,184	Oui
522	62,500	23	1,184	Oui
523	62,000	23	1,202	Oui
524	61,500	22	1,170	Oui
525	61,500	22	1,167	Oui
526	62,000	23	1,202	Oui
527	62,000	23	1,202	Oui
528	61,500	23	1,223	Oui
529	62,000	23	1,205	Oui
530	62,000	23	1,202	Oui
531	62,000	23	1,202	Oui
532	62,500	23	1,181	Oui
533	62,000	23	1,202	Oui
534	61,500	22	1,170	Oui
535	61,500	22	1,167	Oui
536	61,000	22	1,185	Oui
537	61,000	22	1,185	Oui
538	61,500	22	1,165	Oui
539	61,500	22	1,164	Oui
540	61,000	22	1,183	Oui
541	60,500	22	1,203	Oui
542	60,000	21	1,168	Oui
543	59,500	21	1,187	Oui
544	59,500	21	1,187	Oui
545	60,000	21	1,168	Oui
546	60,000	21	1,168	Oui
547	59,500	21	1,187	Oui
548	60,000	21	1,167	Oui
549	60,000	22	1,223	Oui
550	60,000	22	1,223	Oui
551	60,000	22	1,223	Oui
552	60,000	22	1,223	Oui
553	60,500	22	1,202	Oui
554	61,000	22	1,182	Oui
555	60,500	21	1,148	Oui
556	60,500	21	1,148	Oui
557	61,000	21	1,129	Oui
558	61,500	22	1,163	Oui
559	61,000	22	1,182	Oui
560	61,500	22	1,163	Oui
561	61,500	23	1,216	Oui
562	61,500	23	1,217	Oui
563	61,500	23	1,217	Oui
564	61,500	23	1,217	Oui
565	61,000	23	1,237	Oui
566	60,500	23	1,257	Oui
567	60,500	22	1,203	Oui
568	60,000	22	1,223	Oui
569	60,000	22	1,223	Oui
570	60,000	23	1,279	Oui
571	59,500	23	1,302	Oui
572	59,000	23	1,325	Oui
573	59,000	23	1,325	Oui
574	59,500	23	1,304	Oui
575	59,500	23	1,304	Oui
576	60,000	24	1,339	Oui
577	60,000	24	1,339	Oui
578	60,000	24	1,339	Oui
579	60,000	24	1,339	Oui
580	60,500	25	1,374	Oui
581	60,500	25	1,371	Oui
582	61,000	25	1,347	Oui
583	61,000	26	1,401	Oui
584	61,000	25	1,347	Oui
585	60,500	25	1,368	Oui
586	60,500	25	1,368	Oui
587	60,500	25	1,368	Oui
588	60,500	25	1,371	Oui
589	60,000	25	1,392	Oui
590	60,500	25	1,371	Oui
591	60,500	25	1,371	Oui
592	60,500	25	1,368	Oui
593	61,000	26	1,401	Oui
594	61,000	26	1,401	Oui
595	61,000	26	1,401	Oui
596	60,500	26	1,425	Oui
597	61,000	26	1,404	Oui
598	61,000	26	1,404	Oui
599	60,500	26	1,429	Oui
600	60,000	26	1,455	Oui
601	60,500	26	1,429	Oui
602	60,500	26	1,429	Oui
603	60,000	26	1,451	Oui
604	60,000	26	1,455	Oui
605	60,500	26	1,433	Oui
606	60,000	26	1,455	Oui
607	59,500	26	1,477	Oui
608	59,500	26	1,477	Oui
609	59,500	26	1,477	Oui
610	59,500	25	1,420	Oui
611	59,000	25	1,443	Oui
612	59,000	25	1,443	Oui
613	58,500	25	1,466	Oui
614	58,500	25	1,466	Oui
615	58,500	24	1,411	Oui
616	58,000	24	1,434	Oui
617	57,500	23	1,400	Oui
618	57,500	23	1,400	Oui
619	57,500	23	1,400	Oui
620	57,000	23	1,427	Oui
621	57,000	23	1,427	Oui
622	56,500	23	1,450	Oui
623	56,000	23	1,479	Oui
624	56,500	23	1,450	Oui
625	56,500	23	1,450	Oui
626	56,000	22	1,414	Oui
627	56,000	22	1,410	Oui
628	56,000	22	1,410	Oui
629	56,000	22	1,410	Oui
630	56,000	21	1,346	Oui
631	56,000	21	1,343	Oui
632	55,500	21	1,366	Oui
633	55,000	21	1,390	Oui
634	55,500	21	1,365	Oui
635	55,500	21	1,365	Oui
636	55,500	21	1,365	Oui
637	55,000	20	1,324	Oui
638	54,500	20	1,348	Oui
639	54,500	19	1,280	Oui
640	54,500	20	1,348	Oui
641	54,000	20	1,372	Oui
642	54,000	20	1,372	Oui
643	53,500	20	1,399	Oui
644	54,000	20	1,374	Oui
645	54,500	20	1,350	Oui
646	54,000	19	1,307	Oui
647	53,500	19	1,331	Oui
648	53,000	19	1,357	Oui
649	53,000	19	1,357	Oui
650	52,500	19	1,382	Oui
651	52,500	19	1,385	Oui
652	52,500	19	1,385	Oui
653	52,500	19	1,385	Oui
654	52,500	19	1,385	Oui
655	52,500	19	1,385	Oui
656	52,500	19	1,389	Oui
657	52,000	18	1,344	Oui
658	52,000	18	1,344	Oui
659	52,000	18	1,344	Oui
660	52,000	18	1,344	Oui
661	52,000	18	1,344	Oui
662	51,500	18	1,373	Oui
663	51,500	18	1,373	Oui
664	51,500	18	1,373	Oui
665	51,000	18	1,398	Oui
666	51,000	18	1,398	Oui
667	50,500	17	1,349	Oui
668	50,500	17	1,349	Oui
669	50,000	17	1,374	Oui
670	49,500	17	1,399	Non
671	49,500	17	1,395	Non
672	50,000	17	1,365	Oui
673	50,000	18	1,445	Oui
674	49,500	18	1,473	Non
675	49,500	18	1,473	Non
676	50,000	18	1,442	Oui
677	50,000	18	1,442	Oui
678	50,000	18	1,441	Oui
679	49,500	18	1,471	Non
680	50,000	18	1,442	Oui
681	50,000	18	1,442	Oui
682	50,500	18	1,415	Oui
683	50,000	18	1,442	Oui
684	49,500	17	1,391	Non
685	49,500	17	1,391	Non
686	50,000	17	1,362	Oui
687	50,500	17	1,334	Oui
688	50,000	16	1,282	Oui
689	50,000	16	1,281	Oui
690	49,500	15	1,225	Non
691	49,500	15	1,225	Non
692	49,500	15	1,225	Non
693	49,500	15	1,225	Non
694	49,500	15	1,225	Non
695	49,000	15	1,252	Non
696	49,000	15	1,252	Non
697	48,500	14	1,194	Non
698	48,000	14	1,217	Non
699	48,000	14	1,217	Non
700	48,000	14	1,217	Non
701	48,000	14	1,220	Non
702	48,500	14	1,197	Non
703	48,500	14	1,197	Non
704	48,500	14	1,197	Non
705	48,500	14	1,197	Non
706	49,000	14	1,171	Non
707	49,500	14	1,146	Non
708	50,000	15	1,204	Oui
709	50,000	15	1,204	Oui
710	49,500	15	1,231	Non
711	50,000	15	1,204	Oui
712	50,000	15	1,204	Oui
713	49,500	14	1,148	Non
714	49,000	14	1,171	Non
715	48,500	14	1,197	Non
716	49,000	14	1,171	Non
717	49,000	14	1,171	Non
718	49,000	14	1,171	Non
719	48,500	13	1,111	Non
720	48,000	13	1,133	Non
721	48,000	13	1,133	Non
722	48,500	13	1,111	Non
723	49,000	13	1,090	Non
724	49,000	13	1,090	Non
725	48,500	12	1,029	Non
726	48,500	12	1,029	Non
727	48,000	12	1,049	Non
728	48,500	12	1,026	Non
729	48,000	12	1,046	Non
730	48,000	12	1,049	Non
731	48,500	12	1,026	Non
732	48,500	12	1,026	Non
733	49,000	12	1,003	Non
734	49,500	13	1,066	Non
735	49,500	13	1,066	Non
736	50,000	14	1,127	Oui
737	49,500	14	1,152	Non
738	49,000	14	1,178	Non
739	49,000	14	1,184	Non
740	49,500	14	1,163	Non
741	50,000	14	1,142	Oui
742	50,000	14	1,142	Oui
743	50,000	14	1,142	Oui
744	50,500	14	1,123	Oui
745	50,000	14	1,142	Oui
746	50,500	14	1,116	Oui
747	50,500	14	1,116	Oui
748	50,500	13	1,043	Oui
749	50,500	13	1,043	Oui
750	50,500	13	1,043	Oui
751	51,000	13	1,019	Oui
752	50,500	13	1,037	Oui
753	50,000	13	1,061	Oui
754	49,500	13	1,086	Non
755	49,500	13	1,086	Non
756	49,500	13	1,086	Non
757	49,500	12	1,009	Non
758	49,000	12	1,027	Non
759	49,500	12	1,003	Non
760	49,500	11	0,919	Non
761	49,500	11	0,914	Non
762	49,500	12	0,997	Non
763	49,500	12	1,003	Non
764	49,500	12	1,003	Non
765	49,500	12	1,003	Non
766	49,500	12	1,003	Non
767	49,500	12	1,003	Non
768	50,000	12	0,985	Oui
769	49,500	11	0,925	Non
770	49,000	11	0,941	Non
771	49,000	11	0,941	Non
772	49,000	11	0,941	Non
773	49,500	11	0,925	Non
774	49,500	11	0,919	Non
775	49,500	10	0,835	Non
776	49,500	11	0,919	Non
777	49,500	11	0,919	Non
778	49,000	11	0,935	Non
779	49,000	10	0,856	Non
780	48,500	10	0,871	Non
781	48,000	10	0,893	Non
782	48,000	9	0,810	Non
783	48,000	9	0,804	Non
784	48,000	9	0,804	Non
785	48,500	9	0,784	Non
786	49,000	9	0,765	Non
787	48,500	8	0,697	Non
788	48,000	8	0,710	Non
789	48,500	8	0,697	Non
790	48,500	8	0,693	Non
791	48,500	8	0,693	Non
792	48,500	7	0,606	Non
793	48,000	7	0,617	Non
794	48,000	7	0,617	Non
795	47,500	7	0,632	Non
796	48,000	7	0,617	Non
797	47,500	7	0,629	Non
798	47,500	7	0,629	Non
799	47,500	7	0,629	Non
800	48,000	7	0,617	Non
801	47,500	7	0,632	Non
802	47,500	7	0,632	Non
803	48,000	7	0,621	Non
804	48,000	7	0,621	Non
805	47,500	7	0,632	Non
806	47,500	7	0,632	Non
807	48,000	7	0,621	Non
808	48,500	7	0,610	Non
809	49,000	7	0,599	Non
810	49,000	7	0,603	Non
811	49,000	7	0,603	Non
812	49,500	7	0,593	Non
813	49,500	7	0,593	Non
814	49,500	7	0,589	Non
815	49,500	7	0,585	Non
816	49,500	7	0,585	Non
817	50,000	7	0,575	Non
818	50,000	7	0,575	Non
819	50,000	7	0,575	Non
820	50,000	7	0,575	Non
821	50,000	7	0,575	Non
822	50,500	7	0,565	Non
823	50,500	7	0,565	Non
824	50,500	7	0,569	Non
825	51,000	7	0,560	Non
826	51,000	7	0,560	Non
827	51,000	7	0,565	Non
828	51,500	7	0,556	Non
829	52,000	7	0,542	Non
830	51,500	7	0,556	Non
831	51,500	7	0,561	Non
832	51,500	7	0,561	Non
833	52,000	7	0,552	Non
834	52,000	7	0,558	Non
835	51,500	7	0,573	Non
836	51,500	7	0,573	Non
837	52,000	8	0,645	Oui
838	52,500	8	0,628	Oui
839	52,000	7	0,565	Non
840	51,500	7	0,573	Non
841	52,000	7	0,565	Non
842	52,000	7	0,565	Non
843	52,000	7	0,565	Non
844	51,500	7	0,573	Non
845	51,000	7	0,582	Non
846	51,500	7	0,567	Non
847	52,000	8	0,638	Oui
848	52,500	8	0,628	Oui
849	52,500	8	0,628	Oui
850	52,500	8	0,628	Oui
851	52,000	8	0,638	Oui
852	52,500	8	0,622	Oui
853	53,000	9	0,689	Oui
854	53,500	9	0,679	Oui
855	53,500	9	0,672	Oui
856	53,500	10	0,746	Oui
857	53,500	10	0,746	Oui
858	53,500	10	0,746	Oui
859	53,500	10	0,746	Oui
860	54,000	10	0,728	Oui
861	54,000	10	0,728	Oui
862	54,000	10	0,728	Oui
863	54,500	10	0,711	Oui
864	54,500	11	0,782	Oui
865	55,000	11	0,770	Oui
866	55,500	11	0,759	Oui
867	56,000	11	0,741	Oui
868	56,000	12	0,809	Oui
869	56,000	12	0,809	Oui
870	56,000	12	0,809	Oui
871	56,000	12	0,816	Oui
872	55,500	11	0,767	Oui
873	55,000	11	0,778	Oui
874	55,500	11	0,767	Oui
875	56,000	11	0,756	Oui
876	55,500	11	0,775	Oui
877	56,000	11	0,756	Oui
878	55,500	11	0,775	Oui
879	55,500	11	0,775	Oui
880	55,500	11	0,775	Oui
881	55,500	11	0,775	Oui
882	55,500	11	0,775	Oui
883	56,000	11	0,756	Oui
884	56,500	12	0,813	Oui
885	56,000	12	0,824	Oui
886	56,000	12	0,824	Oui
887	55,500	12	0,845	Oui
888	55,500	12	0,845	Oui
889	55,500	12	0,845	Oui
890	56,000	12	0,824	Oui
891	56,000	12	0,816	Oui
892	56,000	13	0,884	Oui
893	56,500	13	0,864	Oui
894	56,500	13	0,864	Oui
895	56,500	13	0,864	Oui
896	56,500	13	0,864	Oui
897	57,000	13	0,852	Oui
898	57,000	13	0,852	Oui
899	57,000	13	0,852	Oui
900	57,500	13	0,840	Oui
901	57,000	13	0,852	Oui
902	56,500	13	0,864	Oui
903	56,500	13	0,872	Oui
904	57,000	13	0,860	Oui
905	57,000	13	0,852	Oui
906	56,500	13	0,872	Oui
907	56,500	12	0,813	Oui
908	56,500	12	0,813	Oui
909	56,500	12	0,805	Oui
910	56,500	12	0,805	Oui
911	56,500	12	0,813	Oui
912	56,500	12	0,813	Oui
913	57,000	13	0,869	Oui
914	57,500	13	0,848	Oui
915	58,000	14	0,901	Oui
916	58,000	14	0,901	Oui
917	58,500	15	0,952	Oui
918	59,000	15	0,940	Oui
919	59,500	15	0,918	Oui
920	59,500	15	0,918	Oui
921	59,500	15	0,909	Oui
922	59,000	15	0,921	Oui
923	58,500	15	0,934	Oui
924	58,500	15	0,934	Oui
925	59,000	15	0,921	Oui
926	58,500	15	0,934	Oui
927	58,500	15	0,934	Oui
928	58,500	15	0,943	Oui
929	58,500	15	0,943	Oui
930	58,500	15	0,934	Oui
931	58,500	15	0,934	Oui
932	58,000	15	0,956	Oui
933	57,500	14	0,913	Oui
934	57,000	14	0,926	Oui
935	56,500	13	0,881	Oui
936	56,000	13	0,893	Oui
937	56,000	13	0,893	Oui
938	56,500	13	0,872	Oui
939	56,500	14	0,939	Oui
940	56,500	14	0,939	Oui
941	56,500	14	0,939	Oui
942	57,000	14	0,926	Oui
943	57,500	14	0,913	Oui
944	57,000	14	0,926	Oui
945	57,500	14	0,913	Oui
946	57,500	14	0,923	Oui
947	58,000	14	0,911	Oui
948	57,500	14	0,923	Oui
949	57,000	14	0,936	Oui
950	57,000	14	0,936	Oui
951	57,000	14	0,946	Oui
952	57,500	14	0,923	Oui
953	58,000	14	0,901	Oui
954	58,000	14	0,901	Oui
955	58,000	14	0,901	Oui
956	58,000	14	0,901	Oui
957	57,500	14	0,913	Oui
958	58,000	14	0,901	Oui
959	58,000	14	0,911	Oui
960	58,000	14	0,911	Oui
961	58,000	13	0,846	Oui
962	57,500	13	0,857	Oui
963	57,000	13	0,869	Oui
964	57,500	13	0,857	Oui
965	57,500	13	0,857	Oui
966	58,000	13	0,846	Oui
967	57,500	13	0,857	Oui
968	57,500	13	0,848	Oui
969	57,500	13	0,848	Oui
970	57,500	13	0,848	Oui
971	58,000	13	0,828	Oui
972	58,000	13	0,828	Oui
973	58,000	13	0,828	Oui
974	58,000	13	0,837	Oui
975	57,500	12	0,791	Oui
976	57,000	12	0,802	Oui
977	57,000	12	0,802	Oui
978	57,000	12	0,802	Oui
979	56,500	12	0,813	Oui
980	56,500	12	0,813	Oui
981	57,000	12	0,802	Oui
982	57,000	12	0,794	Oui
983	57,000	13	0,869	Oui
984	56,500	13	0,890	Oui
985	56,500	13	0,901	Oui
986	56,500	13	0,912	Oui
987	57,000	13	0,889	Oui
988	57,500	13	0,867	Oui
989	57,000	13	0,878	Oui
990	57,000	13	0,889	Oui
991	57,000	13	0,889	Oui
992	56,500	13	0,912	Oui
993	57,000	13	0,900	Oui
994	57,500	13	0,877	Oui
995	57,500	13	0,877	Oui
996	57,000	13	0,900	Oui
997	57,000	13	0,900	Oui
998	56,500	13	0,912	Oui
999	56,500	13	0,912	Oui
1000	56,500	13	0,901	Oui
1001	57,000	13	0,878	Oui
1002	57,000	13	0,878	Oui
1003	57,000	13	0,878	Oui
1004	56,500	13	0,890	Oui
1005	56,500	13	0,890	Oui
1006	57,000	13	0,869	Oui
1007	57,000	13	0,860	Oui
1008	56,500	13	0,872	Oui
1009	56,500	13	0,872	Oui
1010	56,000	13	0,884	Oui
1011	56,500	13	0,864	Oui
1012	56,500	14	0,930	Oui
1013	56,500	14	0,930	Oui
1014	56,000	14	0,952	Oui
1015	55,500	14	0,976	Oui
1016	55,500	14	0,976	Oui
1017	55,500	14	0,976	Oui
1018	55,500	14	0,966	Oui
1019	55,500	14	0,966	Oui
1020	55,500	14	0,966	Oui
1021	56,000	14	0,952	Oui
1022	56,000	14	0,952	Oui
1023	56,000	14	0,952	Oui
1024	55,500	14	0,966	Oui
1025	55,500	14	0,966	Oui
1026	56,000	14	0,952	Oui
1027	56,000	14	0,944	Oui
1028	56,000	14	0,936	Oui
1029	55,500	14	0,958	Oui
1030	56,000	14	0,944	Oui
1031	55,500	14	0,958	Oui
1032	56,000	14	0,944	Oui
1033	56,000	14	0,944	Oui
1034	55,500	14	0,958	Oui
1035	55,500	14	0,958	Oui
1036	55,500	13	0,897	Oui
1037	55,500	13	0,897	Oui
1038	55,500	13	0,897	Oui
1039	56,000	13	0,876	Oui
1040	56,500	14	0,930	Oui
1041	56,500	14	0,930	Oui
1042	57,000	14	0,917	Oui
1043	57,000	14	0,917	Oui
1044	57,000	14	0,917	Oui
1045	57,000	14	0,917	Oui
1046	57,000	13	0,860	Oui
1047	57,000	13	0,852	Oui
1048	56,500	13	0,864	Oui
1049	56,500	13	0,864	Oui
1050	56,500	13	0,864	Oui
1051	56,500	13	0,864	Oui
1052	56,500	12	0,797	Oui
1053	56,500	13	0,864	Oui
1054	56,500	13	0,864	Oui
1055	56,000	12	0,816	Oui
1056	55,500	12	0,828	Oui
1057	55,500	12	0,828	Oui
1058	55,000	12	0,840	Oui
1059	54,500	12	0,853	Oui
1060	54,000	12	0,874	Oui
1061	54,000	12	0,874	Oui
1062	54,500	12	0,853	Oui
1063	54,000	11	0,801	Oui
1064	54,000	11	0,801	Oui
1065	53,500	11	0,813	Oui
1066	53,000	11	0,826	Oui
1067	53,000	10	0,758	Oui
1068	52,500	10	0,769	Oui
1069	53,000	10	0,758	Oui
1070	53,500	10	0,746	Oui
1071	53,000	10	0,758	Oui
1072	53,500	10	0,739	Oui
1073	53,500	10	0,739	Oui
1074	53,500	10	0,739	Oui
1075	53,000	10	0,750	Oui
1076	53,500	10	0,739	Oui
1077	53,500	10	0,739	Oui
1078	54,000	11	0,801	Oui
1079	54,000	11	0,801	Oui
1080	54,000	11	0,801	Oui
1081	54,000	11	0,801	Oui
1082	54,000	11	0,794	Oui
1083	53,500	10	0,739	Oui
1084	53,500	10	0,739	Oui
1085	53,500	10	0,739	Oui
1086	53,000	10	0,758	Oui
1087	53,500	10	0,739	Oui
1088	54,000	11	0,801	Oui
1089	53,500	11	0,821	Oui
1090	53,000	11	0,842	Oui
1091	52,500	10	0,786	Oui
1092	52,000	10	0,797	Oui
1093	52,000	10	0,797	Oui
1094	52,500	11	0,864	Oui
1095	52,500	11	0,864	Oui
1096	53,000	11	0,851	Oui
1097	53,000	11	0,851	Oui
1098	53,000	11	0,851	Oui
1099	53,000	11	0,851	Oui
1100	52,500	11	0,864	Oui
1101	52,500	11	0,864	Oui
1102	52,500	11	0,864	Oui
1103	52,500	11	0,855	Oui
1104	52,000	11	0,868	Oui
1105	52,000	11	0,868	Oui
1106	52,500	12	0,932	Oui
1107	52,500	12	0,923	Oui
1108	52,000	12	0,938	Oui
1109	52,000	12	0,947	Oui
1110	52,500	12	0,932	Oui
1111	52,500	12	0,932	Oui
1112	52,500	11	0,864	Oui
1113	52,500	11	0,855	Oui
1114	52,500	10	0,777	Oui
1115	52,500	11	0,855	Oui
1116	52,500	10	0,786	Oui
1117	52,500	10	0,786	Oui
1118	52,500	10	0,786	Oui
1119	52,000	10	0,807	Oui
1120	52,500	10	0,795	Oui
1121	52,500	10	0,805	Oui
1122	53,000	10	0,794	Oui
1123	53,500	10	0,782	Oui
1124	54,000	10	0,772	Oui
1125	53,500	10	0,782	Oui
1126	53,500	10	0,782	Oui
1127	53,500	10	0,782	Oui
1128	53,000	10	0,794	Oui
1129	53,500	10	0,772	Oui
1130	53,000	10	0,794	Oui
1131	53,000	10	0,805	Oui
1132	53,000	10	0,805	Oui
1133	53,500	10	0,782	Oui
1134	54,000	10	0,761	Oui
1135	54,500	10	0,741	Oui
1136	55,000	11	0,804	Oui
1137	55,000	11	0,804	Oui
1138	55,000	10	0,740	Oui
1139	55,000	10	0,740	Oui
1140	54,500	10	0,751	Oui
1141	54,000	10	0,761	Oui
1142	54,000	10	0,761	Oui
1143	53,500	10	0,772	Oui
1144	53,500	10	0,772	Oui
1145	53,500	10	0,772	Oui
1146	53,000	10	0,783	Oui
1147	52,500	10	0,795	Oui
1148	53,000	10	0,774	Oui
1149	53,500	10	0,754	Oui
1150	53,500	10	0,746	Oui
1151	53,000	10	0,758	Oui
1152	52,500	10	0,777	Oui
1153	52,000	10	0,797	Oui
1154	52,000	10	0,797	Oui
1155	52,000	10	0,797	Oui
1156	52,000	10	0,789	Oui
1157	52,000	10	0,789	Oui
1158	52,000	10	0,789	Oui
1159	51,500	10	0,801	Oui
1160	51,500	10	0,810	Oui
1161	51,000	10	0,832	Oui
1162	51,500	10	0,810	Oui
1163	52,000	10	0,789	Oui
1164	52,000	10	0,781	Oui
1165	52,000	10	0,781	Oui
1166	51,500	10	0,794	Oui
1167	52,000	10	0,781	Oui
1168	52,000	10	0,789	Oui
1169	52,000	10	0,789	Oui
1170	52,000	10	0,789	Oui
1171	52,000	10	0,797	Oui
1172	52,000	10	0,797	Oui
1173	52,000	10	0,797	Oui
1174	51,500	10	0,810	Oui
1175	51,500	10	0,810	Oui
1176	51,500	10	0,810	Oui
1177	52,000	10	0,797	Oui
1178	52,500	10	0,777	Oui
1179	53,000	11	0,842	Oui
1180	53,500	11	0,821	Oui
1181	53,000	11	0,833	Oui
1182	52,500	10	0,777	Oui
1183	52,000	10	0,789	Oui
1184	52,000	10	0,789	Oui
1185	52,000	10	0,781	Oui
1186	51,500	10	0,794	Oui
1187	51,000	10	0,814	Oui
1188	51,000	10	0,822	Oui
1189	51,500	10	0,801	Oui
1190	51,000	10	0,814	Oui
1191	51,500	10	0,801	Oui
1192	51,500	10	0,801	Oui
1193	51,000	10	0,814	Oui
1194	51,000	10	0,814	Oui
1195	51,500	10	0,794	Oui
1196	51,500	10	0,794	Oui
1197	52,000	10	0,774	Oui
1198	52,000	10	0,774	Oui
1199	52,500	10	0,762	Oui
1200	52,000	10	0,781	Oui
1201	52,000	10	0,789	Oui
1202	52,500	10	0,777	Oui
1203	52,000	10	0,789	Oui
1204	52,500	10	0,777	Oui
1205	53,000	10	0,765	Oui
1206	53,000	10	0,765	Oui
1207	53,000	10	0,765	Oui
1208	53,500	10	0,746	Oui
1209	53,000	10	0,758	Oui
1210	53,500	10	0,739	Oui
1211	53,500	9	0,665	Oui
1212	53,000	9	0,675	Oui
1213	53,500	9	0,665	Oui
1214	54,000	9	0,655	Oui
1215	54,500	9	0,640	Oui
1216	55,000	10	0,700	Oui
1217	55,000	10	0,694	Oui
1218	55,000	10	0,694	Oui
1219	55,500	10	0,678	Oui
1220	55,500	10	0,678	Oui
1221	55,000	10	0,689	Oui
1222	55,000	10	0,689	Oui
1223	55,000	10	0,689	Oui
1224	55,000	10	0,689	Oui
1225	54,500	10	0,699	Oui
1226	54,500	10	0,699	Oui
1227	54,500	10	0,699	Oui
1228	54,500	11	0,775	Oui
1229	55,000	11	0,764	Oui
1230	55,000	11	0,764	Oui
1231	55,000	11	0,764	Oui
1232	55,000	11	0,758	Oui
1233	55,000	12	0,826	Oui
1234	55,000	12	0,826	Oui
1235	55,000	12	0,826	Oui
1236	54,500	12	0,839	Oui
1237	54,500	12	0,839	Oui
1238	54,500	12	0,839	Oui
1239	54,000	11	0,787	Oui
1240	54,000	11	0,787	Oui
1241	53,500	11	0,799	Oui
1242	53,500	11	0,794	Oui
1243	54,000	12	0,852	Oui
1244	54,500	12	0,833	Oui
1245	55,000	12	0,815	Oui
1246	55,000	13	0,883	Oui
1247	54,500	13	0,903	Oui
1248	54,500	13	0,903	Oui
1249	54,500	13	0,903	Oui
1250	55,000	13	0,889	Oui
1251	55,500	13	0,875	Oui
1252	55,000	12	0,826	Oui
1253	55,000	12	0,821	Oui
1254	55,000	13	0,889	Oui
1255	55,000	13	0,889	Oui
1256	55,500	13	0,875	Oui
1257	56,000	13	0,856	Oui
1258	56,500	14	0,909	Oui
1259	56,500	14	0,909	Oui
1260	57,000	14	0,889	Oui
1261	57,500	15	0,939	Oui
1262	57,000	15	0,959	Oui
1263	57,500	15	0,939	Oui
1264	57,500	16	1,001	Oui
1265	57,500	16	1,001	Oui
1266	57,500	16	1,001	Oui
1267	57,500	16	1,001	Oui
1268	57,500	16	1,001	Oui
1269	57,500	16	1,001	Oui
1270	57,000	16	1,016	Oui
1271	57,500	16	1,001	Oui
1272	57,000	16	1,023	Oui
1273	57,000	16	1,023	Oui
1274	57,000	16	1,023	Oui
1275	57,000	16	1,023	Oui
1276	56,500	16	1,038	Oui
1277	56,000	15	0,995	Oui
1278	56,000	15	0,995	Oui
1279	56,000	15	0,995	Oui
1280	56,000	15	0,995	Oui
1281	56,000	15	0,995	Oui
1282	56,000	15	1,003	Oui
1283	56,500	15	0,980	Oui
1284	56,000	15	0,995	Oui
1285	56,500	15	0,973	Oui
1286	57,000	15	0,953	Oui
1287	56,500	14	0,909	Oui
1288	56,000	14	0,922	Oui
1289	56,000	14	0,922	Oui
1290	56,000	14	0,922	Oui
1291	56,000	14	0,922	Oui
1292	56,000	14	0,922	Oui
1293	55,500	13	0,875	Oui
1294	55,500	13	0,870	Oui
1295	55,500	13	0,870	Oui
1296	55,500	13	0,870	Oui
1297	55,500	13	0,864	Oui
1298	56,000	13	0,846	Oui
1299	55,500	13	0,860	Oui
1300	56,000	13	0,846	Oui
1301	56,500	13	0,833	Oui
1302	56,500	13	0,833	Oui
1303	56,500	13	0,838	Oui
1304	57,000	13	0,821	Oui
1305	57,000	12	0,758	Oui
1306	57,000	13	0,821	Oui
1307	57,000	13	0,821	Oui
1308	57,000	13	0,821	Oui
1309	56,500	13	0,833	Oui
1310	56,500	13	0,833	Oui
1311	56,000	13	0,846	Oui
1312	55,500	13	0,860	Oui
1313	55,000	13	0,878	Oui
1314	55,000	12	0,811	Oui
1315	55,000	13	0,878	Oui
1316	54,500	13	0,892	Oui
1317	54,000	13	0,907	Oui
1318	54,000	13	0,907	Oui
1319	54,000	13	0,907	Oui
1320	54,000	13	0,907	Oui
1321	53,500	13	0,922	Oui
1322	53,500	13	0,922	Oui
1323	53,500	13	0,918	Oui
1324	53,500	14	0,989	Oui
1325	54,000	14	0,972	Oui
1326	54,000	14	0,972	Oui
1327	54,500	14	0,956	Oui
1328	55,000	14	0,937	Oui
1329	54,500	14	0,956	Oui
1330	54,500	14	0,956	Oui
1331	54,500	14	0,952	Oui
1332	54,500	14	0,952	Oui
1333	54,000	14	0,972	Oui
1334	54,000	14	0,977	Oui
1335	54,000	13	0,907	Oui
1336	54,000	14	0,977	Oui
1337	54,500	14	0,956	Oui
1338	54,500	15	1,025	Oui
1339	54,000	15	1,042	Oui
1340	54,000	15	1,042	Oui
1341	54,000	15	1,042	Oui
1342	54,000	15	1,042	Oui
1343	54,000	15	1,042	Oui
1344	54,000	15	1,042	Oui
1345	53,500	15	1,059	Oui
1346	54,000	15	1,042	Oui
1347	54,000	15	1,042	Oui
1348	54,000	15	1,042	Oui
1349	54,000	15	1,042	Oui
1350	53,500	15	1,064	Oui
1351	53,500	15	1,064	Oui
1352	54,000	15	1,042	Oui
1353	54,500	16	1,093	Oui
1354	54,500	16	1,093	Oui
1355	55,000	16	1,071	Oui
1356	54,500	16	1,093	Oui
1357	55,000	16	1,075	Oui
1358	55,000	16	1,075	Oui
1359	55,500	16	1,053	Oui
1360	55,000	16	1,071	Oui
1361	55,500	16	1,053	Oui
1362	55,500	16	1,053	Oui
1363	55,500	16	1,053	Oui
1364	55,000	16	1,075	Oui
1365	55,500	16	1,058	Oui
1366	55,500	16	1,058	Oui
1367	55,500	16	1,058	Oui
1368	55,000	16	1,075	Oui
1369	55,500	16	1,058	Oui
1370	55,500	16	1,058	Oui
1371	55,500	16	1,058	Oui
1372	56,000	16	1,042	Oui
1373	56,000	16	1,042	Oui
1374	56,000	16	1,042	Oui
1375	56,500	16	1,020	Oui
1376	57,000	17	1,068	Oui
1377	56,500	17	1,084	Oui
1378	56,500	16	1,020	Oui
1379	56,500	17	1,084	Oui
1380	56,000	17	1,107	Oui
1381	56,000	17	1,107	Oui
1382	56,000	17	1,107	Oui
1383	56,500	17	1,084	Oui
1384	56,500	17	1,084	Oui
1385	56,500	17	1,090	Oui
1386	57,000	17	1,073	Oui
1387	57,000	17	1,073	Oui
1388	56,500	17	1,090	Oui
1389	56,500	17	1,096	Oui
1390	57,000	17	1,080	Oui
1391	56,500	17	1,096	Oui
1392	57,000	17	1,073	Oui
1393	57,000	17	1,073	Oui
1394	56,500	17	1,096	Oui
1395	56,500	17	1,103	Oui
1396	57,000	17	1,087	Oui
1397	56,500	17	1,111	Oui
1398	57,000	17	1,087	Oui
1399	56,500	17	1,103	Oui
1400	56,500	17	1,103	Oui
1401	56,500	17	1,096	Oui
1402	56,500	18	1,161	Oui
1403	57,000	18	1,143	Oui
1404	56,500	18	1,161	Oui
1405	56,000	18	1,178	Oui
1406	55,500	18	1,204	Oui
1407	55,500	18	1,212	Oui
1408	55,500	18	1,212	Oui
1409	56,000	18	1,186	Oui
1410	56,000	18	1,186	Oui
1411	55,500	18	1,212	Oui
1412	55,500	18	1,212	Oui
1413	55,500	18	1,204	Oui
1414	55,000	18	1,223	Oui
1415	55,000	17	1,155	Oui
1416	55,000	17	1,148	Oui
1417	55,000	18	1,223	Oui
1418	54,500	18	1,250	Oui
1419	54,500	18	1,259	Oui
1420	54,500	18	1,259	Oui
1421	54,500	18	1,259	Oui
1422	54,000	18	1,278	Oui
1423	54,500	18	1,250	Oui
1424	55,000	18	1,223	Oui
1425	55,500	18	1,197	Oui
1426	55,500	18	1,190	Oui
1427	55,000	17	1,148	Oui
1428	55,000	17	1,148	Oui
1429	54,500	17	1,167	Oui
1430	54,000	17	1,186	Oui
1431	54,000	17	1,186	Oui
1432	53,500	16	1,140	Oui
1433	53,500	16	1,135	Oui
1434	53,500	16	1,135	Oui
1435	53,500	16	1,135	Oui
1436	53,500	16	1,135	Oui
1437	53,500	16	1,135	Oui
1438	53,500	16	1,140	Oui
1439	54,000	16	1,122	Oui
1440	53,500	16	1,140	Oui
1441	54,000	16	1,122	Oui
1442	53,500	15	1,075	Oui
1443	53,000	15	1,093	Oui
1444	52,500	15	1,118	Oui
1445	52,500	14	1,050	Oui
1446	52,500	14	1,043	Oui
1447	52,500	14	1,043	Oui
1448	53,000	14	1,020	Oui
1449	53,500	15	1,075	Oui
1450	53,500	15	1,075	Oui
1451	53,000	15	1,093	Oui
1452	53,000	15	1,093	Oui
1453	52,500	14	1,043	Oui
1454	52,000	14	1,061	Oui
1455	52,500	14	1,043	Oui
1456	52,000	14	1,061	Oui
1457	52,000	13	0,991	Oui
1458	51,500	13	1,008	Oui
1459	52,000	13	0,985	Oui
1460	51,500	12	0,930	Oui
1461	51,000	12	0,946	Oui
1462	51,000	12	0,946	Oui
1463	51,000	11	0,873	Oui
1464	51,000	11	0,873	Oui
1465	51,500	11	0,859	Oui
1466	51,500	11	0,859	Oui
1467	51,000	11	0,873	Oui
1468	51,500	11	0,853	Oui
1469	51,000	11	0,867	Oui
1470	51,000	11	0,867	Oui
1471	50,500	11	0,882	Oui
1472	50,500	11	0,882	Oui
1473	50,500	11	0,882	Oui
1474	50,500	11	0,882	Oui
1475	51,000	11	0,862	Oui
1476	51,000	11	0,862	Oui
1477	51,500	11	0,847	Oui
1478	51,500	11	0,843	Oui
1479	52,000	11	0,825	Oui
1480	52,000	11	0,821	Oui
1481	52,000	11	0,821	Oui
1482	51,500	11	0,836	Oui
1483	51,500	11	0,836	Oui
1484	51,500	11	0,836	Oui
1485	51,500	11	0,839	Oui
1486	51,000	11	0,858	Oui
1487	51,000	11	0,858	Oui
1488	51,000	11	0,858	Oui
1489	51,500	11	0,843	Oui
1490	52,000	11	0,829	Oui
1491	52,500	11	0,815	Oui
1492	52,500	11	0,815	Oui
1493	52,500	11	0,815	Oui
1494	52,000	11	0,833	Oui
1495	52,500	11	0,815	Oui
1496	52,500	12	0,889	Oui
1497	52,000	12	0,909	Oui
1498	52,000	12	0,915	Oui
1499	52,500	12	0,894	Oui
1500	52,000	12	0,909	Oui
1501	52,000	12	0,904	Oui
1502	52,000	12	0,904	Oui
1503	51,500	12	0,920	Oui
1504	51,000	12	0,940	Oui
1505	51,000	11	0,862	Oui
1506	50,500	11	0,877	Oui
1507	50,000	11	0,898	Oui
1508	50,000	11	0,898	Oui
1509	50,000	11	0,898	Oui
1510	49,500	11	0,914	Non
1511	50,000	11	0,893	Oui
1512	50,500	11	0,873	Oui
1513	51,000	12	0,936	Oui
1514	50,500	11	0,877	Oui
1515	50,000	11	0,893	Oui
1516	50,000	11	0,893	Oui
1517	50,500	11	0,877	Oui
1518	50,000	11	0,893	Oui
1519	50,500	11	0,873	Oui
1520	50,000	11	0,889	Oui
1521	50,000	11	0,889	Oui
1522	50,000	11	0,886	Oui
1523	49,500	10	0,823	Non
1524	49,500	10	0,820	Non
1525	49,000	10	0,836	Non
1526	49,000	10	0,836	Non
1527	49,000	10	0,836	Non
1528	49,000	10	0,839	Non
1529	49,000	10	0,839	Non
1530	49,000	10	0,839	Non
1531	48,500	10	0,858	Non
1532	48,500	10	0,858	Non
1533	49,000	10	0,839	Non
1534	48,500	10	0,855	Non
1535	48,500	9	0,772	Non
1536	48,500	9	0,769	Non
1537	48,500	9	0,772	Non
1538	48,000	9	0,787	Non
1539	48,000	9	0,787	Non
1540	48,000	9	0,787	Non
1541	48,000	9	0,787	Non
1542	47,500	9	0,802	Non
1543	48,000	9	0,784	Non
1544	48,500	10	0,855	Non
1545	49,000	10	0,836	Non
1546	48,500	10	0,853	Non
1547	48,500	10	0,853	Non
1548	48,000	10	0,871	Non
1549	47,500	10	0,891	Non
1550	48,000	10	0,874	Non
1551	48,000	10	0,874	Non
1552	48,000	9	0,787	Non
1553	47,500	9	0,802	Non
1554	47,500	9	0,802	Non
1555	47,000	9	0,821	Non
1556	47,500	9	0,802	Non
1557	47,500	10	0,891	Non
1558	47,500	10	0,891	Non
1559	47,000	10	0,912	Non
1560	47,000	10	0,912	Non
1561	47,000	10	0,912	Non
1562	46,500	10	0,934	Non
1563	46,000	10	0,956	Non
1564	46,000	10	0,956	Non
1565	46,000	10	0,956	Non
1566	46,000	10	0,956	Non
1567	46,000	10	0,956	Non
1568	46,500	10	0,938	Non
1569	46,500	10	0,938	Non
1570	46,500	10	0,938	Non
1571	46,000	10	0,956	Non
1572	46,000	10	0,952	Non
1573	45,500	10	0,972	Non
1574	46,000	10	0,949	Non
1575	46,000	10	0,952	Non
1576	45,500	10	0,972	Non
1577	46,000	10	0,949	Non
1578	46,000	10	0,952	Non
1579	45,500	10	0,972	Non
1580	45,500	10	0,972	Non
1581	46,000	10	0,949	Non
1582	46,500	10	0,928	Non
1583	46,500	11	1,023	Non
1584	47,000	11	1,000	Non
1585	46,500	11	1,020	Non
1586	46,000	11	1,042	Non
1587	46,000	11	1,042	Non
1588	46,000	11	1,042	Non
1589	45,500	11	1,064	Non
1590	45,000	11	1,087	Non
1591	45,500	11	1,063	Non
1592	45,500	11	1,063	Non
1593	46,000	12	1,135	Non
1594	46,500	12	1,111	Non
1595	46,500	12	1,110	Non
1596	46,000	12	1,134	Non
1597	46,500	12	1,110	Non
1598	46,500	12	1,111	Non
1599	47,000	12	1,087	Non
1600	47,000	12	1,087	Non
1601	47,000	11	0,996	Non
1602	46,500	11	1,018	Non
1603	46,500	11	1,018	Non
1604	47,000	11	0,996	Non
1605	47,500	11	0,976	Non
1606	48,000	11	0,957	Non
1607	48,000	11	0,955	Non
1608	47,500	11	0,976	Non
1609	47,000	11	0,998	Non
1610	46,500	11	1,020	Non
1611	47,000	11	1,000	Non
1612	47,000	11	1,000	Non
1613	47,000	11	1,000	Non
1614	47,500	11	0,978	Non
1615	47,500	12	1,070	Non
1616	47,500	11	0,980	Non
1617	47,500	11	0,978	Non
1618	47,500	11	0,978	Non
1619	47,500	11	0,976	Non
1620	47,500	11	0,976	Non
1621	47,500	11	0,976	Non
1622	47,500	11	0,976	Non
1623	47,500	11	0,978	Non
1624	47,000	11	1,000	Non
1625	46,500	11	1,023	Non
1626	46,500	11	1,027	Non
1627	47,000	11	1,007	Non
1628	46,500	11	1,027	Non
1629	46,500	11	1,027	Non
1630	47,000	11	1,007	Non
1631	47,500	11	0,984	Non
1632	48,000	11	0,962	Non
1633	47,500	11	0,984	Non
1634	48,000	11	0,965	Non
1635	48,500	11	0,943	Non
1636	48,500	11	0,943	Non
1637	48,000	11	0,962	Non
1638	47,500	11	0,980	Non
1639	47,000	11	1,000	Non
1640	47,000	11	1,000	Non
1641	47,000	11	1,000	Non
1642	47,000	11	1,000	Non
1643	47,500	11	0,978	Non
1644	47,500	11	0,978	Non
1645	47,500	11	0,978	Non
1646	47,500	11	0,978	Non
1647	48,000	11	0,957	Non
1648	48,000	10	0,870	Non
1649	48,000	10	0,868	Non
1650	47,500	10	0,887	Non
1651	48,000	10	0,868	Non
1652	48,500	10	0,851	Non
1653	48,500	10	0,851	Non
1654	48,500	10	0,851	Non
1655	48,000	10	0,868	Non
1656	48,000	10	0,868	Non
1657	48,000	10	0,868	Non
1658	48,500	11	0,935	Non
1659	48,500	11	0,936	Non
1660	49,000	11	0,918	Non
1661	49,500	11	0,900	Non
1662	49,500	11	0,900	Non
1663	49,500	11	0,899	Non
1664	49,500	12	0,980	Non
1665	49,000	12	1,000	Non
1666	49,000	12	1,000	Non
1667	49,500	12	0,980	Non
1668	49,000	12	1,000	Non
1669	49,500	12	0,980	Non
1670	49,500	12	0,980	Non
1671	49,500	12	0,980	Non
1672	50,000	12	0,960	Oui
1673	50,500	12	0,941	Oui
1674	50,500	12	0,941	Oui
1675	50,500	12	0,941	Oui
1676	51,000	12	0,923	Oui
1677	50,500	12	0,942	Oui
1678	50,500	12	0,942	Oui
1679	50,500	12	0,942	Oui
1680	50,000	12	0,960	Oui
1681	50,500	12	0,942	Oui
1682	51,000	13	1,000	Oui
1683	51,000	13	1,000	Oui
1684	51,500	13	0,981	Oui
1685	51,000	13	1,001	Oui
1686	51,000	13	1,001	Oui
1687	51,000	13	1,001	Oui
1688	51,000	13	1,001	Oui
1689	51,000	13	1,001	Oui
1690	51,000	13	1,003	Oui
1691	51,000	13	1,006	Oui
1692	51,000	13	1,006	Oui
1693	51,000	13	1,006	Oui
1694	51,500	13	0,988	Oui
1695	51,000	12	0,928	Oui
1696	51,000	12	0,932	Oui
1697	51,000	12	0,932	Oui
1698	50,500	12	0,952	Oui
1699	50,500	12	0,952	Oui
1700	50,500	12	0,952	Oui
1701	50,000	12	0,970	Oui
1702	50,000	12	0,970	Oui
1703	50,500	12	0,952	Oui
1704	50,500	12	0,952	Oui
1705	50,500	12	0,952	Oui
1706	51,000	12	0,936	Oui
1707	51,500	13	0,992	Oui
1708	52,000	13	0,971	Oui
1709	52,000	13	0,971	Oui
1710	52,500	13	0,950	Oui
1711	52,500	13	0,948	Oui
1712	52,500	12	0,875	Oui
1713	52,500	12	0,877	Oui
1714	53,000	13	0,931	Oui
1715	53,500	13	0,915	Oui
1716	53,500	13	0,915	Oui
1717	53,500	13	0,918	Oui
1718	53,500	13	0,918	Oui
1719	53,000	13	0,934	Oui
1720	53,000	13	0,934	Oui
1721	53,000	13	0,934	Oui
1722	53,000	13	0,934	Oui
1723	53,500	14	0,985	Oui
1724	53,000	14	1,003	Oui
1725	53,000	14	1,003	Oui
1726	53,000	14	1,003	Oui
1727	52,500	14	1,023	Oui
1728	52,500	14	1,027	Oui
1729	52,500	14	1,027	Oui
1730	53,000	14	1,006	Oui
1731	53,500	14	0,985	Oui
1732	54,000	14	0,966	Oui
1733	54,000	14	0,966	Oui
1734	54,500	14	0,949	Oui
1735	54,500	14	0,952	Oui
1736	54,000	13	0,899	Oui
1737	54,000	13	0,899	Oui
1738	54,000	13	0,899	Oui
1739	54,500	13	0,881	Oui
1740	55,000	13	0,864	Oui
1741	55,500	13	0,847	Oui
1742	55,500	13	0,847	Oui
1743	55,000	12	0,796	Oui
1744	54,500	12	0,811	Oui
1745	54,500	12	0,811	Oui
1746	55,000	13	0,862	Oui
1747	55,500	13	0,846	Oui
1748	56,000	13	0,831	Oui
1749	56,000	13	0,831	Oui
1750	55,500	13	0,847	Oui
1751	56,000	13	0,831	Oui
1752	56,000	13	0,830	Oui
1753	56,000	13	0,830	Oui
1754	56,000	13	0,830	Oui
1755	56,500	13	0,815	Oui
1756	56,500	12	0,752	Oui
1757	56,000	12	0,766	Oui
1758	55,500	12	0,780	Oui
1759	56,000	12	0,766	Oui
1760	56,500	12	0,752	Oui
1761	56,500	13	0,815	Oui
1762	57,000	13	0,800	Oui
1763	57,500	13	0,786	Oui
1764	58,000	13	0,773	Oui
1765	58,000	14	0,833	Oui
1766	58,000	14	0,833	Oui
1767	58,000	14	0,833	Oui
1768	58,000	15	0,893	Oui
1769	57,500	15	0,909	Oui
1770	58,000	15	0,893	Oui
1771	58,000	15	0,893	Oui
1772	57,500	15	0,908	Oui
1773	58,000	15	0,893	Oui
1774	57,500	14	0,847	Oui
1775	57,000	14	0,863	Oui
1776	57,500	14	0,847	Oui
1777	57,500	13	0,786	Oui
1778	57,500	13	0,787	Oui
1779	58,000	14	0,833	Oui
1780	58,000	14	0,833	Oui
1781	58,000	14	0,832	Oui
1782	57,500	13	0,786	Oui
1783	57,500	13	0,786	Oui
1784	57,000	13	0,800	Oui
1785	57,500	13	0,786	Oui
1786	57,500	13	0,786	Oui
1787	58,000	13	0,773	Oui
1788	58,000	13	0,773	Oui
1789	58,500	13	0,760	Oui
1790	59,000	13	0,747	Oui
1791	59,000	13	0,747	Oui
1792	58,500	12	0,701	Oui
1793	58,000	12	0,713	Oui
1794	57,500	12	0,726	Oui
1795	57,000	12	0,739	Oui
1796	57,500	12	0,726	Oui
1797	57,500	12	0,726	Oui
1798	57,500	12	0,726	Oui
1799	57,000	12	0,739	Oui
1800	57,000	12	0,739	Oui
1801	56,500	12	0,752	Oui
1802	57,000	12	0,739	Oui
1803	56,500	12	0,752	Oui
1804	56,000	12	0,766	Oui
1805	56,000	12	0,766	Oui
1806	55,500	12	0,780	Oui
1807	55,500	12	0,780	Oui
1808	55,500	12	0,780	Oui
1809	56,000	12	0,766	Oui
1810	56,000	12	0,766	Oui
1811	55,500	12	0,780	Oui
1812	56,000	12	0,766	Oui
1813	55,500	12	0,779	Oui
1814	55,000	11	0,727	Oui
1815	54,500	11	0,741	Oui
1816	54,500	11	0,741	Oui
1817	54,500	12	0,808	Oui
1818	54,500	12	0,808	Oui
1819	54,000	12	0,823	Oui
1820	54,500	12	0,808	Oui
1821	55,000	12	0,793	Oui
1822	55,500	13	0,844	Oui
1823	55,000	13	0,860	Oui
1824	55,000	13	0,860	Oui
1825	55,500	13	0,844	Oui
1826	55,000	13	0,860	Oui
1827	54,500	13	0,875	Oui
1828	55,000	13	0,860	Oui
1829	55,000	13	0,860	Oui
1830	54,500	13	0,875	Oui
1831	54,500	13	0,875	Oui
1832	54,000	13	0,892	Oui
1833	54,500	13	0,875	Oui
1834	54,500	14	0,943	Oui
1835	54,500	14	0,943	Oui
1836	54,500	14	0,943	Oui
1837	55,000	14	0,926	Oui
1838	55,000	14	0,926	Oui
1839	55,000	14	0,926	Oui
1840	55,500	14	0,910	Oui
1841	55,500	14	0,910	Oui
1842	56,000	14	0,893	Oui
1843	56,000	14	0,893	Oui
1844	56,000	14	0,893	Oui
1845	55,500	14	0,909	Oui
1846	55,500	14	0,910	Oui
1847	55,000	14	0,927	Oui
1848	54,500	14	0,945	Oui
1849	54,500	14	0,947	Oui
1850	55,000	14	0,928	Oui
1851	55,000	14	0,927	Oui
1852	55,000	14	0,926	Oui
1853	55,500	15	0,975	Oui
1854	56,000	15	0,958	Oui
1855	56,000	15	0,958	Oui
1856	56,500	15	0,942	Oui
1857	56,000	14	0,895	Oui
1858	56,000	14	0,895	Oui
1859	56,000	14	0,895	Oui
1860	56,000	14	0,895	Oui
1861	55,500	14	0,911	Oui
1862	55,500	14	0,911	Oui
1863	55,500	13	0,847	Oui
1864	55,500	13	0,846	Oui
1865	56,000	13	0,830	Oui
1866	56,000	13	0,830	Oui
1867	56,000	13	0,831	Oui
1868	56,500	13	0,816	Oui
1869	56,500	14	0,879	Oui
1870	56,500	14	0,879	Oui
1871	56,500	14	0,879	Oui
1872	56,000	14	0,895	Oui
1873	55,500	14	0,913	Oui
1874	55,000	14	0,931	Oui
1875	55,000	14	0,933	Oui
1876	54,500	14	0,952	Oui
1877	55,000	14	0,937	Oui
1878	54,500	14	0,956	Oui
1879	54,000	14	0,977	Oui
1880	54,000	14	0,977	Oui
1881	53,500	13	0,927	Oui
1882	53,500	13	0,927	Oui
1883	53,500	13	0,927	Oui
1884	53,500	14	1,004	Oui
1885	54,000	14	0,988	Oui
1886	54,000	14	0,988	Oui
1887	54,000	14	0,988	Oui
1888	54,500	14	0,972	Oui
1889	54,500	14	0,972	Oui
1890	54,500	14	0,979	Oui
1891	54,000	14	1,002	Oui
1892	54,000	14	1,002	Oui
1893	54,500	14	0,987	Oui
1894	54,000	14	1,010	Oui
1895	54,500	14	0,987	Oui
1896	54,000	14	1,010	Oui
1897	54,000	14	1,010	Oui
1898	54,500	14	0,995	Oui
1899	54,000	14	1,019	Oui
1900	54,000	14	1,019	Oui
1901	54,500	14	1,004	Oui
1902	55,000	14	0,980	Oui
1903	54,500	14	1,004	Oui
1904	54,500	14	1,004	Oui
1905	54,000	14	1,029	Oui
1906	54,000	13	0,966	Oui
1907	53,500	13	0,980	Oui
1908	53,000	13	0,995	Oui
1909	53,000	13	0,995	Oui
1910	52,500	13	1,010	Oui
1911	52,500	13	1,010	Oui
1912	52,000	13	1,037	Oui
1913	51,500	12	0,983	Oui
1914	51,500	12	0,972	Oui
1915	51,000	12	0,998	Oui
1916	51,000	12	0,998	Oui
1917	51,000	12	1,010	Oui
1918	51,500	12	0,983	Oui
1919	52,000	13	1,049	Oui
1920	52,000	13	1,049	Oui
1921	52,500	13	1,021	Oui
1922	52,000	12	0,968	Oui
1923	51,500	12	0,983	Oui
1924	52,000	12	0,957	Oui
1925	52,500	12	0,932	Oui
1926	52,500	12	0,932	Oui
1927	52,500	12	0,932	Oui
1928	52,500	12	0,943	Oui
1929	53,000	12	0,918	Oui
1930	53,000	12	0,909	Oui
1931	52,500	12	0,923	Oui
1932	52,000	12	0,938	Oui
1933	51,500	12	0,962	Oui
1934	51,000	12	0,987	Oui
1935	51,000	12	0,987	Oui
1936	51,500	13	1,053	Oui
1937	51,000	13	1,069	Oui
1938	51,000	13	1,069	Oui
1939	51,000	13	1,069	Oui
1940	50,500	13	1,086	Oui
1941	50,500	13	1,075	Oui
1942	50,500	13	1,075	Oui
1943	51,000	13	1,058	Oui
1944	51,500	13	1,042	Oui
1945	51,500	12	0,962	Oui
1946	51,500	12	0,952	Oui
1947	51,000	12	0,968	Oui
1948	50,500	12	0,993	Oui
1949	50,500	12	0,993	Oui
1950	51,000	12	0,968	Oui
1951	51,000	13	1,048	Oui
1952	51,000	13	1,048	Oui
1953	51,000	13	1,048	Oui
1954	51,000	13	1,048	Oui
1955	51,000	13	1,048	Oui
1956	50,500	13	1,066	Oui
1957	51,000	13	1,048	Oui
1958	51,500	13	1,023	Oui
1959	51,000	13	1,040	Oui
1960	50,500	12	0,984	Oui
1961	50,000	12	1,000	Oui
1962	49,500	12	1,017	Non
1963	49,500	12	1,017	Non
1964	49,500	11	0,940	Non
1965	49,500	11	0,940	Non
1966	50,000	11	0,917	Oui
1967	49,500	10	0,855	Non
1968	49,500	10	0,855	Non
1969	50,000	10	0,841	Oui
1970	49,500	10	0,855	Non
1971	49,500	10	0,855	Non
1972	49,500	10	0,855	Non
1973	49,500	10	0,855	Non
1974	49,500	10	0,855	Non
1975	50,000	10	0,841	Oui
1976	50,000	10	0,833	Oui
1977	49,500	10	0,847	Non
1978	49,000	9	0,782	Non
1979	49,000	9	0,782	Non
1980	49,500	9	0,763	Non
1981	49,500	10	0,847	Non
1982	50,000	10	0,833	Oui
1983	49,500	10	0,847	Non
1984	49,500	10	0,847	Non
1985	49,000	10	0,869	Non
1986	49,500	10	0,847	Non
1987	49,000	10	0,862	Non
1988	49,000	10	0,862	Non
1989	49,000	10	0,869	Non
1990	48,500	10	0,892	Non
1991	48,000	10	0,916	Non
1992	48,000	10	0,916	Non
1993	48,500	10	0,892	Non
1994	48,500	10	0,892	Non
1995	49,000	10	0,877	Non
1996	49,000	10	0,877	Non
1997	49,000	10	0,869	Non
1998	48,500	10	0,892	Non
1999	49,000	10	0,869	Non
2000	49,000	10	0,869	Non
2001	49,000	10	0,869	Non
2002	48,500	10	0,892	Non
2003	48,500	10	0,892	Non
2004	48,500	10	0,892	Non
2005	48,000	10	0,907	Non
2006	48,500	10	0,884	Non
2007	48,500	10	0,884	Non
2008	48,500	10	0,884	Non
2009	48,000	10	0,900	Non
2010	48,500	10	0,884	Non
2011	49,000	10	0,869	Non
2012	48,500	10	0,884	Non
2013	48,500	10	0,884	Non
2014	49,000	10	0,862	Non
2015	49,000	10	0,862	Non
2016	49,000	9	0,782	Non
2017	49,000	9	0,776	Non
2018	49,500	9	0,757	Non
2019	50,000	10	0,827	Oui
2020	50,000	10	0,833	Oui
2021	50,000	9	0,757	Oui
2022	49,500	9	0,769	Non
2023	49,500	9	0,769	Non
2024	50,000	9	0,750	Oui
2025	50,000	9	0,744	Oui
2026	50,000	9	0,744	Oui
2027	50,500	9	0,732	Oui
2028	50,500	9	0,732	Oui
2029	51,000	9	0,720	Oui
2030	51,500	9	0,708	Oui
2031	51,000	9	0,720	Oui
2032	51,500	9	0,703	Oui
2033	51,000	8	0,640	Oui
2034	50,500	8	0,650	Oui
2035	50,500	8	0,646	Oui
2036	51,000	9	0,714	Oui
2037	50,500	9	0,732	Oui
2038	51,000	9	0,720	Oui
2039	51,000	9	0,720	Oui
2040	51,000	9	0,714	Oui
2041	50,500	9	0,726	Oui
2042	50,500	9	0,732	Oui
2043	50,000	9	0,750	Oui
2044	50,000	9	0,750	Oui
2045	50,500	9	0,732	Oui
2046	50,000	9	0,744	Oui
2047	50,500	9	0,732	Oui
2048	51,000	9	0,720	Oui
2049	50,500	9	0,732	Oui
2050	50,000	9	0,750	Oui
2051	49,500	9	0,769	Non
2052	49,000	8	0,702	Non
2053	49,000	8	0,695	Non
2054	49,000	9	0,782	Non
2055	49,500	9	0,763	Non
2056	49,000	9	0,776	Non
2057	49,500	9	0,763	Non
2058	49,000	9	0,776	Non
2059	49,000	9	0,776	Non
2060	49,000	9	0,770	Non
2061	49,000	9	0,770	Non
2062	49,500	9	0,752	Non
2063	49,000	9	0,765	Non
2064	49,000	9	0,765	Non
2065	49,000	10	0,856	Non
2066	49,500	10	0,841	Non
2067	49,000	10	0,856	Non
2068	49,000	9	0,770	Non
2069	49,000	10	0,856	Non
2070	49,500	10	0,841	Non
2071	49,500	10	0,841	Non
2072	50,000	10	0,827	Oui
2073	50,500	10	0,813	Oui
2074	50,500	10	0,813	Oui
2075	50,500	10	0,813	Oui
2076	51,000	10	0,794	Oui
2077	50,500	10	0,807	Oui
2078	50,500	10	0,807	Oui
2079	50,500	10	0,807	Oui
2080	50,500	10	0,807	Oui
2081	51,000	10	0,788	Oui
2082	50,500	10	0,802	Oui
2083	50,500	9	0,722	Oui
2084	50,000	9	0,734	Oui
2085	50,000	9	0,734	Oui
2086	50,000	9	0,734	Oui
2087	50,000	9	0,734	Oui
2088	50,000	9	0,731	Oui
2089	50,000	10	0,812	Oui
2090	49,500	10	0,826	Non
2091	50,000	10	0,812	Oui
2092	50,500	10	0,794	Oui
2093	50,000	10	0,808	Oui
2094	50,500	10	0,794	Oui
2095	50,500	10	0,794	Oui
2096	50,500	10	0,794	Oui
2097	51,000	10	0,776	Oui
2098	50,500	10	0,791	Oui
2099	50,500	10	0,791	Oui
2100	50,500	10	0,791	Oui
2101	50,000	10	0,805	Oui
2102	49,500	10	0,823	Non
2103	50,000	10	0,808	Oui
2104	50,500	10	0,791	Oui
2105	50,500	10	0,791	Oui
2106	50,000	10	0,805	Oui
2107	50,500	10	0,791	Oui
2108	51,000	10	0,776	Oui
2109	51,500	10	0,760	Oui
2110	52,000	10	0,744	Oui
2111	51,500	10	0,758	Oui
2112	52,000	10	0,742	Oui
2113	52,500	10	0,727	Oui
2114	52,000	10	0,742	Oui
2115	52,500	10	0,727	Oui
2116	53,000	11	0,786	Oui
2117	53,000	11	0,786	Oui
2118	52,500	10	0,729	Oui
2119	52,500	10	0,727	Oui
2120	53,000	11	0,786	Oui
2121	53,000	11	0,786	Oui
2122	53,500	11	0,770	Oui
2123	53,500	11	0,770	Oui
2124	53,500	11	0,772	Oui
2125	53,500	11	0,774	Oui
2126	54,000	11	0,761	Oui
2127	54,000	11	0,761	Oui
2128	54,000	11	0,759	Oui
2129	53,500	11	0,774	Oui
2130	53,500	11	0,777	Oui
2131	53,500	11	0,777	Oui
2132	54,000	11	0,761	Oui
2133	54,500	12	0,816	Oui
2134	54,500	12	0,816	Oui
2135	54,500	11	0,751	Oui
2136	54,500	11	0,751	Oui
2137	55,000	11	0,739	Oui
2138	55,000	11	0,739	Oui
2139	54,500	11	0,751	Oui
2140	55,000	11	0,739	Oui
2141	54,500	11	0,755	Oui
2142	55,000	11	0,739	Oui
2143	55,000	11	0,736	Oui
2144	55,000	12	0,803	Oui
2145	54,500	12	0,820	Oui
2146	54,500	12	0,820	Oui
2147	54,500	12	0,820	Oui
2148	54,500	12	0,820	Oui
2149	54,500	12	0,820	Oui
2150	54,500	11	0,751	Oui
2151	54,500	12	0,820	Oui
2152	54,500	12	0,820	Oui
2153	54,500	12	0,820	Oui
2154	54,500	12	0,820	Oui
2155	54,500	12	0,816	Oui
2156	55,000	13	0,870	Oui
2157	55,000	13	0,870	Oui
2158	54,500	13	0,888	Oui
2159	54,500	13	0,888	Oui
2160	54,500	13	0,888	Oui
2161	54,500	13	0,888	Oui
2162	55,000	13	0,874	Oui
2163	55,000	13	0,874	Oui
2164	55,000	13	0,874	Oui
2165	54,500	13	0,888	Oui
2166	54,000	13	0,907	Oui
2167	54,500	13	0,892	Oui
2168	54,500	13	0,892	Oui
2169	54,000	13	0,907	Oui
2170	54,500	13	0,888	Oui
2171	54,500	13	0,888	Oui
