	C+G(%)	CpG(%)	C	A	G	T
 sequence entiere	51,139	6,624	609	575	603	583

1	55,000	14	0,927	Oui
2	54,500	14	0,945	Oui
3	54,500	14	0,945	Oui
4	54,500	14	0,943	Oui
5	54,500	14	0,943	Oui
6	55,000	14	0,926	Oui
7	54,500	14	0,943	Oui
8	54,500	14	0,943	Oui
9	54,500	14	0,943	Oui
10	54,000	14	0,961	Oui
11	54,500	14	0,943	Oui
12	54,500	13	0,876	Oui
13	54,000	13	0,892	Oui
14	54,000	13	0,892	Oui
15	54,000	13	0,892	Oui
16	54,000	12	0,823	Oui
17	54,000	12	0,823	Oui
18	54,000	13	0,892	Oui
19	54,000	13	0,892	Oui
20	54,000	13	0,892	Oui
21	54,000	14	0,960	Oui
22	53,500	14	0,978	Oui
23	53,500	14	0,978	Oui
24	54,000	14	0,960	Oui
25	54,500	15	1,010	Oui
26	54,000	15	1,029	Oui
27	53,500	15	1,048	Oui
28	54,000	15	1,029	Oui
29	54,000	15	1,029	Oui
30	54,000	15	1,029	Oui
31	53,500	15	1,048	Oui
32	53,500	14	0,978	Oui
33	53,000	14	0,997	Oui
34	53,000	14	0,997	Oui
35	52,500	13	0,943	Oui
36	52,000	13	0,962	Oui
37	51,500	13	0,981	Oui
38	52,000	13	0,963	Oui
39	52,000	13	0,963	Oui
40	51,500	12	0,906	Oui
41	51,500	12	0,906	Oui
42	51,000	12	0,924	Oui
43	51,000	12	0,926	Oui
44	51,000	12	0,926	Oui
45	50,500	12	0,946	Oui
46	50,000	12	0,966	Oui
47	50,500	12	0,949	Oui
48	50,500	13	1,024	Oui
49	50,500	13	1,024	Oui
50	51,000	13	1,003	Oui
51	51,000	13	1,003	Oui
52	50,500	13	1,022	Oui
53	50,500	13	1,020	Oui
54	51,000	13	1,001	Oui
55	51,000	13	1,001	Oui
56	50,500	13	1,020	Oui
57	50,500	13	1,020	Oui
58	50,500	13	1,022	Oui
59	50,500	13	1,024	Oui
60	50,500	14	1,103	Oui
61	50,000	14	1,127	Oui
62	50,000	14	1,127	Oui
63	50,500	14	1,103	Oui
64	50,500	14	1,103	Oui
65	51,000	14	1,083	Oui
66	51,500	15	1,136	Oui
67	52,000	15	1,116	Oui
68	52,500	16	1,166	Oui
69	52,500	16	1,166	Oui
70	52,500	16	1,166	Oui
71	52,500	16	1,166	Oui
72	53,000	16	1,143	Oui
73	52,500	15	1,091	Oui
74	52,000	15	1,113	Oui
75	52,000	15	1,113	Oui
76	51,500	15	1,136	Oui
77	51,000	14	1,080	Oui
78	50,500	14	1,103	Oui
79	51,000	14	1,083	Oui
80	51,000	14	1,083	Oui
81	51,000	14	1,083	Oui
82	50,500	14	1,107	Oui
83	51,000	14	1,087	Oui
84	51,500	15	1,140	Oui
85	51,000	15	1,165	Oui
86	51,000	15	1,165	Oui
87	51,500	15	1,144	Oui
88	51,500	15	1,144	Oui
89	51,500	15	1,144	Oui
90	51,500	15	1,149	Oui
91	51,500	15	1,149	Oui
92	51,000	15	1,170	Oui
93	50,500	15	1,190	Oui
94	50,000	15	1,212	Oui
95	49,500	15	1,235	Non
96	49,500	15	1,235	Non
97	49,000	15	1,263	Non
98	49,000	15	1,258	Non
99	48,500	15	1,282	Non
100	49,000	15	1,258	Non
101	48,500	15	1,286	Non
102	48,000	15	1,311	Non
103	48,000	15	1,307	Non
104	47,500	15	1,333	Non
105	47,500	15	1,333	Non
106	47,000	15	1,361	Non
107	47,000	15	1,361	Non
108	47,000	15	1,361	Non
109	46,500	14	1,296	Non
110	46,000	14	1,326	Non
111	46,000	14	1,324	Non
112	46,000	14	1,324	Non
113	46,000	14	1,324	Non
114	46,000	14	1,324	Non
115	46,000	14	1,326	Non
116	46,000	14	1,329	Non
117	46,000	14	1,329	Non
118	45,500	14	1,357	Non
119	46,000	14	1,329	Non
120	45,500	14	1,357	Non
121	45,000	14	1,385	Non
122	45,000	14	1,385	Non
123	45,000	14	1,383	Non
124	45,000	14	1,383	Non
125	45,000	13	1,285	Non
126	45,000	14	1,383	Non
127	45,000	14	1,383	Non
128	45,000	14	1,383	Non
129	45,500	14	1,354	Non
130	45,000	14	1,383	Non
131	45,500	14	1,354	Non
132	46,000	15	1,418	Non
133	46,000	15	1,418	Non
134	46,000	15	1,418	Non
135	46,000	15	1,418	Non
136	46,000	15	1,418	Non
137	45,500	15	1,451	Non
138	45,500	15	1,453	Non
139	45,500	16	1,547	Non
140	45,500	16	1,547	Non
141	45,000	16	1,581	Non
142	45,000	16	1,581	Non
143	45,000	16	1,583	Non
144	45,500	16	1,550	Non
145	46,000	16	1,519	Non
146	46,000	16	1,519	Non
147	45,500	16	1,550	Non
148	45,000	16	1,583	Non
149	44,500	16	1,618	Non
150	44,500	16	1,616	Non
151	45,000	16	1,581	Non
152	44,500	16	1,618	Non
153	44,000	16	1,656	Non
154	44,000	16	1,654	Non
155	44,500	16	1,616	Non
156	44,000	15	1,550	Non
157	43,500	15	1,586	Non
158	43,500	15	1,586	Non
159	43,000	15	1,623	Non
160	43,000	14	1,515	Non
161	42,500	14	1,552	Non
162	42,000	13	1,475	Non
163	41,500	13	1,512	Non
164	41,000	13	1,550	Non
165	41,000	13	1,550	Non
166	41,500	13	1,512	Non
167	42,000	13	1,477	Non
168	42,000	13	1,477	Non
169	41,500	13	1,512	Non
170	41,500	12	1,395	Non
171	41,000	12	1,431	Non
172	41,500	12	1,395	Non
173	41,500	12	1,395	Non
174	42,000	12	1,364	Non
175	42,000	12	1,364	Non
176	41,500	11	1,279	Non
177	41,500	11	1,279	Non
178	41,500	11	1,279	Non
179	41,500	11	1,279	Non
180	42,000	11	1,250	Non
181	42,000	12	1,364	Non
182	41,500	12	1,399	Non
183	41,500	12	1,399	Non
184	41,500	12	1,399	Non
185	41,000	12	1,435	Non
186	41,000	12	1,441	Non
187	41,000	12	1,449	Non
188	41,000	12	1,449	Non
189	41,000	12	1,459	Non
190	41,500	13	1,537	Non
191	41,500	13	1,537	Non
192	41,000	13	1,581	Non
193	41,500	13	1,548	Non
194	42,000	13	1,516	Non
195	41,500	13	1,561	Non
196	41,000	13	1,593	Non
197	41,000	13	1,593	Non
198	41,000	13	1,593	Non
199	41,500	13	1,561	Non
200	42,000	14	1,633	Non
201	41,500	14	1,667	Non
202	41,500	14	1,667	Non
203	41,500	14	1,667	Non
204	41,000	14	1,702	Non
205	41,000	14	1,702	Non
206	40,500	14	1,739	Non
207	40,500	14	1,739	Non
208	40,500	14	1,739	Non
209	40,500	14	1,739	Non
210	40,500	14	1,739	Non
211	40,500	14	1,739	Non
212	40,000	14	1,778	Non
213	40,000	14	1,778	Non
214	40,000	14	1,778	Non
215	40,000	14	1,778	Non
216	40,000	14	1,768	Non
217	40,000	13	1,641	Non
218	39,500	13	1,688	Non
219	39,500	13	1,688	Non
220	39,000	12	1,595	Non
221	38,500	12	1,642	Non
222	38,500	12	1,642	Non
223	39,000	12	1,604	Non
224	39,000	11	1,471	Non
225	38,500	11	1,515	Non
226	39,000	11	1,471	Non
227	39,000	11	1,471	Non
228	39,000	11	1,481	Non
229	39,500	11	1,449	Non
230	40,000	12	1,535	Non
231	40,000	12	1,535	Non
232	40,000	12	1,524	Non
233	40,000	12	1,524	Non
234	40,000	12	1,524	Non
235	40,500	12	1,491	Non
236	41,000	12	1,459	Non
237	41,000	12	1,459	Non
238	41,000	12	1,459	Non
239	41,500	12	1,429	Non
240	42,000	13	1,505	Non
241	41,500	13	1,548	Non
242	42,000	13	1,516	Non
243	42,000	14	1,620	Non
244	42,500	14	1,587	Non
245	42,500	14	1,587	Non
246	43,000	14	1,556	Non
247	43,000	13	1,444	Non
248	43,000	14	1,556	Non
249	43,000	14	1,556	Non
250	43,000	14	1,556	Non
251	43,000	14	1,556	Non
252	43,000	14	1,556	Non
253	42,500	14	1,600	Non
254	42,000	14	1,633	Non
255	42,000	14	1,633	Non
256	42,500	14	1,600	Non
257	42,500	14	1,600	Non
258	42,000	14	1,633	Non
259	42,000	13	1,505	Non
260	41,500	13	1,548	Non
261	41,500	13	1,548	Non
262	41,500	13	1,548	Non
263	41,500	13	1,561	Non
264	41,000	13	1,608	Non
265	40,500	12	1,515	Non
266	40,500	12	1,515	Non
267	40,000	11	1,418	Non
268	40,000	11	1,418	Non
269	40,500	11	1,377	Non
270	41,000	11	1,348	Non
271	41,500	12	1,429	Non
272	41,500	12	1,441	Non
273	42,000	12	1,412	Non
274	42,500	12	1,384	Non
275	42,500	12	1,384	Non
276	42,500	12	1,384	Non
277	43,000	12	1,357	Non
278	43,000	12	1,357	Non
279	42,500	12	1,384	Non
280	42,500	12	1,384	Non
281	42,500	12	1,384	Non
282	43,000	12	1,357	Non
283	42,500	11	1,269	Non
284	42,000	11	1,307	Non
285	42,500	11	1,269	Non
286	43,000	11	1,244	Non
287	43,000	11	1,244	Non
288	43,500	11	1,221	Non
289	44,000	12	1,294	Non
290	43,500	12	1,319	Non
291	43,500	12	1,319	Non
292	44,000	12	1,294	Non
293	44,500	13	1,363	Non
294	44,500	13	1,363	Non
295	45,000	13	1,326	Non
296	45,000	13	1,326	Non
297	45,500	13	1,301	Non
298	45,000	13	1,337	Non
299	45,000	13	1,337	Non
300	44,500	13	1,363	Non
301	44,500	13	1,363	Non
302	44,500	13	1,363	Non
303	44,500	13	1,363	Non
304	44,500	13	1,363	Non
305	45,000	13	1,326	Non
306	45,000	13	1,326	Non
307	45,000	13	1,326	Non
308	45,500	13	1,291	Non
309	45,500	13	1,291	Non
310	45,500	13	1,291	Non
311	45,500	13	1,301	Non
312	46,000	13	1,278	Non
313	46,000	13	1,278	Non
314	46,000	13	1,278	Non
315	46,000	13	1,278	Non
316	46,000	13	1,278	Non
317	46,000	14	1,365	Non
318	46,000	14	1,365	Non
319	46,000	14	1,365	Non
320	46,500	15	1,425	Non
321	46,500	15	1,425	Non
322	46,500	15	1,425	Non
323	46,500	15	1,425	Non
324	46,000	15	1,451	Non
325	46,000	14	1,355	Non
326	46,000	14	1,365	Non
327	46,500	15	1,425	Non
328	46,500	15	1,435	Non
329	46,000	15	1,462	Non
330	46,500	15	1,435	Non
331	46,000	14	1,365	Non
332	45,500	14	1,401	Non
333	45,500	14	1,401	Non
334	45,500	14	1,401	Non
335	45,500	14	1,414	Non
336	45,500	14	1,414	Non
337	45,500	14	1,414	Non
338	45,000	13	1,337	Non
339	44,500	13	1,376	Non
340	44,500	13	1,376	Non
341	44,500	13	1,376	Non
342	45,000	13	1,337	Non
343	45,000	13	1,326	Non
344	45,000	13	1,316	Non
345	45,000	13	1,316	Non
346	45,000	13	1,316	Non
347	45,000	13	1,316	Non
348	45,000	13	1,316	Non
349	45,500	13	1,291	Non
350	45,000	13	1,326	Non
351	44,500	13	1,351	Non
352	44,500	13	1,351	Non
353	44,500	13	1,351	Non
354	44,500	13	1,351	Non
355	44,500	13	1,363	Non
356	44,500	13	1,363	Non
357	45,000	13	1,326	Non
358	45,500	13	1,291	Non
359	46,000	13	1,258	Non
360	46,000	13	1,250	Non
361	46,500	13	1,220	Non
362	47,000	13	1,197	Non
363	47,000	13	1,197	Non
364	47,500	13	1,174	Non
365	47,000	13	1,204	Non
366	47,000	13	1,212	Non
367	47,000	13	1,212	Non
368	47,000	13	1,212	Non
369	47,000	13	1,212	Non
370	47,000	13	1,212	Non
371	47,000	13	1,212	Non
372	46,500	13	1,244	Non
373	46,500	13	1,244	Non
374	46,500	13	1,235	Non
375	47,000	13	1,204	Non
376	47,000	13	1,204	Non
377	46,500	13	1,235	Non
378	46,500	13	1,235	Non
379	46,500	13	1,235	Non
380	46,500	12	1,132	Non
381	46,000	12	1,161	Non
382	46,000	12	1,161	Non
383	46,500	12	1,132	Non
384	46,500	12	1,132	Non
385	47,000	12	1,111	Non
386	46,500	12	1,132	Non
387	46,500	12	1,132	Non
388	47,000	13	1,197	Non
389	46,500	12	1,126	Non
390	46,500	12	1,132	Non
391	47,000	13	1,197	Non
392	47,000	13	1,197	Non
393	47,000	13	1,190	Non
394	47,000	13	1,186	Non
395	47,500	13	1,159	Non
396	48,000	13	1,136	Non
397	48,000	13	1,136	Non
398	47,500	13	1,159	Non
399	47,000	12	1,091	Non
400	46,500	12	1,116	Non
401	46,500	12	1,116	Non
402	47,000	12	1,091	Non
403	47,500	12	1,067	Non
404	48,000	12	1,043	Non
405	48,000	12	1,043	Non
406	48,000	12	1,043	Non
407	48,000	12	1,043	Non
408	48,500	12	1,021	Non
409	48,500	12	1,021	Non
410	48,500	12	1,021	Non
411	48,500	12	1,023	Non
412	49,000	13	1,085	Non
413	49,500	13	1,062	Non
414	50,000	13	1,042	Oui
415	50,500	14	1,099	Oui
416	50,500	14	1,099	Oui
417	50,000	14	1,120	Oui
418	50,000	14	1,120	Oui
419	50,000	14	1,120	Oui
420	50,000	14	1,120	Oui
421	50,000	14	1,120	Oui
422	50,000	14	1,120	Oui
423	50,000	14	1,120	Oui
424	49,500	14	1,143	Non
425	50,000	14	1,120	Oui
426	49,500	14	1,144	Non
427	49,500	14	1,144	Non
428	49,500	14	1,144	Non
429	49,000	13	1,083	Non
430	48,500	13	1,106	Non
431	48,500	13	1,106	Non
432	48,500	13	1,106	Non
433	48,500	13	1,106	Non
434	49,000	13	1,083	Non
435	49,000	13	1,083	Non
436	48,500	13	1,105	Non
437	49,000	13	1,083	Non
438	49,000	13	1,083	Non
439	49,000	13	1,083	Non
440	49,000	13	1,083	Non
441	49,500	13	1,061	Non
442	49,500	13	1,061	Non
443	49,000	13	1,083	Non
444	49,000	13	1,083	Non
445	49,500	13	1,061	Non
446	49,500	14	1,144	Non
447	49,000	13	1,085	Non
448	49,000	13	1,083	Non
449	49,500	13	1,061	Non
450	49,500	14	1,143	Non
451	49,500	14	1,143	Non
452	50,000	14	1,120	Oui
453	50,500	14	1,098	Oui
454	50,500	14	1,098	Oui
455	50,500	14	1,098	Oui
456	50,500	14	1,098	Oui
457	51,000	14	1,077	Oui
458	51,500	15	1,131	Oui
459	51,000	15	1,153	Oui
460	51,500	15	1,131	Oui
461	51,500	15	1,131	Oui
462	52,000	15	1,110	Oui
463	51,500	15	1,131	Oui
464	52,000	15	1,110	Oui
465	52,000	15	1,110	Oui
466	52,000	15	1,110	Oui
467	52,500	15	1,089	Oui
468	52,000	15	1,111	Oui
469	52,000	15	1,113	Oui
470	52,000	14	1,039	Oui
471	52,000	15	1,113	Oui
472	51,500	15	1,134	Oui
473	51,000	15	1,155	Oui
474	50,500	15	1,177	Oui
475	51,000	15	1,155	Oui
476	51,500	16	1,208	Oui
477	51,000	16	1,231	Oui
478	51,000	16	1,231	Oui
479	51,000	16	1,231	Oui
480	51,500	16	1,207	Oui
481	52,000	16	1,183	Oui
482	52,000	16	1,184	Oui
483	52,500	16	1,162	Oui
484	52,500	16	1,162	Oui
485	52,500	16	1,162	Oui
486	52,000	16	1,185	Oui
487	51,500	16	1,209	Oui
488	51,500	15	1,134	Oui
489	51,500	15	1,132	Oui
490	51,500	15	1,132	Oui
491	51,000	15	1,155	Oui
492	50,500	14	1,101	Oui
493	50,000	14	1,122	Oui
494	50,500	14	1,099	Oui
495	50,000	14	1,120	Oui
496	50,000	14	1,120	Oui
497	50,000	14	1,120	Oui
498	50,000	14	1,120	Oui
499	50,500	14	1,098	Oui
500	50,500	14	1,098	Oui
501	50,500	14	1,098	Oui
502	51,000	14	1,077	Oui
503	51,000	15	1,153	Oui
504	51,000	15	1,153	Oui
505	50,500	15	1,176	Oui
506	50,500	15	1,176	Oui
507	51,000	15	1,153	Oui
508	51,000	15	1,153	Oui
509	51,000	15	1,153	Oui
510	51,000	15	1,153	Oui
511	50,500	15	1,176	Oui
512	50,500	15	1,177	Oui
513	51,000	15	1,155	Oui
514	51,500	15	1,134	Oui
515	51,000	15	1,157	Oui
516	50,500	14	1,103	Oui
517	50,500	14	1,103	Oui
518	51,000	14	1,083	Oui
519	51,000	13	1,009	Oui
520	50,500	13	1,028	Oui
521	51,000	13	1,009	Oui
522	51,500	13	0,988	Oui
523	51,000	13	1,006	Oui
524	51,500	13	0,985	Oui
525	51,500	13	0,985	Oui
526	51,000	12	0,928	Oui
527	51,000	12	0,926	Oui
528	51,000	12	0,926	Oui
529	51,500	12	0,907	Oui
530	51,000	12	0,926	Oui
531	51,000	12	0,926	Oui
532	51,000	12	0,926	Oui
533	51,500	12	0,907	Oui
534	52,000	12	0,889	Oui
535	51,500	12	0,907	Oui
536	52,000	12	0,891	Oui
537	52,000	12	0,891	Oui
538	52,000	12	0,891	Oui
539	52,500	12	0,873	Oui
540	52,500	12	0,873	Oui
541	53,000	12	0,856	Oui
542	52,500	12	0,871	Oui
543	52,500	12	0,871	Oui
544	52,500	12	0,871	Oui
545	52,000	12	0,889	Oui
546	52,000	12	0,889	Oui
547	52,000	12	0,889	Oui
548	52,000	12	0,889	Oui
549	52,000	12	0,889	Oui
550	52,500	13	0,945	Oui
551	52,500	13	0,945	Oui
552	53,000	13	0,927	Oui
553	53,500	13	0,909	Oui
554	53,500	14	0,979	Oui
555	53,000	14	0,998	Oui
556	53,000	14	0,998	Oui
557	52,500	14	1,017	Oui
558	52,500	14	1,017	Oui
559	52,000	14	1,036	Oui
560	52,000	14	1,036	Oui
561	51,500	14	1,056	Oui
562	51,500	14	1,056	Oui
563	52,000	15	1,109	Oui
564	52,000	15	1,110	Oui
565	52,500	15	1,089	Oui
566	52,500	15	1,089	Oui
567	52,000	15	1,110	Oui
568	52,000	15	1,111	Oui
569	52,000	15	1,111	Oui
570	51,500	15	1,134	Oui
571	51,500	15	1,134	Oui
572	52,000	15	1,111	Oui
573	52,000	15	1,111	Oui
574	52,000	15	1,111	Oui
575	51,500	15	1,132	Oui
576	51,500	15	1,132	Oui
577	51,500	15	1,132	Oui
578	52,000	15	1,111	Oui
579	52,000	15	1,111	Oui
580	52,000	15	1,110	Oui
581	52,500	15	1,089	Oui
582	52,500	15	1,089	Oui
583	52,000	15	1,109	Oui
584	52,500	15	1,089	Oui
585	52,500	15	1,089	Oui
586	52,500	15	1,089	Oui
587	52,000	14	1,036	Oui
588	52,000	14	1,036	Oui
589	52,500	14	1,016	Oui
590	52,500	13	0,943	Oui
591	52,500	14	1,016	Oui
592	52,500	14	1,016	Oui
593	52,500	14	1,016	Oui
594	52,000	14	1,036	Oui
595	52,000	14	1,036	Oui
596	51,500	14	1,056	Oui
597	51,500	14	1,056	Oui
598	51,500	14	1,056	Oui
599	51,500	14	1,056	Oui
600	52,000	14	1,036	Oui
601	52,000	14	1,036	Oui
602	52,000	14	1,036	Oui
603	51,500	14	1,057	Oui
604	51,500	14	1,057	Oui
605	51,500	14	1,057	Oui
606	52,000	14	1,037	Oui
607	52,500	14	1,018	Oui
608	52,000	14	1,039	Oui
609	52,500	14	1,018	Oui
610	53,000	14	0,998	Oui
611	52,500	13	0,944	Oui
612	52,000	13	0,963	Oui
613	52,000	13	0,963	Oui
614	51,500	12	0,906	Oui
615	51,500	12	0,907	Oui
616	51,500	12	0,909	Oui
617	52,000	13	0,965	Oui
618	52,000	13	0,965	Oui
619	52,000	13	0,965	Oui
620	52,500	13	0,945	Oui
621	53,000	13	0,927	Oui
622	53,000	13	0,927	Oui
623	53,000	13	0,926	Oui
624	53,500	13	0,909	Oui
625	53,000	13	0,926	Oui
626	53,500	13	0,908	Oui
627	53,500	13	0,908	Oui
628	53,000	13	0,926	Oui
629	53,000	13	0,926	Oui
630	53,000	13	0,926	Oui
631	53,000	13	0,926	Oui
632	53,000	13	0,926	Oui
633	53,500	13	0,908	Oui
634	53,000	13	0,926	Oui
635	52,500	13	0,943	Oui
636	52,500	13	0,943	Oui
637	52,000	13	0,962	Oui
638	51,500	12	0,905	Oui
639	51,500	12	0,905	Oui
640	51,500	12	0,906	Oui
641	51,500	11	0,831	Oui
642	51,500	11	0,830	Oui
643	51,500	11	0,830	Oui
644	51,000	11	0,846	Oui
645	51,000	10	0,769	Oui
646	51,000	10	0,769	Oui
647	51,500	11	0,830	Oui
648	51,000	11	0,846	Oui
649	50,500	10	0,785	Oui
650	50,000	10	0,800	Oui
651	50,000	10	0,800	Oui
652	50,000	10	0,800	Oui
653	49,500	10	0,817	Non
654	49,500	10	0,817	Non
655	50,000	10	0,800	Oui
656	50,000	11	0,880	Oui
657	50,000	10	0,801	Oui
658	49,500	10	0,817	Non
659	50,000	10	0,800	Oui
660	50,000	11	0,881	Oui
661	50,000	11	0,881	Oui
662	50,000	11	0,883	Oui
663	50,000	11	0,883	Oui
664	49,500	11	0,902	Non
665	50,000	11	0,883	Oui
666	50,000	11	0,881	Oui
667	49,500	11	0,900	Non
668	49,500	11	0,900	Non
669	49,500	11	0,900	Non
670	49,000	10	0,836	Non
671	49,000	10	0,834	Non
672	49,500	11	0,900	Non
673	50,000	11	0,881	Oui
674	50,000	11	0,881	Oui
675	49,500	10	0,818	Non
676	49,000	10	0,834	Non
677	49,500	10	0,818	Non
678	49,500	10	0,818	Non
679	50,000	10	0,803	Oui
680	49,500	10	0,818	Non
681	49,500	10	0,818	Non
682	49,000	10	0,834	Non
683	49,000	10	0,834	Non
684	49,500	10	0,818	Non
685	49,500	10	0,818	Non
686	49,500	10	0,818	Non
687	49,500	10	0,818	Non
688	49,500	10	0,820	Non
689	49,000	10	0,839	Non
690	49,500	10	0,820	Non
691	49,500	10	0,820	Non
692	50,000	10	0,805	Oui
693	50,500	10	0,788	Oui
694	50,500	11	0,870	Oui
695	51,000	11	0,851	Oui
696	51,000	11	0,851	Oui
697	51,000	11	0,854	Oui
698	51,500	11	0,836	Oui
699	51,000	11	0,854	Oui
700	51,000	11	0,854	Oui
701	51,500	11	0,839	Oui
702	51,500	10	0,763	Oui
703	51,500	11	0,839	Oui
704	51,500	11	0,839	Oui
705	51,500	11	0,839	Oui
706	51,500	11	0,839	Oui
707	51,000	11	0,854	Oui
708	50,500	11	0,870	Oui
709	51,000	11	0,854	Oui
710	51,000	11	0,854	Oui
711	51,000	11	0,854	Oui
712	51,000	11	0,851	Oui
713	50,500	11	0,867	Oui
714	50,500	11	0,865	Oui
715	50,500	11	0,865	Oui
716	51,000	11	0,849	Oui
717	50,500	11	0,865	Oui
718	50,000	11	0,881	Oui
719	49,500	11	0,899	Non
720	49,500	11	0,899	Non
721	49,000	11	0,917	Non
722	48,500	11	0,936	Non
723	48,500	11	0,936	Non
724	48,000	11	0,957	Non
725	48,000	11	0,959	Non
726	48,500	11	0,938	Non
727	48,500	12	1,026	Non
728	48,500	12	1,026	Non
729	48,000	12	1,049	Non
730	48,000	12	1,049	Non
731	48,500	12	1,026	Non
732	49,000	12	1,003	Non
733	48,500	12	1,026	Non
734	48,500	12	1,029	Non
735	48,500	12	1,029	Non
736	48,500	12	1,029	Non
737	48,500	12	1,029	Non
738	49,000	12	1,006	Non
739	49,000	12	1,006	Non
740	49,500	12	0,984	Non
741	49,500	12	0,984	Non
742	49,500	12	0,984	Non
743	49,000	12	1,003	Non
744	49,000	12	1,003	Non
745	49,500	12	0,984	Non
746	50,000	12	0,966	Oui
747	50,500	12	0,949	Oui
748	51,000	12	0,928	Oui
749	51,000	12	0,932	Oui
750	51,000	12	0,928	Oui
751	51,000	12	0,928	Oui
752	50,500	12	0,949	Oui
753	50,500	11	0,873	Oui
754	50,500	11	0,870	Oui
755	51,000	12	0,932	Oui
756	51,000	12	0,932	Oui
757	51,000	12	0,932	Oui
758	51,000	12	0,932	Oui
759	51,500	12	0,912	Oui
760	51,000	12	0,932	Oui
761	51,000	12	0,932	Oui
762	50,500	11	0,873	Oui
763	50,500	11	0,870	Oui
764	50,000	11	0,886	Oui
765	49,500	11	0,905	Non
766	49,500	11	0,905	Non
767	49,500	11	0,905	Non
768	49,000	11	0,922	Non
769	49,500	11	0,905	Non
770	49,500	11	0,905	Non
771	50,000	11	0,889	Oui
772	50,000	11	0,889	Oui
773	50,000	11	0,889	Oui
774	49,500	11	0,905	Non
775	49,500	11	0,905	Non
776	50,000	11	0,886	Oui
777	50,000	11	0,886	Oui
778	49,500	11	0,902	Non
779	50,000	11	0,886	Oui
780	49,500	11	0,905	Non
781	49,500	11	0,909	Non
782	50,000	11	0,889	Oui
783	50,500	12	0,952	Oui
784	50,500	12	0,952	Oui
785	50,500	12	0,952	Oui
786	50,500	12	0,952	Oui
787	51,000	12	0,936	Oui
788	51,000	12	0,936	Oui
789	50,500	12	0,957	Oui
790	50,500	11	0,882	Oui
791	50,500	11	0,877	Oui
792	50,500	11	0,877	Oui
793	50,000	11	0,893	Oui
794	50,500	11	0,877	Oui
795	50,500	11	0,877	Oui
796	51,000	11	0,862	Oui
797	51,500	11	0,847	Oui
798	52,000	11	0,833	Oui
799	52,000	11	0,833	Oui
800	52,000	11	0,839	Oui
801	52,000	11	0,839	Oui
802	51,500	11	0,853	Oui
803	51,500	11	0,853	Oui
804	51,500	11	0,853	Oui
805	52,000	11	0,839	Oui
806	51,500	11	0,859	Oui
807	51,000	11	0,880	Oui
808	51,500	11	0,859	Oui
809	51,500	12	0,937	Oui
810	51,500	12	0,930	Oui
811	51,500	12	0,930	Oui
812	51,500	12	0,930	Oui
813	51,000	12	0,946	Oui
814	51,500	12	0,924	Oui
815	51,500	12	0,924	Oui
816	51,500	12	0,930	Oui
817	51,000	12	0,946	Oui
818	51,500	12	0,924	Oui
819	52,000	13	0,985	Oui
820	51,500	13	1,002	Oui
821	51,000	13	1,019	Oui
822	51,000	13	1,019	Oui
823	51,000	13	1,019	Oui
824	51,000	13	1,019	Oui
825	51,000	13	1,019	Oui
826	50,500	13	1,037	Oui
827	50,500	13	1,037	Oui
828	50,500	13	1,037	Oui
829	51,000	13	1,019	Oui
830	51,500	13	1,002	Oui
831	52,000	13	0,979	Oui
832	51,500	13	0,996	Oui
833	51,500	13	0,996	Oui
834	51,500	13	0,996	Oui
835	52,000	13	0,975	Oui
836	52,500	14	1,032	Oui
837	53,000	14	1,014	Oui
838	53,500	14	0,993	Oui
839	53,500	15	1,064	Oui
840	53,500	15	1,059	Oui
841	53,500	15	1,056	Oui
842	53,000	15	1,078	Oui
843	53,500	15	1,059	Oui
844	53,500	15	1,059	Oui
845	53,500	15	1,064	Oui
846	53,500	14	0,998	Oui
847	53,000	14	1,014	Oui
848	53,500	14	0,998	Oui
849	53,500	14	0,998	Oui
850	54,000	14	0,977	Oui
851	54,000	14	0,977	Oui
852	54,000	14	0,977	Oui
853	54,500	14	0,956	Oui
854	54,500	14	0,956	Oui
855	54,500	13	0,888	Oui
856	54,500	14	0,956	Oui
857	54,500	14	0,952	Oui
858	55,000	14	0,933	Oui
859	55,000	14	0,937	Oui
860	54,500	14	0,952	Oui
861	55,000	14	0,933	Oui
862	55,000	15	1,000	Oui
863	55,500	15	0,984	Oui
864	56,000	15	0,968	Oui
865	56,000	15	0,968	Oui
866	55,500	15	0,987	Oui
867	55,500	15	0,987	Oui
868	56,000	15	0,972	Oui
869	55,500	15	0,992	Oui
870	55,500	15	0,992	Oui
871	55,500	14	0,926	Oui
872	55,000	14	0,941	Oui
873	55,000	14	0,941	Oui
874	55,500	15	0,992	Oui
875	55,500	15	0,992	Oui
876	56,000	15	0,972	Oui
877	56,000	15	0,968	Oui
878	56,000	15	0,968	Oui
879	55,500	15	0,984	Oui
880	56,000	15	0,968	Oui
881	56,000	15	0,968	Oui
882	56,000	15	0,968	Oui
883	55,500	15	0,984	Oui
884	55,000	15	1,000	Oui
885	55,000	15	0,997	Oui
886	55,000	15	0,997	Oui
887	55,000	15	0,997	Oui
888	55,000	15	0,995	Oui
889	55,500	15	0,976	Oui
890	55,500	16	1,043	Oui
891	55,500	16	1,043	Oui
892	55,500	16	1,041	Oui
893	55,000	15	0,995	Oui
894	55,000	15	0,993	Oui
895	54,500	15	1,012	Oui
896	55,000	15	0,995	Oui
897	54,500	15	1,012	Oui
898	54,500	15	1,012	Oui
899	54,500	15	1,012	Oui
900	55,000	15	0,995	Oui
901	54,500	15	1,012	Oui
902	54,500	14	0,945	Oui
903	54,500	15	1,012	Oui
904	54,500	15	1,012	Oui
905	55,000	15	0,993	Oui
906	55,500	16	1,041	Oui
907	55,500	16	1,041	Oui
908	55,500	16	1,041	Oui
909	55,000	16	1,059	Oui
910	55,000	16	1,059	Oui
911	55,500	16	1,040	Oui
912	55,000	16	1,059	Oui
913	55,000	16	1,059	Oui
914	55,000	16	1,059	Oui
915	55,500	17	1,106	Oui
916	55,500	17	1,106	Oui
917	55,500	17	1,106	Oui
918	56,000	17	1,086	Oui
919	56,500	18	1,130	Oui
920	56,500	18	1,130	Oui
921	56,500	18	1,130	Oui
922	57,000	18	1,109	Oui
923	57,000	18	1,109	Oui
924	57,000	18	1,109	Oui
925	57,000	18	1,108	Oui
926	56,500	17	1,066	Oui
927	56,000	17	1,085	Oui
928	55,500	17	1,105	Oui
929	55,500	17	1,105	Oui
930	55,500	17	1,105	Oui
931	55,500	17	1,106	Oui
932	55,500	17	1,108	Oui
933	56,000	17	1,087	Oui
934	56,000	18	1,151	Oui
935	56,500	18	1,130	Oui
936	56,000	18	1,149	Oui
937	56,000	18	1,149	Oui
938	55,500	18	1,171	Oui
939	55,500	18	1,173	Oui
940	55,500	18	1,176	Oui
941	55,000	18	1,200	Oui
942	55,500	18	1,176	Oui
943	55,500	18	1,176	Oui
944	55,000	18	1,196	Oui
945	55,000	18	1,194	Oui
946	54,500	18	1,215	Oui
947	54,000	18	1,236	Oui
948	53,500	17	1,190	Oui
949	53,500	17	1,190	Oui
950	53,500	17	1,190	Oui
951	53,500	17	1,190	Oui
952	54,000	17	1,170	Oui
953	53,500	17	1,190	Oui
954	53,000	16	1,143	Oui
955	52,500	16	1,164	Oui
956	52,500	16	1,164	Oui
957	52,500	16	1,164	Oui
958	52,500	16	1,162	Oui
959	52,000	16	1,185	Oui
960	52,000	16	1,185	Oui
961	52,000	16	1,185	Oui
962	52,500	16	1,162	Oui
963	52,500	16	1,162	Oui
964	53,000	16	1,140	Oui
965	53,500	17	1,189	Oui
966	53,000	17	1,212	Oui
967	53,000	17	1,212	Oui
968	53,500	17	1,190	Oui
969	53,500	17	1,190	Oui
970	53,500	17	1,190	Oui
971	53,000	17	1,212	Oui
972	53,000	17	1,212	Oui
973	53,500	18	1,261	Oui
974	53,500	18	1,261	Oui
975	54,000	18	1,238	Oui
976	54,000	18	1,241	Oui
977	54,500	18	1,217	Oui
978	55,000	18	1,194	Oui
979	54,500	18	1,215	Oui
980	54,500	18	1,215	Oui
981	54,500	18	1,215	Oui
982	54,000	17	1,170	Oui
983	54,000	17	1,170	Oui
984	53,500	17	1,193	Oui
985	53,000	17	1,217	Oui
986	53,000	17	1,217	Oui
987	53,000	17	1,217	Oui
988	52,500	17	1,239	Oui
989	53,000	17	1,214	Oui
990	53,000	17	1,212	Oui
991	53,000	18	1,286	Oui
992	53,000	18	1,286	Oui
993	53,500	18	1,263	Oui
994	53,000	18	1,286	Oui
995	52,500	18	1,309	Oui
996	52,000	18	1,333	Oui
997	52,000	18	1,333	Oui
998	51,500	18	1,358	Oui
999	51,500	18	1,358	Oui
1000	51,500	18	1,357	Oui
1001	51,500	18	1,357	Oui
1002	51,500	18	1,357	Oui
1003	52,000	18	1,331	Oui
1004	52,000	19	1,405	Oui
1005	52,000	19	1,405	Oui
1006	52,500	19	1,379	Oui
1007	52,500	19	1,379	Oui
1008	52,500	18	1,306	Oui
1009	52,000	18	1,331	Oui
1010	51,500	18	1,357	Oui
1011	52,000	18	1,332	Oui
1012	52,000	18	1,332	Oui
1013	52,500	18	1,307	Oui
1014	52,500	18	1,307	Oui
1015	52,000	17	1,259	Oui
1016	52,000	17	1,259	Oui
1017	52,000	17	1,259	Oui
1018	52,000	16	1,185	Oui
1019	51,500	16	1,208	Oui
1020	52,000	16	1,184	Oui
1021	52,500	17	1,235	Oui
1022	53,000	17	1,212	Oui
1023	53,000	17	1,211	Oui
1024	52,500	17	1,235	Oui
1025	52,500	17	1,235	Oui
1026	52,500	17	1,235	Oui
1027	53,000	17	1,212	Oui
1028	53,500	17	1,190	Oui
1029	53,000	17	1,212	Oui
1030	52,500	17	1,235	Oui
1031	52,500	17	1,236	Oui
1032	53,000	17	1,214	Oui
1033	53,000	17	1,212	Oui
1034	53,000	17	1,212	Oui
1035	53,000	16	1,141	Oui
1036	53,000	17	1,212	Oui
1037	53,000	17	1,211	Oui
1038	53,000	16	1,140	Oui
1039	52,500	16	1,161	Oui
1040	52,000	16	1,184	Oui
1041	52,000	16	1,184	Oui
1042	52,500	16	1,161	Oui
1043	52,000	16	1,183	Oui
1044	52,500	16	1,161	Oui
1045	52,000	16	1,183	Oui
1046	51,500	16	1,207	Oui
1047	52,000	16	1,184	Oui
1048	52,000	17	1,258	Oui
1049	52,500	17	1,235	Oui
1050	52,500	17	1,235	Oui
1051	53,000	18	1,282	Oui
1052	53,000	18	1,282	Oui
1053	53,000	18	1,282	Oui
1054	53,000	18	1,282	Oui
1055	52,500	17	1,234	Oui
1056	52,000	17	1,258	Oui
1057	52,000	17	1,258	Oui
1058	51,500	16	1,207	Oui
1059	51,000	16	1,231	Oui
1060	51,000	16	1,231	Oui
1061	50,500	15	1,176	Oui
1062	50,000	15	1,200	Oui
1063	50,000	15	1,202	Oui
1064	49,500	15	1,227	Non
1065	49,500	15	1,225	Non
1066	49,500	15	1,225	Non
1067	49,500	15	1,225	Non
1068	49,000	15	1,252	Non
1069	49,000	15	1,252	Non
1070	49,500	15	1,227	Non
1071	49,500	16	1,307	Non
1072	49,500	16	1,307	Non
1073	49,500	15	1,225	Non
1074	49,000	15	1,252	Non
1075	49,500	15	1,225	Non
1076	49,500	15	1,224	Non
1077	49,500	15	1,224	Non
1078	50,000	15	1,200	Oui
1079	50,500	15	1,177	Oui
1080	50,500	15	1,176	Oui
1081	50,500	16	1,255	Oui
1082	50,500	16	1,255	Oui
1083	51,000	16	1,230	Oui
1084	51,500	16	1,207	Oui
1085	51,000	16	1,230	Oui
1086	51,500	16	1,207	Oui
1087	52,000	16	1,184	Oui
1088	51,500	16	1,207	Oui
1089	51,000	15	1,153	Oui
1090	51,000	15	1,153	Oui
1091	51,500	15	1,131	Oui
1092	51,500	15	1,131	Oui
1093	52,000	16	1,184	Oui
1094	51,500	16	1,208	Oui
1095	52,000	16	1,184	Oui
1096	51,500	16	1,207	Oui
1097	51,500	16	1,207	Oui
1098	51,000	16	1,231	Oui
1099	51,500	16	1,207	Oui
1100	51,000	16	1,230	Oui
1101	51,000	16	1,230	Oui
1102	51,000	15	1,154	Oui
1103	50,500	15	1,176	Oui
1104	50,500	15	1,176	Oui
1105	50,500	14	1,098	Oui
1106	50,500	14	1,098	Oui
1107	50,500	14	1,098	Oui
1108	50,500	14	1,098	Oui
1109	51,000	14	1,077	Oui
1110	51,000	14	1,077	Oui
1111	51,000	14	1,077	Oui
1112	51,000	14	1,077	Oui
1113	51,000	14	1,077	Oui
1114	51,000	13	1,000	Oui
1115	50,500	13	1,020	Oui
1116	50,500	13	1,020	Oui
1117	50,500	13	1,020	Oui
1118	50,500	12	0,942	Oui
1119	50,500	12	0,941	Oui
1120	50,500	12	0,941	Oui
1121	51,000	12	0,923	Oui
1122	51,000	12	0,924	Oui
1123	51,500	12	0,906	Oui
1124	52,000	13	0,963	Oui
1125	52,000	13	0,963	Oui
1126	52,000	13	0,963	Oui
1127	52,500	13	0,945	Oui
1128	53,000	13	0,929	Oui
1129	53,000	13	0,929	Oui
1130	53,000	13	0,929	Oui
1131	53,000	13	0,927	Oui
1132	52,500	13	0,944	Oui
1133	52,500	12	0,873	Oui
1134	52,500	12	0,871	Oui
1135	52,500	13	0,945	Oui
1136	53,000	13	0,927	Oui
1137	53,500	13	0,909	Oui
1138	54,000	14	0,962	Oui
1139	53,500	14	0,979	Oui
1140	53,000	14	0,997	Oui
1141	53,000	14	0,997	Oui
1142	53,000	14	0,997	Oui
1143	53,000	14	0,997	Oui
1144	53,000	14	0,997	Oui
1145	53,000	14	0,997	Oui
1146	53,000	14	0,997	Oui
1147	53,500	14	0,979	Oui
1148	54,000	14	0,962	Oui
1149	53,500	14	0,979	Oui
1150	53,500	14	0,979	Oui
1151	54,000	15	1,030	Oui
1152	54,000	15	1,029	Oui
1153	54,500	15	1,010	Oui
1154	55,000	15	0,992	Oui
1155	55,500	15	0,974	Oui
1156	56,000	16	1,020	Oui
1157	56,500	16	1,003	Oui
1158	56,000	16	1,021	Oui
1159	56,500	16	1,003	Oui
1160	56,500	16	1,003	Oui
1161	56,500	16	1,003	Oui
1162	56,500	16	1,003	Oui
1163	56,000	16	1,022	Oui
1164	56,000	15	0,958	Oui
1165	55,500	15	0,975	Oui
1166	55,500	15	0,975	Oui
1167	55,500	15	0,975	Oui
1168	55,000	15	0,992	Oui
1169	55,000	15	0,992	Oui
1170	55,500	15	0,975	Oui
1171	55,500	15	0,975	Oui
1172	55,000	14	0,927	Oui
1173	54,500	14	0,943	Oui
1174	54,500	14	0,943	Oui
1175	54,500	14	0,943	Oui
1176	54,000	14	0,961	Oui
1177	54,000	14	0,962	Oui
1178	53,500	14	0,980	Oui
1179	53,500	14	0,980	Oui
1180	54,000	14	0,962	Oui
1181	54,000	14	0,961	Oui
1182	54,500	14	0,943	Oui
1183	54,000	14	0,960	Oui
1184	54,500	14	0,943	Oui
1185	55,000	15	0,992	Oui
1186	55,000	15	0,992	Oui
1187	54,500	15	1,010	Oui
1188	55,000	15	0,992	Oui
1189	55,000	15	0,992	Oui
1190	55,000	14	0,926	Oui
1191	54,500	14	0,943	Oui
1192	55,000	14	0,926	Oui
1193	54,500	14	0,943	Oui
1194	54,500	14	0,943	Oui
1195	55,000	14	0,926	Oui
1196	55,000	14	0,926	Oui
1197	55,000	14	0,926	Oui
1198	55,000	14	0,926	Oui
1199	55,500	14	0,909	Oui
1200	55,000	14	0,926	Oui
1201	55,500	14	0,909	Oui
1202	56,000	15	0,957	Oui
1203	56,000	14	0,893	Oui
1204	55,500	14	0,909	Oui
1205	55,500	14	0,909	Oui
1206	55,500	14	0,910	Oui
1207	55,500	14	0,910	Oui
1208	55,500	14	0,909	Oui
1209	55,500	14	0,909	Oui
1210	55,500	14	0,909	Oui
1211	55,500	14	0,909	Oui
1212	55,500	14	0,909	Oui
1213	55,000	14	0,926	Oui
1214	54,500	14	0,943	Oui
1215	54,500	14	0,943	Oui
1216	54,500	14	0,943	Oui
1217	54,500	14	0,943	Oui
1218	54,500	14	0,943	Oui
1219	55,000	15	0,992	Oui
1220	55,000	14	0,926	Oui
1221	55,000	14	0,926	Oui
1222	54,500	14	0,943	Oui
1223	54,500	14	0,943	Oui
1224	54,500	14	0,943	Oui
1225	55,000	14	0,926	Oui
1226	55,000	14	0,926	Oui
1227	54,500	14	0,943	Oui
1228	54,000	14	0,962	Oui
1229	54,500	14	0,943	Oui
1230	55,000	14	0,927	Oui
1231	54,500	14	0,945	Oui
1232	54,500	14	0,945	Oui
1233	54,000	14	0,962	Oui
1234	54,000	14	0,962	Oui
1235	54,000	13	0,893	Oui
1236	53,500	13	0,910	Oui
1237	53,000	13	0,927	Oui
1238	52,500	13	0,944	Oui
1239	52,500	13	0,944	Oui
1240	52,500	13	0,944	Oui
1241	52,500	13	0,943	Oui
1242	52,500	13	0,943	Oui
1243	52,500	13	0,943	Oui
1244	52,500	13	0,943	Oui
1245	53,000	13	0,926	Oui
1246	53,500	13	0,908	Oui
1247	53,500	12	0,839	Oui
1248	53,500	12	0,839	Oui
1249	53,500	12	0,840	Oui
1250	53,500	11	0,772	Oui
1251	53,500	11	0,770	Oui
1252	53,000	11	0,786	Oui
1253	52,500	11	0,802	Oui
1254	52,500	11	0,802	Oui
1255	52,500	11	0,802	Oui
1256	53,000	11	0,786	Oui
1257	53,000	11	0,786	Oui
1258	53,500	12	0,842	Oui
1259	53,500	12	0,842	Oui
1260	54,000	12	0,826	Oui
1261	54,500	12	0,810	Oui
1262	55,000	13	0,862	Oui
1263	54,500	13	0,879	Oui
1264	54,500	13	0,879	Oui
1265	54,500	13	0,879	Oui
1266	54,500	13	0,879	Oui
1267	54,500	13	0,879	Oui
1268	54,500	13	0,879	Oui
1269	55,000	13	0,864	Oui
1270	54,500	12	0,814	Oui
1271	54,000	12	0,828	Oui
1272	54,500	12	0,811	Oui
1273	54,500	13	0,881	Oui
1274	55,000	13	0,864	Oui
1275	55,000	13	0,862	Oui
1276	54,500	13	0,877	Oui
1277	54,000	13	0,893	Oui
1278	53,500	13	0,909	Oui
1279	53,000	13	0,926	Oui
1280	52,500	12	0,871	Oui
1281	52,000	12	0,888	Oui
1282	52,000	12	0,888	Oui
1283	52,000	12	0,889	Oui
1284	52,000	12	0,889	Oui
1285	52,000	12	0,889	Oui
1286	52,000	12	0,889	Oui
1287	51,500	12	0,907	Oui
1288	52,000	12	0,891	Oui
1289	52,000	12	0,891	Oui
1290	52,000	12	0,891	Oui
1291	51,500	12	0,907	Oui
1292	51,500	11	0,831	Oui
1293	51,500	11	0,830	Oui
1294	51,500	11	0,830	Oui
1295	51,500	11	0,831	Oui
1296	52,000	11	0,816	Oui
1297	52,000	11	0,816	Oui
1298	52,500	11	0,800	Oui
1299	52,000	11	0,816	Oui
1300	52,000	11	0,816	Oui
1301	52,500	11	0,800	Oui
1302	52,000	11	0,815	Oui
1303	52,500	11	0,800	Oui
1304	53,000	11	0,786	Oui
1305	52,500	11	0,802	Oui
1306	52,000	11	0,818	Oui
1307	52,500	11	0,804	Oui
1308	53,000	11	0,790	Oui
1309	52,500	11	0,804	Oui
1310	52,500	11	0,804	Oui
1311	52,000	11	0,818	Oui
1312	52,000	11	0,818	Oui
1313	52,500	11	0,804	Oui
1314	52,500	11	0,807	Oui
1315	53,000	11	0,793	Oui
1316	53,000	11	0,793	Oui
1317	53,500	11	0,780	Oui
1318	53,000	11	0,793	Oui
1319	52,500	11	0,811	Oui
1320	52,500	11	0,811	Oui
1321	52,500	11	0,811	Oui
1322	52,500	11	0,807	Oui
1323	52,500	10	0,734	Oui
1324	52,500	10	0,731	Oui
1325	52,000	10	0,747	Oui
1326	52,500	10	0,734	Oui
1327	52,000	10	0,747	Oui
1328	52,000	10	0,744	Oui
1329	52,000	10	0,744	Oui
1330	52,500	10	0,731	Oui
1331	52,500	10	0,731	Oui
1332	52,500	10	0,731	Oui
1333	52,000	10	0,744	Oui
1334	52,000	9	0,672	Oui
1335	51,500	9	0,684	Oui
1336	51,500	9	0,684	Oui
1337	51,000	8	0,621	Oui
1338	50,500	8	0,632	Oui
1339	50,500	8	0,632	Oui
1340	51,000	8	0,621	Oui
1341	51,500	8	0,608	Oui
1342	51,500	8	0,608	Oui
1343	51,500	8	0,608	Oui
1344	51,500	8	0,608	Oui
1345	51,000	8	0,621	Oui
1346	51,500	8	0,608	Oui
1347	51,500	8	0,606	Oui
1348	51,500	8	0,605	Oui
1349	52,000	9	0,668	Oui
1350	51,500	8	0,606	Oui
1351	51,500	8	0,606	Oui
1352	51,000	8	0,619	Oui
1353	51,000	8	0,621	Oui
1354	51,000	8	0,624	Oui
1355	51,000	7	0,546	Non
1356	51,000	8	0,624	Oui
1357	51,000	8	0,624	Oui
1358	51,000	8	0,624	Oui
1359	51,000	8	0,621	Oui
1360	51,000	8	0,621	Oui
1361	51,500	8	0,610	Oui
1362	51,500	8	0,613	Oui
1363	51,500	8	0,613	Oui
1364	51,000	8	0,627	Oui
1365	51,500	8	0,613	Oui
1366	51,500	8	0,613	Oui
1367	51,500	8	0,613	Oui
1368	51,500	8	0,613	Oui
1369	51,000	8	0,624	Oui
1370	50,500	8	0,635	Oui
1371	50,500	8	0,635	Oui
1372	50,500	8	0,635	Oui
1373	51,000	8	0,621	Oui
1374	51,500	8	0,608	Oui
1375	51,500	8	0,606	Oui
1376	51,500	8	0,606	Oui
1377	51,000	8	0,617	Oui
1378	51,000	8	0,617	Oui
1379	51,000	8	0,617	Oui
1380	51,000	8	0,617	Oui
1381	50,500	8	0,630	Oui
1382	50,000	8	0,644	Oui
1383	50,000	8	0,644	Oui
1384	50,000	7	0,566	Non
1385	50,000	7	0,566	Non
1386	50,000	7	0,566	Non
1387	50,500	7	0,556	Non
1388	50,500	7	0,556	Non
1389	50,000	7	0,566	Non
1390	50,000	7	0,568	Non
1391	50,500	7	0,558	Non
1392	50,500	7	0,558	Non
1393	50,500	7	0,558	Non
1394	51,000	7	0,549	Non
1395	51,000	7	0,549	Non
1396	51,500	7	0,536	Non
1397	51,500	8	0,616	Oui
1398	51,500	8	0,616	Oui
1399	51,500	8	0,613	Oui
1400	52,000	8	0,600	Non
1401	51,500	7	0,536	Non
1402	51,500	7	0,536	Non
1403	51,500	7	0,536	Non
1404	51,500	7	0,536	Non
1405	51,500	7	0,539	Non
1406	51,500	7	0,539	Non
1407	51,500	7	0,539	Non
1408	51,000	7	0,549	Non
1409	51,500	7	0,536	Non
1410	52,000	8	0,603	Oui
1411	51,500	8	0,613	Oui
1412	52,000	8	0,600	Non
1413	52,500	8	0,587	Non
1414	53,000	8	0,575	Non
1415	53,500	8	0,563	Non
1416	53,000	8	0,575	Non
1417	53,500	8	0,563	Non
1418	53,500	8	0,565	Non
1419	53,000	8	0,575	Non
1420	53,000	8	0,573	Non
1421	53,000	8	0,571	Non
1422	53,500	8	0,560	Non
1423	53,000	8	0,571	Non
1424	53,000	8	0,571	Non
1425	53,000	8	0,571	Non
1426	53,000	8	0,571	Non
1427	53,000	8	0,571	Non
1428	53,000	8	0,571	Non
1429	52,500	8	0,582	Non
1430	52,500	8	0,583	Non
1431	52,500	8	0,583	Non
1432	52,000	8	0,594	Non
1433	52,000	8	0,594	Non
1434	52,000	8	0,594	Non
1435	51,500	8	0,606	Oui
1436	52,000	8	0,595	Non
1437	52,500	8	0,583	Non
1438	53,000	8	0,571	Non
1439	53,500	9	0,632	Oui
1440	54,000	9	0,619	Oui
1441	54,000	9	0,618	Oui
1442	54,000	10	0,688	Oui
1443	54,500	10	0,676	Oui
1444	54,000	10	0,688	Oui
1445	54,000	10	0,688	Oui
1446	53,500	10	0,700	Oui
1447	53,500	10	0,699	Oui
1448	53,000	10	0,712	Oui
1449	53,000	10	0,712	Oui
1450	52,500	10	0,726	Oui
1451	52,000	10	0,740	Oui
1452	52,000	10	0,740	Oui
1453	52,000	10	0,740	Oui
1454	52,500	10	0,726	Oui
1455	53,000	10	0,712	Oui
1456	52,500	10	0,726	Oui
1457	52,500	9	0,655	Oui
1458	52,000	9	0,667	Oui
1459	52,500	9	0,655	Oui
1460	52,500	9	0,656	Oui
1461	52,500	8	0,585	Non
1462	52,000	8	0,595	Non
1463	52,000	8	0,595	Non
1464	52,000	8	0,595	Non
1465	51,500	8	0,606	Oui
1466	51,500	8	0,606	Oui
1467	51,500	8	0,606	Oui
1468	52,000	8	0,595	Non
1469	51,500	8	0,606	Oui
1470	51,500	8	0,606	Oui
1471	51,500	8	0,606	Oui
1472	51,000	7	0,542	Non
1473	51,000	7	0,540	Non
1474	50,500	7	0,552	Non
1475	50,500	7	0,552	Non
1476	51,000	8	0,619	Oui
1477	51,000	8	0,619	Oui
1478	51,500	8	0,606	Oui
1479	52,000	9	0,670	Oui
1480	52,500	9	0,656	Oui
1481	52,500	9	0,656	Oui
1482	52,500	9	0,656	Oui
1483	52,500	9	0,656	Oui
1484	52,000	9	0,670	Oui
1485	52,500	9	0,656	Oui
1486	52,500	10	0,731	Oui
1487	53,000	10	0,718	Oui
1488	53,000	10	0,718	Oui
1489	53,000	10	0,718	Oui
1490	53,000	10	0,718	Oui
1491	53,500	10	0,706	Oui
1492	53,000	10	0,721	Oui
1493	53,000	10	0,721	Oui
1494	53,500	11	0,780	Oui
1495	53,000	11	0,793	Oui
1496	52,500	11	0,807	Oui
1497	53,000	11	0,793	Oui
1498	52,500	11	0,811	Oui
1499	52,500	11	0,811	Oui
1500	53,000	11	0,797	Oui
1501	52,500	11	0,815	Oui
1502	53,000	11	0,801	Oui
1503	53,000	11	0,797	Oui
1504	52,500	11	0,811	Oui
1505	52,500	11	0,811	Oui
1506	53,000	11	0,793	Oui
1507	53,000	11	0,790	Oui
1508	52,500	11	0,804	Oui
1509	52,500	11	0,804	Oui
1510	53,000	11	0,788	Oui
1511	53,000	11	0,788	Oui
1512	53,500	11	0,772	Oui
1513	53,000	11	0,786	Oui
1514	53,000	11	0,784	Oui
1515	53,000	11	0,783	Oui
1516	53,000	12	0,855	Oui
1517	52,500	12	0,871	Oui
1518	52,500	12	0,871	Oui
1519	52,500	12	0,871	Oui
1520	53,000	12	0,854	Oui
1521	53,000	13	0,926	Oui
1522	52,500	13	0,943	Oui
1523	52,000	13	0,962	Oui
1524	51,500	13	0,981	Oui
1525	51,500	13	0,981	Oui
1526	51,500	13	0,980	Oui
1527	52,000	14	1,036	Oui
1528	52,000	14	1,037	Oui
1529	52,500	14	1,018	Oui
1530	52,500	14	1,017	Oui
1531	52,000	14	1,037	Oui
1532	52,000	14	1,037	Oui
1533	52,500	14	1,017	Oui
1534	52,000	14	1,036	Oui
1535	52,500	14	1,016	Oui
1536	52,500	14	1,016	Oui
1537	52,500	14	1,016	Oui
1538	52,500	14	1,016	Oui
1539	52,500	14	1,016	Oui
1540	52,500	14	1,016	Oui
1541	52,000	14	1,036	Oui
1542	51,500	14	1,056	Oui
1543	52,000	14	1,036	Oui
1544	52,500	15	1,089	Oui
1545	53,000	15	1,068	Oui
1546	53,000	16	1,140	Oui
1547	53,000	16	1,140	Oui
1548	53,000	16	1,141	Oui
1549	52,500	16	1,162	Oui
1550	52,500	16	1,162	Oui
1551	52,500	16	1,161	Oui
1552	52,500	16	1,161	Oui
1553	52,000	16	1,183	Oui
1554	51,500	16	1,207	Oui
1555	51,500	15	1,131	Oui
1556	51,500	15	1,131	Oui
1557	51,500	16	1,207	Oui
1558	52,000	16	1,183	Oui
1559	51,500	16	1,207	Oui
1560	51,500	16	1,207	Oui
1561	51,500	16	1,207	Oui
1562	51,500	16	1,207	Oui
1563	52,000	17	1,257	Oui
1564	52,000	17	1,257	Oui
1565	52,000	17	1,258	Oui
1566	52,500	17	1,235	Oui
1567	52,500	17	1,235	Oui
1568	53,000	17	1,212	Oui
1569	53,000	17	1,212	Oui
1570	53,500	17	1,189	Oui
1571	53,500	17	1,189	Oui
1572	54,000	17	1,168	Oui
1573	54,000	17	1,170	Oui
1574	53,500	17	1,193	Oui
1575	53,500	17	1,193	Oui
1576	54,000	17	1,170	Oui
1577	54,500	18	1,217	Oui
1578	55,000	18	1,194	Oui
1579	55,000	18	1,194	Oui
1580	55,000	18	1,196	Oui
1581	55,500	18	1,176	Oui
1582	56,000	18	1,157	Oui
1583	56,500	18	1,135	Oui
1584	56,500	18	1,132	Oui
1585	56,000	18	1,151	Oui
1586	56,500	18	1,130	Oui
1587	56,000	18	1,149	Oui
1588	55,500	18	1,170	Oui
1589	55,500	18	1,170	Oui
1590	55,500	18	1,169	Oui
1591	55,500	19	1,234	Oui
1592	55,000	19	1,257	Oui
1593	55,500	19	1,235	Oui
1594	55,500	19	1,234	Oui
1595	55,500	20	1,299	Oui
1596	55,500	19	1,234	Oui
1597	55,500	20	1,299	Oui
1598	55,500	20	1,299	Oui
1599	55,500	20	1,300	Oui
1600	55,500	20	1,301	Oui
1601	56,000	20	1,277	Oui
1602	56,000	21	1,341	Oui
1603	56,000	21	1,340	Oui
1604	56,000	21	1,340	Oui
1605	55,500	21	1,364	Oui
1606	55,500	21	1,364	Oui
1607	55,500	21	1,364	Oui
1608	55,500	21	1,364	Oui
1609	55,000	20	1,323	Oui
1610	54,500	20	1,347	Oui
1611	54,500	20	1,347	Oui
1612	54,000	20	1,372	Oui
1613	53,500	20	1,399	Oui
1614	53,500	20	1,399	Oui
1615	53,000	20	1,426	Oui
1616	53,500	20	1,401	Oui
1617	53,000	19	1,357	Oui
1618	52,500	19	1,382	Oui
1619	52,500	19	1,382	Oui
1620	52,500	19	1,382	Oui
1621	52,000	19	1,410	Oui
1622	52,000	19	1,414	Oui
1623	52,000	19	1,414	Oui
1624	52,500	19	1,389	Oui
1625	52,000	19	1,418	Oui
1626	52,500	19	1,394	Oui
1627	53,000	19	1,370	Oui
1628	53,500	19	1,348	Oui
1629	54,000	19	1,319	Oui
1630	54,000	20	1,389	Oui
1631	54,000	20	1,389	Oui
1632	54,500	20	1,361	Oui
1633	55,000	21	1,405	Oui
1634	55,000	21	1,405	Oui
1635	55,000	21	1,405	Oui
1636	54,500	21	1,429	Oui
1637	54,500	21	1,429	Oui
1638	54,500	21	1,434	Oui
1639	54,500	21	1,434	Oui
1640	54,500	21	1,434	Oui
1641	54,000	20	1,395	Oui
1642	53,500	20	1,418	Oui
1643	53,500	20	1,418	Oui
1644	54,000	20	1,389	Oui
1645	54,000	20	1,384	Oui
1646	54,000	20	1,384	Oui
1647	53,500	20	1,412	Oui
1648	53,500	20	1,412	Oui
1649	53,000	20	1,442	Oui
1650	53,000	20	1,442	Oui
1651	53,000	20	1,442	Oui
1652	53,500	20	1,418	Oui
1653	54,000	20	1,389	Oui
1654	53,500	20	1,412	Oui
1655	53,000	20	1,437	Oui
1656	53,000	20	1,437	Oui
1657	53,000	20	1,432	Oui
1658	53,000	20	1,432	Oui
1659	53,000	20	1,432	Oui
1660	52,500	20	1,458	Oui
1661	52,500	20	1,458	Oui
1662	53,000	20	1,429	Oui
1663	53,000	20	1,429	Oui
1664	53,500	20	1,401	Oui
1665	54,000	21	1,445	Oui
1666	54,000	21	1,445	Oui
1667	54,000	21	1,445	Oui
1668	54,000	21	1,445	Oui
1669	54,500	21	1,420	Oui
1670	54,500	21	1,420	Oui
1671	55,000	21	1,393	Oui
1672	55,000	21	1,393	Oui
1673	55,000	21	1,393	Oui
1674	55,000	21	1,393	Oui
1675	55,000	20	1,329	Oui
1676	55,000	20	1,329	Oui
1677	55,000	20	1,329	Oui
1678	54,500	19	1,288	Oui
1679	54,500	19	1,285	Oui
1680	54,000	19	1,310	Oui
1681	54,500	19	1,285	Oui
1682	54,500	19	1,285	Oui
1683	54,500	19	1,282	Oui
1684	54,500	19	1,282	Oui
1685	54,000	18	1,238	Oui
1686	53,500	18	1,261	Oui
1687	53,500	18	1,261	Oui
1688	53,500	18	1,259	Oui
1689	53,500	18	1,259	Oui
1690	53,500	18	1,258	Oui
1691	53,500	19	1,328	Oui
1692	54,000	19	1,304	Oui
1693	53,500	18	1,259	Oui
1694	53,500	18	1,258	Oui
1695	53,500	18	1,258	Oui
1696	54,000	18	1,235	Oui
1697	54,000	19	1,303	Oui
1698	54,500	19	1,279	Oui
1699	54,500	19	1,279	Oui
1700	54,500	19	1,279	Oui
1701	55,000	19	1,257	Oui
1702	55,000	19	1,258	Oui
1703	54,500	19	1,280	Oui
1704	54,500	19	1,280	Oui
1705	55,000	19	1,258	Oui
1706	54,500	19	1,280	Oui
1707	54,500	19	1,279	Oui
1708	54,500	19	1,279	Oui
1709	54,500	19	1,279	Oui
1710	54,000	19	1,303	Oui
1711	54,500	19	1,279	Oui
1712	54,500	19	1,280	Oui
1713	55,000	19	1,257	Oui
1714	54,500	19	1,280	Oui
1715	54,500	18	1,213	Oui
1716	54,500	19	1,280	Oui
1717	55,000	19	1,258	Oui
1718	55,500	19	1,236	Oui
1719	56,000	19	1,215	Oui
1720	55,500	18	1,173	Oui
1721	55,000	18	1,194	Oui
1722	55,500	18	1,171	Oui
1723	55,500	18	1,171	Oui
1724	56,000	18	1,151	Oui
1725	56,000	18	1,151	Oui
1726	55,500	17	1,108	Oui
1727	55,000	17	1,127	Oui
1728	55,000	17	1,125	Oui
1729	54,500	17	1,146	Oui
1730	54,500	17	1,147	Oui
1731	54,500	17	1,147	Oui
1732	54,500	17	1,147	Oui
1733	54,000	17	1,170	Oui
1734	54,500	17	1,149	Oui
1735	54,500	17	1,153	Oui
1736	54,500	17	1,156	Oui
1737	55,000	17	1,133	Oui
1738	55,500	18	1,180	Oui
1739	56,000	18	1,161	Oui
1740	55,500	18	1,185	Oui
1741	55,500	18	1,185	Oui
1742	56,000	18	1,161	Oui
1743	56,000	17	1,097	Oui
1744	55,500	17	1,115	Oui
1745	55,500	16	1,049	Oui
1746	55,500	16	1,046	Oui
1747	55,500	16	1,049	Oui
1748	55,000	16	1,067	Oui
1749	55,500	16	1,046	Oui
1750	56,000	16	1,026	Oui
1751	56,000	17	1,093	Oui
1752	56,500	17	1,072	Oui
1753	57,000	17	1,052	Oui
1754	57,500	18	1,096	Oui
1755	57,500	18	1,093	Oui
1756	57,500	18	1,096	Oui
1757	57,500	18	1,093	Oui
1758	57,500	19	1,154	Oui
1759	57,500	19	1,154	Oui
1760	57,500	19	1,154	Oui
1761	57,000	19	1,173	Oui
1762	57,000	18	1,111	Oui
1763	57,000	19	1,173	Oui
1764	57,500	19	1,154	Oui
1765	57,500	19	1,154	Oui
1766	57,000	19	1,173	Oui
1767	57,000	19	1,173	Oui
1768	56,500	19	1,193	Oui
1769	57,000	19	1,171	Oui
1770	56,500	19	1,193	Oui
1771	57,000	19	1,171	Oui
1772	57,000	19	1,170	Oui
1773	56,500	19	1,190	Oui
1774	57,000	19	1,170	Oui
1775	57,000	19	1,171	Oui
1776	56,500	18	1,130	Oui
1777	56,000	18	1,149	Oui
1778	55,500	18	1,171	Oui
1779	55,500	18	1,171	Oui
1780	55,500	18	1,170	Oui
1781	55,000	18	1,190	Oui
1782	54,500	18	1,212	Oui
1783	54,500	18	1,213	Oui
1784	54,500	18	1,213	Oui
1785	54,500	18	1,213	Oui
1786	54,000	18	1,236	Oui
1787	54,000	18	1,236	Oui
1788	54,500	18	1,213	Oui
1789	54,500	18	1,213	Oui
1790	54,500	17	1,147	Oui
1791	54,500	17	1,146	Oui
1792	55,000	17	1,124	Oui
1793	55,000	17	1,124	Oui
1794	54,500	16	1,077	Oui
1795	54,500	16	1,077	Oui
1796	54,000	15	1,029	Oui
1797	54,000	15	1,029	Oui
1798	54,000	15	1,029	Oui
1799	54,000	15	1,029	Oui
1800	54,000	15	1,029	Oui
1801	53,500	14	0,978	Oui
1802	53,000	14	0,997	Oui
1803	52,500	14	1,016	Oui
1804	52,500	14	1,016	Oui
1805	52,500	14	1,016	Oui
1806	52,500	14	1,016	Oui
1807	53,000	14	0,997	Oui
1808	53,500	14	0,978	Oui
1809	53,500	14	0,978	Oui
1810	53,500	14	0,978	Oui
1811	53,500	14	0,978	Oui
1812	53,500	14	0,978	Oui
1813	53,500	14	0,978	Oui
1814	53,500	14	0,978	Oui
1815	53,500	14	0,978	Oui
1816	53,500	14	0,978	Oui
1817	54,000	14	0,961	Oui
1818	54,000	14	0,961	Oui
1819	54,500	14	0,943	Oui
1820	54,500	15	1,010	Oui
1821	54,500	15	1,010	Oui
1822	54,000	15	1,029	Oui
1823	54,000	15	1,029	Oui
1824	53,500	15	1,049	Oui
1825	54,000	15	1,030	Oui
1826	54,000	15	1,032	Oui
1827	54,000	15	1,034	Oui
1828	53,500	15	1,056	Oui
1829	53,500	14	0,985	Oui
1830	53,500	14	0,989	Oui
1831	54,000	14	0,972	Oui
1832	54,000	13	0,903	Oui
1833	53,500	13	0,922	Oui
1834	53,500	13	0,922	Oui
1835	53,500	13	0,922	Oui
1836	54,000	13	0,903	Oui
1837	54,000	12	0,830	Oui
1838	53,500	12	0,847	Oui
1839	53,000	12	0,865	Oui
1840	52,500	12	0,880	Oui
1841	53,000	12	0,862	Oui
1842	53,500	12	0,847	Oui
1843	53,500	12	0,851	Oui
1844	53,500	12	0,851	Oui
1845	53,500	13	0,918	Oui
1846	53,500	13	0,918	Oui
1847	54,000	13	0,903	Oui
1848	54,500	13	0,888	Oui
1849	54,500	13	0,888	Oui
1850	54,500	13	0,888	Oui
1851	55,000	13	0,874	Oui
1852	55,000	13	0,878	Oui
1853	54,500	13	0,892	Oui
1854	54,500	13	0,892	Oui
1855	55,000	13	0,878	Oui
1856	55,000	13	0,878	Oui
1857	54,500	13	0,892	Oui
1858	54,500	13	0,892	Oui
1859	54,000	13	0,912	Oui
1860	54,500	13	0,897	Oui
1861	54,500	14	0,966	Oui
1862	54,000	14	0,982	Oui
1863	54,000	14	0,982	Oui
1864	54,000	13	0,912	Oui
1865	54,000	14	0,982	Oui
1866	54,500	14	0,966	Oui
1867	55,000	15	1,013	Oui
1868	55,000	15	1,019	Oui
1869	54,500	15	1,042	Oui
1870	55,000	15	1,019	Oui
1871	54,500	15	1,035	Oui
1872	55,000	15	1,019	Oui
1873	55,000	15	1,019	Oui
1874	55,000	15	1,019	Oui
1875	54,500	15	1,042	Oui
1876	54,000	15	1,065	Oui
1877	54,500	15	1,042	Oui
1878	54,500	15	1,042	Oui
1879	54,500	15	1,042	Oui
1880	55,000	16	1,087	Oui
1881	54,500	16	1,104	Oui
1882	54,500	16	1,104	Oui
1883	54,000	16	1,122	Oui
1884	54,500	16	1,104	Oui
1885	54,500	16	1,104	Oui
1886	54,500	16	1,104	Oui
1887	54,500	16	1,104	Oui
1888	54,000	16	1,122	Oui
1889	54,000	16	1,122	Oui
1890	53,500	15	1,069	Oui
1891	53,000	15	1,093	Oui
1892	53,000	15	1,100	Oui
1893	53,000	15	1,100	Oui
1894	53,000	15	1,093	Oui
1895	53,000	15	1,093	Oui
1896	52,500	14	1,037	Oui
1897	52,000	14	1,061	Oui
1898	52,000	14	1,067	Oui
1899	52,000	14	1,067	Oui
1900	52,000	14	1,067	Oui
1901	51,500	14	1,085	Oui
1902	51,000	14	1,104	Oui
1903	51,500	14	1,085	Oui
1904	51,500	14	1,085	Oui
1905	51,500	14	1,079	Oui
1906	52,000	14	1,061	Oui
1907	51,500	14	1,085	Oui
1908	52,000	14	1,067	Oui
1909	52,000	14	1,067	Oui
1910	52,500	14	1,050	Oui
1911	52,000	14	1,075	Oui
1912	52,000	14	1,084	Oui
1913	51,500	14	1,101	Oui
1914	52,000	14	1,075	Oui
1915	52,000	13	0,991	Oui
1916	51,500	13	1,015	Oui
1917	51,500	13	1,015	Oui
1918	51,500	13	1,023	Oui
1919	51,000	13	1,048	Oui
1920	51,000	13	1,048	Oui
1921	51,500	13	1,023	Oui
1922	51,500	13	1,023	Oui
1923	51,500	13	1,023	Oui
1924	51,000	13	1,048	Oui
1925	51,000	13	1,048	Oui
1926	51,000	13	1,048	Oui
1927	51,000	13	1,048	Oui
1928	51,000	13	1,048	Oui
1929	51,000	13	1,048	Oui
1930	50,500	13	1,075	Oui
1931	51,000	13	1,048	Oui
1932	51,500	13	1,023	Oui
1933	51,500	13	1,023	Oui
1934	51,500	13	1,032	Oui
1935	51,000	13	1,058	Oui
1936	50,500	13	1,086	Oui
1937	50,000	12	1,019	Oui
1938	49,500	12	1,046	Non
1939	49,000	12	1,075	Non
1940	49,500	12	1,058	Non
1941	50,000	13	1,115	Oui
1942	50,000	13	1,115	Oui
1943	49,500	13	1,133	Non
1944	49,500	13	1,133	Non
1945	49,500	13	1,133	Non
1946	49,500	12	1,046	Non
1947	49,000	12	1,075	Non
1948	49,000	12	1,075	Non
1949	49,000	12	1,063	Non
1950	49,000	11	0,965	Non
1951	48,500	11	0,991	Non
1952	48,000	11	1,008	Non
1953	48,000	10	0,907	Non
1954	48,000	10	0,907	Non
1955	48,000	9	0,817	Non
1956	47,500	9	0,839	Non
1957	47,000	8	0,759	Non
1958	47,000	8	0,759	Non
1959	47,500	8	0,739	Non
1960	48,000	8	0,720	Non
1961	48,500	8	0,707	Non
1962	48,500	7	0,619	Non
1963	48,000	7	0,635	Non
1964	48,000	7	0,635	Non
1965	48,000	7	0,641	Non
1966	48,500	8	0,714	Non
1967	49,000	8	0,702	Non
1968	49,500	8	0,690	Non
1969	49,500	9	0,769	Non
1970	49,500	9	0,769	Non
1971	49,500	9	0,769	Non
1972	49,000	9	0,782	Non
1973	49,500	9	0,769	Non
1974	49,000	9	0,789	Non
1975	49,000	9	0,798	Non
1976	49,500	9	0,785	Non
1977	49,500	9	0,785	Non
1978	49,500	9	0,785	Non
1979	49,500	9	0,785	Non
1980	49,500	9	0,777	Non
1981	49,500	9	0,777	Non
1982	49,500	9	0,777	Non
1983	49,500	9	0,785	Non
1984	49,000	9	0,798	Non
1985	49,500	9	0,777	Non
1986	49,500	9	0,777	Non
1987	49,500	9	0,777	Non
1988	49,500	9	0,777	Non
1989	49,500	9	0,777	Non
1990	49,000	9	0,798	Non
1991	48,500	9	0,811	Non
1992	48,500	9	0,811	Non
1993	48,000	9	0,825	Non
1994	48,500	9	0,803	Non
1995	48,500	9	0,811	Non
1996	48,500	9	0,811	Non
1997	48,000	9	0,833	Non
1998	48,500	9	0,820	Non
1999	48,500	10	0,901	Non
2000	48,500	10	0,901	Non
2001	49,000	10	0,886	Non
2002	49,000	10	0,886	Non
2003	49,000	10	0,886	Non
2004	49,500	10	0,872	Non
2005	50,000	10	0,858	Oui
2006	50,000	11	0,944	Oui
2007	49,500	11	0,959	Non
2008	49,000	11	0,975	Non
2009	49,000	11	0,975	Non
2010	49,000	11	0,975	Non
2011	49,000	11	0,975	Non
2012	49,500	11	0,949	Non
2013	50,000	11	0,934	Oui
2014	49,500	11	0,959	Non
2015	50,000	11	0,934	Oui
2016	50,000	11	0,925	Oui
2017	50,000	11	0,925	Oui
2018	50,000	11	0,925	Oui
2019	50,000	10	0,833	Oui
2020	49,500	10	0,855	Non
2021	49,500	10	0,855	Non
2022	50,000	10	0,833	Oui
2023	50,000	10	0,833	Oui
2024	50,500	10	0,813	Oui
2025	50,000	10	0,827	Oui
2026	50,000	10	0,827	Oui
2027	50,000	10	0,827	Oui
2028	50,000	10	0,827	Oui
2029	50,000	10	0,827	Oui
2030	49,500	10	0,841	Non
2031	49,000	10	0,856	Non
2032	48,500	10	0,871	Non
2033	48,500	10	0,871	Non
2034	48,500	10	0,871	Non
2035	49,000	10	0,850	Non
2036	49,000	10	0,850	Non
2037	49,000	10	0,850	Non
2038	49,000	10	0,850	Non
2039	49,500	10	0,835	Non
2040	49,500	10	0,835	Non
2041	49,500	10	0,841	Non
2042	49,000	10	0,856	Non
2043	48,500	10	0,871	Non
2044	48,000	9	0,798	Non
2045	48,000	9	0,798	Non
2046	48,500	9	0,784	Non
2047	48,000	9	0,798	Non
2048	47,500	9	0,813	Non
2049	47,500	9	0,813	Non
2050	48,000	9	0,794	Non
2051	47,500	9	0,809	Non
2052	47,500	9	0,805	Non
2053	48,000	9	0,787	Non
2054	48,500	9	0,772	Non
2055	48,500	9	0,772	Non
2056	48,500	9	0,772	Non
2057	49,000	9	0,755	Non
2058	49,000	9	0,755	Non
2059	49,500	9	0,738	Non
2060	49,000	8	0,669	Non
2061	48,500	8	0,684	Non
2062	48,500	8	0,684	Non
2063	49,000	8	0,669	Non
2064	48,500	7	0,597	Non
2065	48,000	7	0,610	Non
2066	48,000	6	0,522	Non
2067	47,500	6	0,533	Non
2068	47,500	6	0,533	Non
2069	48,000	7	0,609	Non
2070	47,500	7	0,622	Non
2071	48,000	7	0,609	Non
2072	47,500	7	0,621	Non
2073	47,000	7	0,634	Non
2074	47,500	7	0,621	Non
2075	48,000	8	0,695	Non
2076	48,000	8	0,695	Non
2077	47,500	8	0,710	Non
2078	48,000	8	0,696	Non
2079	47,500	7	0,621	Non
2080	47,500	7	0,622	Non
2081	47,500	7	0,622	Non
2082	47,500	7	0,622	Non
2083	48,000	7	0,610	Non
2084	48,000	7	0,610	Non
2085	48,500	8	0,682	Non
2086	49,000	8	0,668	Non
2087	49,000	8	0,668	Non
2088	49,000	8	0,668	Non
2089	49,000	8	0,668	Non
2090	49,000	8	0,668	Non
2091	49,000	8	0,668	Non
2092	49,000	8	0,668	Non
2093	49,500	8	0,655	Non
2094	49,000	8	0,669	Non
2095	49,500	8	0,655	Non
2096	50,000	8	0,642	Oui
2097	50,000	8	0,642	Oui
2098	50,000	8	0,642	Oui
2099	50,500	9	0,708	Oui
2100	50,500	9	0,706	Oui
2101	50,500	9	0,706	Oui
2102	51,000	9	0,692	Oui
2103	50,500	9	0,706	Oui
2104	51,000	9	0,692	Oui
2105	50,500	9	0,706	Oui
2106	50,500	9	0,706	Oui
2107	50,500	9	0,706	Oui
2108	50,000	9	0,720	Oui
2109	50,000	9	0,720	Oui
2110	50,000	9	0,720	Oui
2111	50,000	9	0,720	Oui
2112	49,500	9	0,735	Non
2113	49,500	9	0,735	Non
2114	49,500	9	0,735	Non
2115	49,000	9	0,750	Non
2116	49,000	9	0,750	Non
2117	48,500	9	0,765	Non
2118	48,000	9	0,781	Non
2119	48,000	9	0,781	Non
2120	48,000	9	0,781	Non
2121	47,500	9	0,798	Non
2122	47,500	9	0,798	Non
2123	47,500	9	0,798	Non
2124	48,000	9	0,781	Non
2125	48,500	9	0,765	Non
2126	48,500	9	0,765	Non
2127	49,000	9	0,750	Non
2128	49,000	9	0,750	Non
2129	49,500	9	0,735	Non
2130	49,500	9	0,735	Non
2131	49,000	9	0,750	Non
2132	49,000	9	0,751	Non
2133	49,000	9	0,751	Non
2134	49,000	9	0,750	Non
2135	49,000	9	0,750	Non
2136	49,500	9	0,735	Non
2137	50,000	9	0,721	Oui
2138	50,000	9	0,721	Oui
2139	50,000	9	0,721	Oui
2140	49,500	8	0,654	Non
2141	49,500	8	0,655	Non
2142	49,500	8	0,655	Non
2143	49,500	8	0,655	Non
2144	50,000	8	0,641	Oui
2145	50,000	8	0,640	Oui
2146	50,000	8	0,640	Oui
2147	50,000	8	0,640	Oui
2148	50,500	8	0,627	Oui
2149	50,500	9	0,706	Oui
2150	50,000	9	0,720	Oui
2151	50,000	9	0,720	Oui
2152	50,500	9	0,706	Oui
2153	50,000	9	0,721	Oui
2154	50,000	9	0,721	Oui
2155	50,000	9	0,721	Oui
2156	50,500	9	0,708	Oui
2157	51,000	9	0,694	Oui
2158	51,000	9	0,696	Oui
2159	50,500	9	0,711	Oui
2160	50,500	9	0,714	Oui
2161	50,500	10	0,791	Oui
2162	50,500	10	0,788	Oui
2163	50,500	10	0,788	Oui
2164	50,000	10	0,805	Oui
2165	49,500	9	0,738	Non
2166	49,500	9	0,738	Non
2167	49,000	9	0,753	Non
2168	48,500	8	0,682	Non
2169	48,500	8	0,682	Non
2170	49,000	8	0,668	Non
2171	49,000	8	0,668	Non
