	aa hydrophobes	aa charges (%)	charge net	M	T	F	R	H	C	V	A	D	L	G	S	Y	K	E	I	N	Q	W	P
 sequence entiere	277	21,472	-106,9	11	33	14	31	10	11	28	42	35	52	32	25	14	17	22	32	25	25	9	21
 
 
Fenetres	hydrophobicite moyenne
1	0,743
2	0,521
3	0,681
4	0,482
5	0,629
6	0,610
7	0,434
8	0,299
9	0,152
10	0,152
11	0,374
12	0,374
13	0,409
14	0,262
15	0,373
16	0,292
17	0,288
18	0,290
19	0,169
20	-0,080
21	-0,240
22	-0,086
23	0,056
24	0,138
25	0,111
26	0,044
27	0,354
28	0,354
29	0,354
30	0,524
31	0,471
32	0,376
33	0,358
34	0,659
35	0,706
36	0,396
37	0,410
38	0,437
39	0,238
40	0,301
41	0,282
42	0,140
43	0,201
44	0,140
45	0,450
46	0,336
47	0,417
48	0,606
49	0,336
50	0,311
51	0,197
52	0,147
53	0,120
54	0,109
55	0,194
56	0,388
57	0,089
58	0,050
59	0,296
60	0,552
61	0,286
62	0,327
63	0,138
64	0,338
65	0,338
66	0,648
67	0,672
68	0,532
69	0,561
70	0,628
71	0,899
72	0,813
73	0,642
74	0,703
75	0,503
76	0,724
77	0,643
78	0,550
79	0,686
80	0,674
81	0,949
82	0,834
83	0,474
84	0,450
85	0,314
86	0,376
87	0,157
88	0,157
89	-0,032
90	-0,032
91	0,133
92	0,379
93	0,399
94	0,506
95	0,418
96	0,444
97	0,242
98	0,130
99	-0,030
100	-0,081
101	-0,217
102	-0,012
103	0,018
104	0,210
105	0,271
106	0,372
107	0,673
108	0,780
109	0,727
110	0,927
111	0,727
112	0,480
113	0,396
114	0,349
115	0,514
116	0,432
117	0,184
118	0,097
119	-0,108
120	-0,108
121	0,202
122	0,182
123	0,452
124	0,441
125	0,414
126	0,726
127	0,771
128	0,804
129	1,004
130	0,911
131	0,911
132	0,901
133	0,600
134	0,554
135	0,544
136	0,640
137	0,501
138	0,277
139	0,146
140	0,250
141	-0,010
142	0,291
143	0,286
144	0,131
145	0,078
146	0,323
147	0,382
148	0,421
149	0,376
150	0,636
151	0,636
152	0,743
153	0,789
154	0,728
155	0,699
156	0,863
157	0,844
158	0,917
159	0,616
160	0,616
161	0,508
162	0,428
163	0,442
164	0,472
165	0,207
166	0,461
167	0,283
168	0,502
169	0,342
170	0,247
171	0,281
172	0,381
173	0,273
174	0,369
175	0,094
176	0,354
177	0,383
178	0,288
179	0,554
180	0,453
181	0,453
182	0,339
183	0,224
184	0,499
185	0,224
186	0,003
187	0,099
188	0,088
189	0,343
190	0,349
191	0,684
192	0,799
193	0,549
194	0,669
195	0,644
196	0,506
197	0,312
198	0,373
199	0,538
200	0,288
201	0,147
202	0,227
203	0,188
204	0,312
205	0,502
206	0,507
207	0,190
208	0,127
209	0,327
210	0,439
211	0,273
212	0,528
213	0,713
214	0,804
215	0,884
216	0,927
217	0,791
218	0,524
219	0,412
220	0,698
221	0,528
222	0,463
223	0,428
224	0,382
225	0,542
226	0,577
227	0,639
228	0,766
229	0,480
230	0,429
231	0,328
232	0,188
233	0,188
234	0,188
235	0,353
236	0,392
237	0,373
238	0,539
239	0,699
240	0,699
241	0,637
242	0,492
243	0,371
244	0,167
245	0,167
246	0,278
247	0,387
248	0,193
249	0,154
250	0,221
251	0,360
252	0,596
253	0,596
254	0,750
255	0,780
256	0,591
257	0,794
258	0,728
259	0,723
260	0,584
261	0,471
262	0,556
263	0,473
264	0,366
265	0,394
266	0,110
267	0,110
268	0,149
269	0,448
270	0,346
271	0,300
272	0,127
273	0,298
274	0,298
275	0,317
276	0,317
277	0,282
278	0,093
279	0,093
280	-0,012
281	0,054
282	-0,258
283	-0,180
284	-0,226
285	-0,019
286	0,170
287	0,060
288	-0,041
289	0,230
290	0,367
291	0,479
292	0,561
293	0,923
294	0,977
295	0,977
296	1,062
297	1,017
298	0,952
299	1,004
300	0,894
301	0,634
302	0,272
303	-0,029
304	-0,018
305	0,036
306	0,062
307	0,116
308	0,007
309	0,151
310	0,411
311	0,723
312	0,870
313	0,646
314	0,646
315	0,660
316	0,506
317	0,614
318	0,660
319	0,506
320	0,477
321	0,330
322	0,553
323	0,713
324	0,984
325	0,883
326	0,774
327	0,628
328	0,508
329	0,251
330	0,251
331	0,251
332	0,262
333	-0,004
334	0,142
335	-0,023
336	-0,042
337	0,180
338	0,153
339	0,300
340	0,030
341	0,030
342	0,072
343	0,027
344	0,147
345	0,403
346	0,154
347	0,196
348	0,190
349	0,176
350	-0,049
351	0,056
352	0,157
353	0,202
354	0,167
355	0,274
356	0,260
357	0,266
358	0,280
359	0,493
360	0,448
361	0,200
362	0,291
363	0,356
364	0,559
365	0,559
366	0,520
367	0,780
368	0,626
369	0,780
370	1,081
371	1,017
372	0,851
373	0,567
374	0,852
375	1,046
376	0,871
377	0,766
378	0,552
379	0,398
380	0,224
381	0,379
382	0,352
383	0,152
384	-0,108
385	-0,232
386	0,038
387	0,091
388	0,032
389	0,288
390	0,113
391	0,426
392	0,561
393	0,632
394	0,742
395	0,543
396	0,686
397	0,686
398	0,430
399	0,411
400	0,400
401	0,453
402	0,387
403	0,362
404	0,551
405	0,551
406	0,610
407	0,591
408	0,630
409	0,612
410	0,423
411	0,690
412	0,602
413	0,549
414	0,514
415	0,514
416	0,600
417	0,646
418	0,610
419	0,539
420	0,373
421	0,481
422	0,374
423	0,427
424	0,392
425	0,326
426	0,446
427	0,310
428	0,581
429	0,522
430	0,716
431	0,823
432	0,663
433	0,852
434	0,833
435	0,562
436	0,751
437	0,484
438	0,442
439	0,389
440	0,167
441	0,052
442	0,062
443	0,036
444	0,082
445	0,029
446	0,231
447	0,293
448	0,192
449	0,211
450	0,403
451	0,119
452	0,420
453	0,473
454	0,367
455	0,338
456	0,542
457	0,588
458	0,588
459	0,561
460	0,561
461	0,368
462	0,268
463	0,439
464	0,367
465	0,054
466	-0,011
467	0,191
468	0,146
469	0,207
470	0,410
471	0,457
472	0,337
473	0,192
474	0,192
475	0,153
476	0,047
477	-0,098
478	-0,144
479	-0,154
480	0,041
481	-0,004
