	aa hydrophobes	aa charges (%)	charge net	V	K	G	T	W	H	N	L	F	I	M	S	D	A	Q	R	Y	C	P	E
 sequence entiere	277	21,472	-106,9	28	17	32	33	9	10	25	52	14	32	11	25	35	42	25	31	14	11	21	22
 
 
Fenetres	hydrophobicite moyenne
1	0,441
2	0,504
3	0,814
4	0,951
5	0,947
6	1,118
7	0,782
8	0,957
9	1,058
10	0,759
11	0,536
12	0,364
13	0,262
14	0,301
15	0,097
16	0,371
17	0,097
18	-0,023
19	0,001
20	0,276
21	0,222
22	0,202
23	0,357
24	0,611
25	0,622
26	0,641
27	0,614
28	0,900
29	0,538
30	0,558
31	0,539
32	0,539
33	0,323
34	0,312
35	0,579
36	0,667
37	0,501
38	0,813
39	1,007
40	0,944
41	0,862
42	0,964
43	0,663
44	0,599
45	0,511
46	0,391
47	0,327
48	0,274
49	0,376
50	0,404
51	0,182
52	0,323
53	0,188
54	0,500
55	0,473
56	0,509
57	0,407
58	0,306
59	0,250
60	0,364
61	0,472
62	0,387
63	0,216
64	0,362
65	0,079
66	0,079
67	0,346
68	0,466
69	0,517
70	0,294
71	0,380
72	0,351
73	0,506
74	0,652
75	0,647
76	0,618
77	0,524
78	0,373
79	0,454
80	0,342
81	0,422
82	0,162
83	0,061
84	0,067
85	0,084
86	-0,047
87	-0,061
88	0,132
89	0,220
90	0,028
91	0,013
92	0,056
93	0,157
94	0,103
95	0,162
96	0,328
97	0,168
98	0,207
99	0,314
100	0,400
101	0,439
102	0,492
103	0,386
104	0,488
105	0,543
106	0,490
107	0,476
108	0,409
109	0,598
110	0,663
111	0,673
112	0,573
113	0,626
114	0,524
115	0,524
116	0,524
117	0,732
118	0,714
119	0,563
120	0,279
121	0,384
122	0,331
123	0,326
124	0,264
125	0,264
126	0,123
127	0,032
128	-0,007
129	0,268
130	0,370
131	0,434
132	0,440
133	0,501
134	0,690
135	0,670
136	0,480
137	0,670
138	0,481
139	0,359
140	0,159
141	0,260
142	0,319
143	0,126
144	0,339
145	0,339
146	0,458
147	0,564
148	0,438
149	0,413
150	0,467
151	0,361
152	0,566
153	0,372
154	0,671
155	0,608
156	0,434
157	0,461
158	0,376
159	0,376
160	0,476
161	0,304
162	0,223
163	0,170
164	-0,051
165	0,216
166	0,234
167	0,278
168	0,003
169	0,174
170	0,033
171	0,308
172	0,168
173	0,360
174	0,156
175	0,422
176	0,569
177	0,542
178	0,542
179	0,654
180	0,380
181	0,313
182	0,121
183	0,126
184	-0,040
185	-0,232
186	-0,191
187	-0,462
188	-0,428
189	-0,347
190	-0,247
191	-0,247
192	-0,359
193	-0,398
194	-0,097
195	0,163
196	0,210
197	0,210
198	0,403
199	0,389
200	0,509
201	0,792
202	0,826
203	0,551
204	0,533
205	0,592
206	0,693
207	0,504
208	0,466
209	0,538
210	0,401
211	0,368
212	0,488
213	0,517
214	0,671
215	0,724
216	0,759
217	0,919
218	0,847
219	0,746
220	0,638
221	0,710
222	0,590
223	0,430
224	0,270
225	0,126
226	-0,034
227	-0,140
228	-0,078
229	-0,076
230	-0,268
231	-0,148
232	-0,289
233	-0,289
234	-0,144
235	-0,232
236	-0,186
237	-0,101
238	-0,058
239	0,217
240	0,152
241	0,293
242	0,514
243	0,669
244	0,757
245	0,777
246	0,947
247	1,013
248	1,013
249	0,873
250	1,044
251	0,790
252	0,577
253	0,534
254	0,514
255	0,299
256	0,488
257	0,228
258	0,147
259	-0,139
260	-0,247
261	-0,334
262	-0,069
263	0,036
264	-0,070
265	-0,009
266	0,312
267	0,427
268	0,488
269	0,514
270	0,622
271	0,311
272	0,119
273	0,224
274	0,054
275	-0,007
276	-0,001
277	0,023
278	0,038
279	0,149
280	0,237
281	0,278
282	0,133
283	0,133
284	-0,122
285	-0,128
286	-0,113
287	-0,109
288	-0,282
289	-0,223
290	-0,238
291	0,072
292	-0,118
293	0,149
294	0,319
295	0,219
296	0,173
297	0,440
298	0,296
299	0,581
300	0,416
301	0,526
302	0,514
303	0,514
304	0,629
305	0,941
306	0,941
307	1,301
308	1,237
309	1,391
310	1,580
311	1,420
312	1,357
313	1,434
314	1,269
315	1,002
316	0,787
317	0,787
318	0,797
319	0,537
320	0,588
321	0,452
322	0,534
323	0,433
324	0,388
325	0,553
326	0,498
327	0,498
328	0,769
329	0,888
330	0,778
331	0,726
332	0,680
333	0,680
334	0,480
335	0,480
336	0,196
337	0,196
338	0,186
339	0,330
340	0,083
341	0,110
342	0,156
343	0,344
344	0,260
345	0,452
346	0,423
347	0,163
348	0,318
349	0,428
350	0,428
351	0,693
352	0,584
353	0,518
354	0,491
355	0,234
356	0,494
357	0,301
358	0,189
359	0,303
360	0,276
361	0,171
362	0,242
363	0,191
364	0,191
365	0,031
366	-0,031
367	0,081
368	0,188
369	-0,096
370	0,100
371	0,237
372	0,122
373	0,237
374	0,397
375	0,351
376	0,540
377	0,292
378	0,319
379	0,347
380	0,124
381	0,317
382	0,488
383	0,434
384	0,736
385	0,542
386	0,583
387	0,698
388	0,499
389	0,783
390	0,591
391	0,591
392	0,346
393	0,132
394	0,272
395	0,542
396	0,442
397	0,442
398	0,258
399	0,514
400	0,204
401	0,314
402	0,368
403	0,232
404	0,068
405	0,153
406	0,342
407	0,463
408	0,428
409	0,428
410	0,462
411	0,429
412	0,536
413	0,690
414	0,651
415	0,497
416	0,357
417	0,328
418	0,438
419	0,432
420	0,437
421	0,519
422	0,306
423	0,519
424	0,620
425	0,558
426	0,588
427	0,521
428	0,742
429	0,941
430	0,681
431	0,701
432	0,527
433	0,420
434	0,567
435	0,464
436	0,566
437	0,504
438	0,306
439	0,264
440	0,244
441	0,310
442	0,470
443	0,319
444	0,218
445	0,383
446	0,229
447	0,263
448	0,376
449	0,329
450	0,249
451	0,249
452	0,349
453	0,604
454	0,292
455	0,146
456	0,247
457	0,180
458	0,358
459	0,529
460	0,273
461	0,444
462	0,189
463	0,191
464	0,503
465	0,557
466	0,652
467	0,681
468	0,647
469	0,713
470	0,702
471	0,798
472	1,014
473	0,748
474	0,730
475	0,781
476	0,674
477	0,673
478	0,809
479	0,809
480	0,814
481	0,843
