	aa hydrophobes	aa charges (%)	charge net	T	L	V	H	K	R	N	D	W	I	Q	A	Y	G	C	E	P	M	F	S
 sequence entiere	277	21,472	-106,89999999999999	33	52	28	10	17	31	25	35	9	32	25	42	14	32	11	22	21	11	14	25
 
 
Fenetres	hydrophobicite moyenne
1	0,403
2	0,563
3	0,289
4	0,041
5	0,277
6	0,587
7	0,674
8	0,573
9	0,360
10	0,456
11	0,373
12	0,659
13	0,771
14	0,692
15	0,692
16	0,631
17	0,526
18	0,579
19	0,579
20	0,507
21	0,307
22	0,240
23	0,083
24	0,072
25	0,048
26	0,319
27	0,490
28	0,476
29	0,476
30	0,611
31	0,592
32	0,713
33	0,500
34	0,860
35	0,694
36	0,428
37	0,442
38	0,408
39	0,472
40	0,758
41	0,657
42	0,761
43	0,526
44	0,467
45	0,509
46	0,587
47	0,616
48	0,349
49	0,183
50	0,286
51	0,240
52	0,226
53	0,450
54	0,389
55	0,482
56	0,482
57	0,463
58	0,319
59	0,381
60	0,322
61	0,522
62	0,322
63	0,514
64	0,451
65	0,502
66	0,476
67	0,774
68	0,576
69	0,737
70	0,537
71	0,424
72	0,347
73	0,239
74	0,348
75	0,649
76	0,597
77	0,626
78	0,489
79	0,678
80	0,990
81	1,041
82	1,008
83	1,069
84	0,880
85	0,850
86	0,901
87	1,037
88	0,736
89	0,724
90	0,833
91	1,027
92	0,976
93	1,226
94	1,153
95	1,262
96	1,161
97	1,188
98	1,170
99	1,010
100	1,010
101	0,826
102	0,463
103	0,564
104	0,564
105	0,544
106	0,606
107	0,633
108	0,740
109	0,687
110	0,601
111	0,902
112	0,767
113	0,573
114	0,447
115	0,660
116	0,650
117	0,594
118	0,347
119	0,452
120	0,197
121	0,332
122	0,371
123	0,619
124	0,406
125	0,406
126	0,360
127	0,362
128	0,362
129	0,509
130	0,369
131	0,310
132	0,170
133	0,394
134	0,286
135	0,388
136	0,578
137	0,679
138	0,770
139	0,963
140	0,878
141	0,882
142	0,572
143	0,488
144	0,241
145	0,090
146	-0,112
147	-0,147
148	-0,360
149	-0,216
150	-0,044
151	0,041
152	0,074
153	0,099
154	0,103
155	0,369
156	0,267
157	0,428
158	0,564
159	0,582
160	0,742
161	0,884
162	0,970
163	1,037
164	0,726
165	0,620
166	0,479
167	0,303
168	0,286
169	0,179
170	0,207
171	0,342
172	0,592
173	0,739
174	0,806
175	1,009
176	1,042
177	1,070
178	1,056
179	0,891
180	0,756
181	0,396
182	0,396
183	0,650
184	0,341
185	0,449
186	0,284
187	0,184
188	0,184
189	0,113
190	0,423
191	0,578
192	0,408
193	0,707
194	0,759
195	0,720
196	1,004
197	1,077
198	1,182
199	0,870
200	0,677
201	0,677
202	0,402
203	0,242
204	0,222
205	-0,089
206	-0,262
207	-0,368
208	-0,341
209	-0,361
210	-0,407
211	-0,407
212	-0,401
213	-0,448
214	-0,336
215	-0,336
216	-0,129
217	0,093
218	0,008
219	0,002
220	0,017
221	0,017
222	-0,024
223	-0,049
224	0,218
225	-0,028
226	0,024
227	0,169
228	0,069
229	0,136
230	0,290
231	0,317
232	0,317
233	0,317
234	0,341
235	0,148
236	0,193
237	0,464
238	0,469
239	0,469
240	0,634
241	0,654
242	0,383
243	0,658
244	0,577
245	0,531
246	0,520
247	0,720
248	0,731
249	0,580
250	0,691
251	0,758
252	0,502
253	0,502
254	0,356
255	0,181
256	-0,131
257	-0,336
258	-0,250
259	-0,423
260	-0,504
261	-0,238
262	-0,238
263	-0,150
264	-0,274
265	-0,248
266	-0,209
267	-0,034
268	-0,053
269	0,221
270	-0,091
271	0,194
272	0,194
273	0,493
274	0,659
275	0,558
276	0,569
277	0,683
278	0,574
279	0,937
280	0,937
281	0,961
282	0,852
283	0,662
284	0,758
285	0,747
286	0,651
287	0,459
288	0,316
289	0,222
290	0,393
291	0,313
292	0,311
293	0,197
294	-0,059
295	0,037
296	0,229
297	0,151
298	0,233
299	-0,050
300	-0,021
301	0,120
302	0,206
303	0,461
304	0,347
305	0,438
306	0,438
307	0,244
308	0,286
309	0,190
310	0,094
311	-0,018
312	-0,172
313	0,113
314	0,131
315	0,102
316	0,296
317	0,556
318	0,657
319	0,859
320	1,107
321	1,152
322	1,088
323	1,099
324	0,987
325	0,878
326	0,603
327	0,768
328	0,628
329	0,492
330	0,612
331	0,676
332	0,510
333	0,510
334	0,344
335	0,566
336	0,502
337	0,707
338	0,636
339	0,607
340	0,403
341	0,283
342	0,324
343	0,410
344	0,270
345	0,049
346	-0,176
347	-0,171
348	-0,092
349	0,019
350	0,276
351	0,483
352	0,672
353	0,677
354	0,758
355	0,782
356	1,038
357	0,923
358	0,704
359	0,529
360	0,581
361	0,392
362	0,427
363	0,620
364	0,616
365	0,456
366	0,509
367	0,656
368	0,796
369	0,641
370	0,529
371	0,683
372	0,470
373	0,674
374	0,680
375	0,424
376	0,278
377	0,331
378	0,211
379	0,252
380	-0,049
381	0,004
382	-0,306
383	-0,340
384	-0,383
385	-0,237
386	-0,450
387	-0,176
388	-0,129
389	-0,083
390	-0,198
391	-0,159
392	0,040
393	0,079
394	0,044
395	-0,017
396	-0,171
397	-0,213
398	-0,147
399	-0,032
400	0,174
401	0,112
402	0,098
403	-0,012
404	0,180
405	0,074
406	0,221
407	0,136
408	0,141
409	0,040
410	-0,068
411	0,153
412	0,452
413	0,374
414	0,644
415	0,564
416	0,646
417	0,691
418	0,763
419	0,649
420	0,620
421	0,346
422	0,506
423	0,240
424	0,240
425	0,134
426	0,083
427	0,011
428	0,011
429	-0,120
430	-0,101
431	-0,101
432	-0,147
433	0,053
434	0,299
435	0,470
436	0,686
437	0,704
438	0,929
439	0,910
440	0,717
441	0,858
442	0,587
443	0,587
444	0,316
445	0,094
446	0,360
447	0,349
448	0,410
449	0,443
450	0,302
451	0,509
452	0,453
453	0,524
454	0,383
455	0,373
456	0,199
457	0,258
458	0,364
459	0,511
460	0,304
461	0,220
462	0,108
463	0,149
464	-0,040
465	-0,079
466	-0,199
467	-0,300
468	-0,306
469	-0,301
470	-0,321
471	-0,102
472	0,104
473	0,038
474	0,261
475	0,547
476	0,701
477	0,560
478	0,514
479	0,646
480	0,739
481	0,792
