	aa hydrophobes	aa charges (%)	charge net	G	H	I	P	M	R	V	N	K	C	Q	W	L	S	E	Y	D	F	A	T
 sequence entiere	327	16,564	-86,30000000000001	23	31	37	27	31	22	31	19	24	26	21	27	35	18	19	20	16	22	19	21
 
 
Fenetres	hydrophobicite moyenne
1	0,790
2	0,926
3	0,844
4	0,534
5	0,342
6	0,286
7	0,398
8	0,433
9	0,370
10	0,210
11	0,154
12	0,471
13	0,781
14	1,082
15	1,082
16	1,332
17	1,049
18	1,049
19	1,073
20	1,182
21	1,012
22	0,700
23	0,507
24	0,356
25	0,034
26	0,282
27	0,317
28	0,246
29	0,257
30	0,067
31	0,174
32	0,429
33	0,636
34	0,843
35	0,844
36	0,753
37	0,824
38	0,600
39	0,910
40	1,051
41	0,777
42	0,641
43	0,504
44	0,474
45	0,474
46	0,489
47	0,593
48	0,281
49	0,120
50	0,394
51	0,323
52	0,523
53	0,523
54	0,632
55	0,807
56	0,833
57	1,117
58	1,330
59	0,970
60	1,178
61	1,228
62	1,257
63	0,982
64	0,930
65	0,903
66	0,869
67	0,816
68	0,840
69	0,902
70	0,902
71	1,017
72	1,291
73	1,042
74	0,896
75	0,673
76	0,513
77	0,734
78	0,734
79	0,620
80	0,507
81	0,206
82	0,518
83	0,472
84	0,747
85	0,786
86	0,730
87	0,668
88	0,508
89	0,621
90	0,904
91	0,903
92	1,187
93	1,198
94	1,159
95	1,329
96	1,363
97	1,388
98	1,218
99	1,081
100	1,071
101	1,100
102	1,150
103	1,346
104	1,130
105	1,159
106	1,358
107	1,278
108	1,133
109	1,080
110	0,770
111	0,496
112	0,300
113	0,464
114	0,514
115	0,244
116	0,279
117	0,496
118	0,549
119	0,688
120	0,912
121	1,073
122	0,803
123	0,742
124	0,950
125	0,803
126	0,833
127	0,781
128	0,728
129	0,542
130	0,339
131	0,599
132	0,599
133	0,352
134	0,493
135	0,371
136	0,168
137	0,391
138	0,566
139	0,647
140	0,472
141	0,312
142	0,398
143	0,568
144	0,582
145	0,683
146	0,499
147	0,499
148	0,372
149	0,547
150	0,654
151	0,850
152	0,666
153	0,837
154	0,909
155	0,909
156	0,749
157	1,060
158	1,007
159	1,069
160	1,087
161	1,243
162	1,058
163	0,951
164	1,017
165	1,188
166	1,069
167	0,862
168	0,862
169	0,708
170	0,424
171	0,581
172	0,661
173	0,780
174	0,717
175	0,887
176	0,992
177	0,822
178	0,988
179	1,114
180	1,050
181	0,884
182	0,576
183	0,576
184	0,524
185	0,679
186	0,538
187	0,267
188	0,359
189	0,441
190	0,607
191	0,751
192	0,750
193	0,740
194	0,484
195	0,597
196	0,918
197	0,699
198	0,646
199	0,766
200	0,731
201	0,630
202	0,640
203	0,721
204	0,721
205	0,670
206	0,971
207	0,836
208	0,742
209	0,671
210	0,837
211	0,652
212	0,638
213	0,652
214	0,590
215	0,436
216	0,542
217	0,431
218	0,431
219	0,367
220	0,328
221	0,517
222	0,531
223	0,409
224	0,510
225	0,379
226	0,572
227	0,672
228	0,470
229	0,744
230	0,570
231	0,431
232	0,446
233	0,310
234	0,506
235	0,346
236	0,488
237	0,691
238	0,437
239	0,422
240	0,422
241	0,530
242	0,667
243	0,496
244	0,667
245	0,524
246	0,559
247	0,598
248	0,787
249	0,977
250	0,976
251	1,038
252	1,052
253	1,102
254	0,963
255	0,821
256	0,976
257	0,986
258	0,940
259	0,733
260	0,734
261	0,608
262	0,372
263	0,618
264	0,477
265	0,283
266	0,283
267	0,263
268	0,470
269	0,407
270	0,433
271	0,608
272	0,608
273	0,856
274	0,997
275	0,832
276	0,793
277	0,572
278	0,464
279	0,479
280	0,290
281	0,261
282	0,101
283	0,136
284	0,097
285	0,310
286	0,567
287	0,471
288	0,538
289	0,467
290	0,356
291	0,579
292	0,514
293	0,708
294	0,599
295	0,617
296	0,790
297	0,966
298	1,051
299	1,256
300	1,257
301	1,064
302	1,047
303	0,854
304	0,666
305	0,449
306	0,192
307	0,258
308	-0,009
309	-0,276
310	-0,257
311	-0,494
312	-0,494
313	-0,323
314	-0,284
315	-0,028
316	0,028
317	0,266
318	0,582
319	0,539
320	0,640
321	0,667
322	0,429
323	0,529
324	0,494
325	0,559
326	0,524
327	0,410
328	0,534
329	0,476
330	0,698
331	0,698
332	0,868
333	0,619
334	0,394
335	0,253
336	0,132
337	0,008
338	0,203
339	0,266
340	0,468
341	0,159
342	0,471
343	0,746
344	0,950
345	0,911
346	0,950
347	1,029
348	1,030
349	0,890
350	1,189
351	1,124
352	1,046
353	0,779
354	0,832
355	0,899
356	0,786
357	0,600
358	0,600
359	0,547
360	0,491
361	0,520
362	0,474
363	0,360
364	0,553
365	0,523
366	0,680
367	0,764
368	0,629
369	0,482
370	0,482
371	0,623
372	0,642
373	0,642
374	0,724
375	0,443
376	0,563
377	0,763
378	0,966
379	0,780
380	0,751
381	0,953
382	1,014
383	1,076
384	1,214
385	1,150
386	0,864
387	0,658
388	0,672
389	0,843
390	0,908
391	0,738
392	0,376
393	0,237
394	0,208
395	0,429
396	0,529
397	0,750
398	0,493
399	0,543
400	0,351
401	0,570
402	0,817
403	0,790
404	0,669
405	0,829
406	0,613
407	0,733
408	0,619
409	0,931
410	0,859
411	0,651
412	0,760
413	0,741
414	0,659
415	0,813
416	0,859
417	0,973
418	0,663
419	0,829
420	0,833
421	0,659
422	0,639
423	0,532
424	0,258
425	0,068
426	-0,102
427	0,208
428	0,208
429	0,203
430	0,389
431	0,520
432	0,410
433	0,524
434	0,524
435	0,334
436	0,110
437	-0,094
438	0,083
439	-0,227
440	-0,227
441	-0,229
442	-0,059
443	0,251
444	0,376
445	0,507
446	0,591
447	0,519
448	0,879
449	0,706
450	0,813
451	0,610
452	0,424
453	0,581
454	0,470
455	0,386
456	0,241
457	0,191
458	0,508
459	0,683
460	0,888
461	1,072
462	0,901
463	0,839
464	0,758
465	0,758
466	0,638
467	0,422
468	0,331
469	0,046
470	-0,018
471	-0,042
472	0,039
473	0,374
474	0,734
475	0,689
476	0,791
477	0,640
478	0,740
479	0,741
480	0,794
481	0,694
