	aa hydrophobes	aa charges (%)	charge net	E	T	Y	N	K	P	L	C	G	F	S	R	A	Q	V	W	I	M	H	D
 sequence entiere	298	18,814	-97,0	28	27	24	21	25	19	27	21	28	28	23	21	16	27	30	21	31	25	29	18
 
 
Fenetres	hydrophobicite moyenne
1	0,257
2	0,328
3	0,498
4	0,387
5	0,341
6	0,640
7	0,560
8	0,666
9	0,410
10	0,410
11	0,386
12	0,221
13	0,260
14	0,301
15	0,141
16	0,117
17	0,218
18	0,218
19	0,236
20	0,193
21	0,330
22	0,402
23	0,723
24	0,894
25	1,054
26	0,919
27	0,986
28	0,933
29	1,189
30	0,906
31	0,799
32	0,720
33	0,549
34	0,442
35	0,578
36	0,828
37	0,720
38	0,781
39	1,093
40	1,108
41	0,851
42	0,712
43	0,598
44	0,662
45	0,612
46	0,583
47	0,348
48	0,337
49	0,318
50	0,293
51	0,603
52	0,579
53	0,293
54	0,089
55	0,022
56	0,197
57	-0,017
58	0,124
59	0,314
60	0,114
61	0,153
62	0,168
63	0,372
64	0,638
65	0,478
66	0,702
67	0,541
68	0,597
69	0,611
70	0,658
71	0,866
72	0,694
73	0,746
74	0,823
75	0,511
76	0,724
77	0,618
78	0,603
79	0,828
80	0,667
81	0,827
82	0,591
83	0,372
84	0,683
85	0,423
86	0,566
87	0,816
88	0,644
89	0,598
90	0,516
91	0,637
92	0,884
93	0,822
94	0,893
95	0,610
96	0,549
97	0,534
98	0,606
99	0,528
100	0,592
101	0,347
102	0,186
103	0,114
104	0,362
105	0,173
106	0,134
107	0,024
108	0,194
109	0,130
110	0,377
111	0,601
112	0,601
113	0,601
114	0,772
115	0,826
116	0,931
117	0,732
118	0,847
119	0,643
120	0,632
121	0,732
122	0,703
123	0,466
124	0,543
125	0,747
126	0,742
127	0,380
128	0,442
129	0,333
130	0,233
131	0,316
132	0,489
133	0,518
134	0,518
135	0,537
136	0,649
137	0,629
138	0,583
139	0,683
140	0,666
141	0,758
142	0,622
143	0,594
144	0,660
145	0,660
146	0,934
147	0,876
148	1,018
149	0,983
150	1,034
151	0,949
152	0,858
153	0,778
154	1,028
155	0,807
156	1,002
157	0,967
158	1,030
159	0,887
160	1,108
161	1,062
162	1,261
163	0,901
164	0,801
165	0,880
166	0,994
167	0,770
168	0,553
169	0,332
170	0,378
171	0,316
172	0,460
173	0,421
174	0,278
175	-0,082
176	0,113
177	0,138
178	0,199
179	0,254
180	0,032
181	-0,007
182	0,099
183	-0,079
184	-0,079
185	-0,051
186	0,010
187	0,063
188	0,178
189	0,343
190	0,277
191	0,452
192	0,457
193	0,756
194	0,757
195	0,888
196	0,939
197	0,618
198	0,552
199	0,599
200	0,428
201	0,523
202	0,470
203	0,160
204	0,068
205	-0,122
206	-0,037
207	-0,051
208	0,008
209	0,022
210	-0,073
211	-0,180
212	-0,041
213	-0,027
214	0,283
215	0,469
216	0,669
217	0,549
218	0,468
219	0,530
220	0,608
221	0,659
222	0,829
223	0,658
224	0,594
225	0,429
226	0,490
227	0,807
228	0,826
229	0,918
230	1,038
231	0,974
232	0,921
233	0,973
234	0,973
235	0,931
236	0,817
237	0,802
238	0,532
239	0,412
240	0,164
241	0,324
242	0,216
243	0,318
244	0,520
245	0,491
246	0,420
247	0,691
248	0,526
249	0,571
250	0,323
251	0,239
252	0,209
253	0,323
254	0,388
255	0,347
256	0,346
257	0,321
258	0,468
259	0,716
260	0,920
261	0,809
262	0,758
263	0,621
264	0,869
265	0,870
266	1,116
267	1,070
268	1,184
269	0,899
270	0,903
271	0,619
272	0,834
273	0,836
274	0,550
275	0,586
276	0,801
277	0,439
278	0,524
279	0,414
280	0,476
281	0,424
282	0,459
283	0,478
284	0,240
285	0,097
286	0,289
287	0,264
288	0,262
289	0,282
290	0,112
291	0,078
292	0,251
293	0,332
294	0,226
295	0,033
296	-0,013
297	0,288
298	0,372
299	0,480
300	0,272
301	0,141
302	0,233
303	0,209
304	0,401
305	0,406
306	0,231
307	0,166
308	0,058
309	0,318
310	0,371
311	0,463
312	0,502
313	0,622
314	0,703
315	0,888
316	1,062
317	1,222
318	1,029
319	1,189
320	0,966
321	1,140
322	1,077
323	0,991
324	0,929
325	0,754
326	0,702
327	0,843
328	0,689
329	0,793
330	0,494
331	0,372
332	0,419
333	0,278
334	0,151
335	0,150
336	0,263
337	0,479
338	0,534
339	0,844
340	1,030
341	0,983
342	1,188
343	1,314
344	1,112
345	0,838
346	0,583
347	0,362
348	0,298
349	0,298
350	0,259
351	-0,051
352	0,106
353	0,060
354	0,283
355	0,459
356	0,473
357	0,226
358	0,214
359	0,461
360	0,770
361	0,798
362	0,800
363	0,630
364	0,373
365	0,616
366	0,723
367	0,670
368	0,670
369	0,359
370	0,048
371	0,192
372	0,362
373	0,584
374	0,663
375	0,748
376	0,783
377	0,580
378	0,828
379	0,936
380	0,916
381	0,917
382	0,969
383	0,633
384	0,568
385	0,411
386	0,677
387	0,431
388	0,369
389	0,491
390	0,326
391	0,336
392	0,354
393	0,230
394	0,144
395	0,117
396	0,202
397	0,469
398	0,308
399	0,472
400	0,161
401	0,118
402	0,142
403	0,248
404	-0,009
405	0,011
406	-0,052
407	0,161
408	-0,009
409	0,099
410	0,204
411	0,490
412	0,627
413	0,912
414	0,917
415	0,917
416	0,728
417	0,694
418	0,806
419	0,947
420	0,747
421	0,774
422	0,503
423	0,692
424	0,691
425	0,706
426	0,686
427	0,593
428	0,386
429	0,574
430	0,574
431	0,574
432	0,574
433	0,368
434	0,542
435	0,454
436	0,330
437	0,601
438	0,611
439	0,662
440	0,840
441	0,651
442	0,651
443	0,391
444	0,703
445	1,012
446	1,001
447	0,909
448	0,766
449	0,547
450	0,480
451	0,658
452	0,836
453	0,664
454	0,480
455	0,427
456	0,316
457	0,209
458	0,254
459	0,521
460	0,304
461	0,193
462	0,193
463	0,314
464	0,193
465	0,232
466	0,122
467	0,269
468	0,069
469	0,154
470	0,296
471	0,403
472	0,156
473	0,277
474	0,257
475	0,281
476	0,400
477	0,507
478	0,611
479	0,489
480	0,459
481	0,586
