	aa hydrophobes	aa charges (%)	charge net	G	R	N	E	V	L	T	W	A	Q	F	I	D	P	C	S	M	K	Y	H
 sequence entiere	277	21,472	-106,89999999999999	32	31	25	22	28	52	33	9	42	25	14	32	35	21	11	25	11	17	14	10
 
 
Fenetres	hydrophobicite moyenne
1	0,292
2	0,321
3	0,569
4	0,704
5	0,960
6	0,919
7	0,972
8	1,033
9	0,879
10	0,879
11	0,826
12	0,889
13	0,753
14	0,599
15	0,640
16	0,451
17	0,401
18	0,281
19	0,167
20	0,271
21	0,272
22	0,248
23	0,213
24	0,313
25	0,348
26	0,062
27	0,077
28	0,096
29	0,016
30	-0,104
31	0,109
32	0,189
33	0,331
34	0,211
35	0,377
36	0,443
37	0,590
38	0,624
39	0,544
40	0,390
41	0,447
42	0,411
43	0,632
44	0,486
45	0,519
46	0,329
47	0,290
48	0,426
49	0,580
50	0,419
51	0,217
52	0,116
53	0,182
54	0,087
55	0,084
56	0,003
57	-0,203
58	-0,363
59	-0,410
60	-0,453
61	-0,408
62	-0,301
63	-0,259
64	-0,171
65	-0,071
66	-0,067
67	-0,100
68	-0,114
69	0,196
70	0,116
71	0,038
72	0,038
73	0,262
74	0,448
75	0,549
76	0,752
77	0,813
78	0,784
79	0,973
80	1,133
81	1,087
82	0,774
83	0,774
84	0,740
85	0,730
86	0,943
87	0,971
88	0,981
89	0,992
90	0,997
91	1,309
92	1,280
93	1,280
94	1,280
95	0,981
96	1,032
97	0,829
98	0,519
99	0,581
100	0,570
101	0,287
102	0,216
103	0,056
104	0,194
105	0,024
106	0,058
107	0,082
108	0,276
109	0,101
110	0,101
111	0,279
112	0,279
113	0,138
114	0,058
115	-0,083
116	-0,083
117	-0,137
118	-0,071
119	0,076
120	-0,102
121	-0,131
122	0,117
123	0,131
124	0,219
125	0,238
126	0,031
127	-0,020
128	0,117
129	0,387
130	0,576
131	0,373
132	0,288
133	0,288
134	0,330
135	0,291
136	0,461
137	0,286
138	0,287
139	0,204
140	0,271
141	0,478
142	0,436
143	0,649
144	0,959
145	0,774
146	0,779
147	0,716
148	0,643
149	0,531
150	0,329
151	0,430
152	0,491
153	0,291
154	0,466
155	0,380
156	0,379
157	0,373
158	0,373
159	0,474
160	0,474
161	0,112
162	0,000
163	-0,154
164	0,120
165	0,019
166	-0,096
167	-0,096
168	0,059
169	0,213
170	0,340
171	0,702
172	0,663
173	0,389
174	0,242
175	0,218
176	0,218
177	0,004
178	0,016
179	-0,070
180	-0,432
181	-0,399
182	-0,279
183	-0,277
184	-0,060
185	0,252
186	0,191
187	-0,013
188	-0,013
189	0,133
190	0,139
191	0,276
192	0,574
193	0,463
194	0,513
195	0,734
196	0,846
197	0,912
198	0,853
199	0,833
200	0,552
201	0,443
202	0,583
203	0,362
204	0,117
205	0,090
206	0,129
207	0,153
208	0,072
209	0,111
210	0,066
211	-0,036
212	-0,050
213	0,094
214	0,010
215	0,164
216	0,098
217	0,271
218	0,338
219	0,503
220	0,402
221	0,321
222	0,287
223	0,291
224	0,137
225	0,232
226	0,059
227	0,098
228	-0,188
229	0,129
230	0,196
231	0,384
232	0,313
233	0,414
234	0,300
235	0,503
236	0,658
237	0,932
238	0,819
239	0,733
240	0,651
241	0,757
242	0,821
243	1,078
244	0,941
245	0,640
246	0,339
247	0,090
248	0,171
249	-0,007
250	-0,007
251	-0,100
252	-0,100
253	-0,020
254	0,026
255	0,052
256	0,363
257	0,402
258	0,673
259	0,653
260	0,736
261	0,564
262	0,591
263	0,633
264	0,799
265	0,600
266	0,701
267	0,391
268	0,457
269	0,268
270	0,156
271	0,044
272	0,044
273	0,153
274	0,353
275	0,147
276	0,393
277	0,513
278	0,428
279	0,454
280	0,488
281	0,508
282	0,456
283	0,170
284	0,348
285	0,226
286	0,214
287	0,214
288	0,214
289	0,076
290	0,269
291	0,332
292	0,413
293	0,336
294	0,211
295	0,158
296	0,239
297	0,359
298	0,503
299	0,564
300	0,553
301	0,558
302	0,718
303	0,857
304	0,801
305	1,006
306	1,000
307	0,941
308	0,827
309	0,827
310	0,717
311	0,717
312	0,794
313	0,743
314	0,543
315	0,714
316	0,739
317	0,599
318	0,609
319	0,633
320	0,440
321	0,469
322	0,520
323	0,453
324	0,168
325	0,339
326	0,532
327	0,368
328	0,488
329	0,488
330	0,432
331	0,541
332	0,637
333	0,718
334	0,434
335	0,434
336	0,600
337	0,702
338	0,621
339	0,474
340	0,474
341	0,333
342	0,226
343	0,509
344	0,354
345	0,343
346	0,343
347	0,463
348	0,418
349	0,117
350	0,263
351	0,511
352	0,269
353	0,149
354	-0,111
355	-0,314
356	-0,434
357	-0,288
358	-0,247
359	-0,252
360	-0,412
361	-0,142
362	0,023
363	0,293
364	0,356
365	0,548
366	0,702
367	0,802
368	0,688
369	0,747
370	0,523
371	0,632
372	0,633
373	0,838
374	0,930
375	0,629
376	0,771
377	0,963
378	0,958
379	1,011
380	0,902
381	0,636
382	0,542
383	0,258
384	0,384
385	0,147
386	0,074
387	0,021
388	0,192
389	0,112
390	0,112
391	0,040
392	0,040
393	0,214
394	0,277
395	0,442
396	0,354
397	0,044
398	0,244
399	0,199
400	0,054
401	0,069
402	-0,091
403	0,049
404	-0,016
405	0,347
406	0,457
407	0,171
408	0,472
409	0,582
410	0,541
411	0,712
412	0,491
413	0,544
414	0,494
415	0,683
416	0,904
417	0,851
418	0,766
419	1,013
420	0,789
421	0,903
422	0,743
423	0,578
424	0,423
425	0,477
426	0,231
427	0,397
428	0,290
429	0,310
430	0,281
431	0,388
432	0,329
433	0,329
434	0,329
435	0,327
436	0,222
437	0,330
438	0,523
439	0,712
440	0,748
441	0,909
442	1,063
443	0,803
444	0,849
445	1,073
446	0,912
447	0,752
448	0,592
449	0,557
450	0,334
451	0,226
452	0,272
453	0,268
454	0,203
455	0,203
456	0,089
457	-0,052
458	0,012
459	-0,012
460	0,107
461	0,320
462	0,367
463	0,431
464	0,654
465	0,876
466	1,017
467	0,851
468	1,150
469	1,031
470	1,031
471	1,191
472	1,241
473	1,077
474	0,874
475	1,046
476	1,011
477	1,021
478	0,856
479	0,803
480	0,663
481	0,602
