	aa hydrophobes	aa charges (%)	charge net	W	L	M	T	Q	D	N	S	H	G	R	F	V	K	E	I	A	C	P	Y
 sequence entiere	281	19,018	-90,90000000000002	25	23	23	19	25	17	28	33	18	29	24	18	34	27	25	20	17	39	21	24
 
 
Fenetres	hydrophobicite moyenne
1	0,653
2	0,337
3	0,123
4	-0,018
5	-0,032
6	0,007
7	0,031
8	0,117
9	0,056
10	0,010
11	0,327
12	0,366
13	0,399
14	0,583
15	0,704
16	0,893
17	1,029
18	0,730
19	0,757
20	0,397
21	0,311
22	0,258
23	0,259
24	0,323
25	0,169
26	0,062
27	0,101
28	0,322
29	0,467
30	0,471
31	0,496
32	0,484
33	0,456
34	0,450
35	0,620
36	0,726
37	0,670
38	0,771
39	1,009
40	1,009
41	0,820
42	0,786
43	0,752
44	0,660
45	0,654
46	0,589
47	0,652
48	0,652
49	0,581
50	0,557
51	0,609
52	0,784
53	0,566
54	0,427
55	0,300
56	0,300
57	0,062
58	0,304
59	0,304
60	0,316
61	0,251
62	0,297
63	0,382
64	0,490
65	0,462
66	0,504
67	0,522
68	0,683
69	0,620
70	0,442
71	0,646
72	0,560
73	0,736
74	0,579
75	0,774
76	0,581
77	0,373
78	0,487
79	0,638
80	0,501
81	0,526
82	0,283
83	0,183
84	-0,054
85	0,086
86	0,292
87	0,057
88	-0,009
89	0,026
90	0,248
91	0,508
92	0,608
93	0,873
94	0,772
95	0,570
96	0,446
97	0,466
98	0,567
99	0,537
100	0,348
101	0,522
102	0,211
103	0,177
104	0,172
105	0,317
106	0,418
107	0,170
108	-0,049
109	0,151
110	-0,104
111	-0,104
112	0,146
113	0,104
114	0,003
115	-0,052
116	-0,050
117	0,199
118	0,170
119	0,317
120	0,358
121	0,142
122	0,250
123	0,517
124	0,572
125	0,882
126	0,760
127	0,479
128	0,649
129	0,610
130	0,576
131	0,494
132	0,323
133	0,102
134	-0,102
135	-0,227
136	0,133
137	-0,188
138	-0,144
139	-0,149
140	-0,130
141	-0,271
142	-0,296
143	-0,184
144	0,062
145	-0,017
146	0,191
147	0,258
148	0,512
149	0,686
150	0,933
151	1,019
152	1,112
153	0,976
154	0,941
155	0,976
156	0,863
157	0,813
158	0,640
159	0,500
160	0,412
161	0,462
162	0,662
163	0,714
164	0,539
165	0,539
166	0,446
167	0,402
168	0,407
169	0,656
170	0,406
171	0,394
172	0,220
173	0,396
174	0,644
175	0,471
176	0,770
177	0,941
178	0,976
179	1,112
180	1,060
181	1,244
182	1,069
183	1,182
184	1,178
185	0,964
186	0,808
187	0,836
188	0,834
189	0,673
190	0,509
191	0,649
192	0,374
193	0,646
194	0,646
195	0,767
196	0,458
197	0,251
198	0,190
199	0,406
200	0,304
201	0,579
202	0,550
203	0,824
204	0,718
205	0,857
206	1,034
207	1,010
208	0,960
209	1,062
210	0,788
211	0,531
212	0,388
213	0,439
214	0,439
215	0,308
216	0,553
217	0,553
218	0,412
219	0,637
220	0,610
221	0,432
222	0,352
223	0,213
224	0,374
225	0,268
226	-0,018
227	-0,013
228	-0,179
229	-0,177
230	-0,106
231	0,030
232	0,247
233	0,039
234	0,090
235	0,063
236	0,063
237	0,024
238	0,149
239	0,078
240	0,078
241	-0,053
242	0,124
243	0,020
244	0,303
245	0,474
246	0,729
247	0,913
248	1,019
249	0,898
250	1,093
251	1,186
252	1,410
253	1,234
254	1,199
255	0,924
256	0,701
257	0,866
258	0,931
259	0,949
260	0,679
261	0,650
262	0,569
263	0,468
264	0,681
265	0,706
266	0,421
267	0,448
268	0,339
269	0,410
270	0,376
271	0,568
272	0,704
273	0,406
274	0,594
275	0,817
276	0,846
277	0,872
278	0,887
279	0,746
280	0,810
281	0,719
282	0,762
283	0,463
284	0,516
285	0,551
286	0,373
287	0,334
288	0,227
289	-0,016
290	-0,100
291	-0,104
292	0,006
293	-0,254
294	-0,492
295	-0,421
296	-0,463
297	-0,356
298	-0,270
299	-0,016
300	0,227
301	0,427
302	0,386
303	0,428
304	0,678
305	0,916
306	1,109
307	1,090
308	0,836
309	0,800
310	0,488
311	0,850
312	0,903
313	0,824
314	0,824
315	0,636
316	0,720
317	0,804
318	0,840
319	1,032
320	0,971
321	1,141
322	1,077
323	0,906
324	0,820
325	0,774
326	0,801
327	0,737
328	0,652
329	0,599
330	0,400
331	0,222
332	0,393
333	0,369
334	0,471
335	0,379
336	0,408
337	0,662
338	0,777
339	0,976
340	1,183
341	1,027
342	1,070
343	1,104
344	1,226
345	1,197
346	1,118
347	0,868
348	0,583
349	0,380
350	0,616
351	0,572
352	0,572
353	0,327
354	0,153
355	0,118
356	0,253
357	0,334
358	0,508
359	0,146
360	0,146
361	0,173
362	0,419
363	0,419
364	0,198
365	-0,023
366	-0,023
367	-0,116
368	-0,089
369	0,017
370	-0,292
371	-0,348
372	-0,252
373	0,083
374	0,144
375	0,144
376	0,330
377	0,444
378	0,444
379	0,469
380	0,578
381	0,799
382	0,544
383	0,740
384	0,740
385	0,536
386	0,757
387	0,950
388	0,923
389	0,814
390	0,763
391	0,967
392	0,824
393	1,079
394	1,283
395	1,204
396	0,903
397	0,944
398	1,000
399	1,001
400	0,882
401	0,829
402	0,714
403	0,686
404	0,594
405	0,813
406	0,880
407	0,634
408	0,514
409	0,463
410	0,687
411	0,551
412	0,313
413	0,233
414	0,102
415	-0,003
416	0,278
417	0,333
418	0,194
419	-0,009
420	0,180
421	0,176
422	0,312
423	0,443
424	0,588
425	0,617
426	0,561
427	0,921
428	1,097
429	0,988
430	0,947
431	0,947
432	1,040
433	1,141
434	0,874
435	0,770
436	0,453
437	0,278
438	0,304
439	0,451
440	0,243
441	-0,023
442	-0,163
443	-0,068
444	0,156
445	0,358
446	0,252
447	0,281
448	0,176
449	0,180
450	0,180
451	0,356
452	0,462
453	0,370
454	0,423
455	0,421
456	0,421
457	0,681
458	0,743
459	0,743
460	0,601
461	0,664
462	0,587
463	0,286
464	0,504
465	0,369
466	0,068
467	-0,038
468	0,218
469	0,324
470	0,160
471	0,131
472	0,414
473	0,444
474	0,378
475	0,519
476	0,800
477	0,607
478	0,400
479	0,446
480	0,526
481	0,461
