	aa hydrophobes	aa charges (%)	charge net	A	T	R	V	N	I	M	L	K	C	G	Q	P	F	D	E	Y	S	H	W
 sequence entiere	277	21,472	-106,9	42	33	31	28	25	32	11	52	17	11	32	25	21	14	35	22	14	25	10	9
 
 
Fenetres	hydrophobicite moyenne
1	0,177
2	0,177
3	0,182
4	0,431
5	0,477
6	0,530
7	0,684
8	0,684
9	0,374
10	0,476
11	0,612
12	0,578
13	0,417
14	0,518
15	0,518
16	0,466
17	0,567
18	0,866
19	0,810
20	0,529
21	0,728
22	0,686
23	0,787
24	0,512
25	0,511
26	0,612
27	0,452
28	0,348
29	0,487
30	0,176
31	0,431
32	0,186
33	0,300
34	0,098
35	-0,150
36	-0,150
37	-0,238
38	-0,131
39	-0,090
40	-0,090
41	0,100
42	0,260
43	0,217
44	0,436
45	0,382
46	0,523
47	0,321
48	0,563
49	0,563
50	0,371
51	0,097
52	0,241
53	0,163
54	0,102
55	-0,012
56	-0,058
57	-0,194
58	-0,388
59	-0,247
60	-0,127
61	-0,273
62	-0,302
63	-0,018
64	0,148
65	0,193
66	0,188
67	0,329
68	0,489
69	0,469
70	0,831
71	1,031
72	0,747
73	0,802
74	0,869
75	0,874
76	0,927
77	0,938
78	0,811
79	0,668
80	0,382
81	0,468
82	0,361
83	0,337
84	0,236
85	-0,020
86	-0,224
87	0,077
88	-0,097
89	0,178
90	0,111
91	-0,028
92	-0,003
93	0,252
94	0,454
95	0,648
96	0,658
97	0,700
98	0,511
99	0,573
100	0,598
101	0,527
102	0,537
103	0,508
104	0,454
105	0,456
106	0,394
107	0,390
108	0,429
109	0,490
110	0,490
111	0,326
112	0,133
113	-0,007
114	-0,036
115	0,046
116	0,130
117	-0,017
118	0,114
119	0,214
120	0,380
121	0,380
122	0,573
123	0,431
124	0,624
125	0,434
126	0,653
127	0,747
128	0,713
129	0,403
130	0,484
131	0,376
132	0,453
133	0,264
134	0,264
135	0,408
136	0,408
137	0,441
138	0,527
139	0,720
140	0,811
141	0,704
142	0,733
143	0,923
144	0,862
145	0,596
146	0,596
147	0,596
148	0,321
149	0,184
150	0,199
151	0,359
152	0,212
153	0,222
154	0,177
155	0,348
156	0,479
157	0,560
158	0,714
159	0,696
160	0,541
161	0,797
162	0,627
163	0,819
164	0,648
165	0,730
166	0,934
167	0,746
168	0,784
169	0,779
170	0,586
171	0,486
172	0,406
173	0,411
174	0,411
175	0,140
176	0,028
177	-0,092
178	0,079
179	0,272
180	0,542
181	0,577
182	0,538
183	0,383
184	0,388
185	0,637
186	0,718
187	0,451
188	0,291
189	0,292
190	0,146
191	0,286
192	0,286
193	0,432
194	0,186
195	0,219
196	0,300
197	0,521
198	0,321
199	0,570
200	0,634
201	0,789
202	0,846
203	1,144
204	1,251
205	1,271
206	1,056
207	1,090
208	0,968
209	0,957
210	0,903
211	0,847
212	0,847
213	0,900
214	0,799
215	0,764
216	0,659
217	0,673
218	0,683
219	0,477
220	0,392
221	0,091
222	-0,208
223	-0,166
224	0,034
225	-0,007
226	0,100
227	-0,209
228	-0,103
229	-0,103
230	-0,077
231	-0,079
232	-0,079
233	-0,346
234	-0,204
235	-0,426
236	-0,316
237	-0,354
238	-0,436
239	-0,150
240	0,098
241	0,321
242	0,276
243	0,134
244	0,108
245	0,297
246	0,297
247	0,582
248	0,311
249	0,104
250	-0,094
251	0,032
252	0,159
253	0,186
254	0,186
255	0,390
256	0,297
257	0,363
258	0,570
259	0,499
260	0,418
261	0,510
262	0,784
263	0,571
264	0,451
265	0,373
266	0,373
267	0,373
268	0,473
269	0,740
270	0,668
271	0,678
272	0,809
273	0,658
274	0,879
275	0,798
276	0,591
277	0,597
278	0,431
279	0,287
280	0,277
281	0,306
282	0,457
283	0,121
284	0,342
285	0,342
286	0,283
287	0,182
288	0,492
289	0,492
290	0,386
291	0,441
292	0,441
293	0,477
294	0,582
295	0,687
296	0,942
297	0,771
298	0,771
299	0,671
300	0,724
301	0,999
302	0,742
303	0,708
304	0,642
305	0,449
306	0,609
307	0,619
308	0,889
309	0,614
310	0,597
311	0,572
312	0,462
313	0,423
314	0,428
315	0,439
316	0,377
317	0,178
318	0,343
319	0,172
320	0,211
321	0,457
322	0,481
323	0,369
324	0,098
325	-0,010
326	0,190
327	-0,002
328	-0,007
329	0,099
330	-0,061
331	-0,027
332	0,061
333	0,020
334	-0,080
335	-0,366
336	-0,219
337	-0,300
338	-0,084
339	-0,172
340	-0,273
341	-0,273
342	-0,247
343	0,074
344	0,074
345	-0,070
346	0,216
347	-0,006
348	0,242
349	0,309
350	0,262
351	0,428
352	0,178
353	0,292
354	0,591
355	0,580
356	0,527
357	0,591
358	0,671
359	0,931
360	0,987
361	0,874
362	0,846
363	0,691
364	0,431
365	0,370
366	0,341
367	0,237
368	0,048
369	0,112
370	0,224
371	0,304
372	0,246
373	0,506
374	0,479
375	0,196
376	0,470
377	0,659
378	0,459
379	0,709
380	0,829
381	0,868
382	0,567
383	0,786
384	0,932
385	0,762
386	0,710
387	0,643
388	0,593
389	0,582
390	0,602
391	0,629
392	0,410
393	0,351
394	0,407
395	0,377
396	0,377
397	0,312
398	0,119
399	0,256
400	0,541
401	0,853
402	0,853
403	0,798
404	0,706
405	0,687
406	0,551
407	0,756
408	0,720
409	0,520
410	0,456
411	0,669
412	0,778
413	0,692
414	0,773
415	0,773
416	0,608
417	0,609
418	0,780
419	0,673
420	0,734
421	0,744
422	1,014
423	1,048
424	1,237
425	1,402
426	1,261
427	1,227
428	1,304
429	1,254
430	0,970
431	0,908
432	1,068
433	0,959
434	0,788
435	0,792
436	0,690
437	0,618
438	0,452
439	0,471
440	0,249
441	0,094
442	0,049
443	0,020
444	-0,066
445	-0,186
446	-0,031
447	-0,031
448	0,224
449	0,510
450	0,510
451	0,451
452	0,380
453	0,546
454	0,646
455	0,452
456	0,332
457	0,119
458	-0,193
459	-0,294
460	-0,134
461	-0,173
462	-0,173
463	-0,052
464	0,151
465	0,212
466	0,237
467	0,520
468	0,520
469	0,299
470	0,516
471	0,607
472	0,500
473	0,490
474	0,714
475	0,714
476	0,431
477	0,412
478	0,473
479	0,254
480	0,012
481	-0,127
