	aa hydrophobes	aa charges (%)	charge net	G	A	D	Q	I	P	M	E	T	N	K	R	H	Y	L	F	C	V	W	S
 sequence entiere	290	22,290	-92,20000000000003	24	29	32	22	24	19	27	20	30	22	20	37	25	25	29	26	19	17	20	22
 
 
Fenetres	hydrophobicite moyenne
1	0,270
2	0,304
3	0,299
4	0,464
5	0,518
6	0,251
7	0,206
8	0,240
9	0,183
10	0,169
11	0,024
12	-0,117
13	0,003
14	-0,011
15	0,162
16	0,317
17	0,311
18	0,368
19	0,387
20	0,577
21	0,888
22	0,888
23	0,980
24	1,010
25	0,821
26	0,992
27	0,743
28	1,009
29	1,100
30	0,834
31	0,649
32	0,577
33	0,629
34	0,517
35	0,204
36	0,453
37	0,289
38	0,318
39	0,318
40	0,439
41	0,593
42	0,333
43	0,360
44	0,661
45	0,412
46	0,628
47	0,627
48	0,622
49	0,374
50	0,114
51	0,386
52	0,671
53	0,682
54	0,809
55	0,694
56	0,386
57	0,432
58	0,459
59	0,559
60	0,334
61	0,049
62	-0,044
63	-0,059
64	-0,059
65	0,027
66	0,086
67	0,360
68	0,246
69	0,304
70	0,319
71	0,349
72	0,549
73	0,389
74	0,493
75	0,349
76	0,160
77	0,160
78	0,059
79	0,018
80	-0,104
81	-0,329
82	-0,116
83	-0,220
84	-0,220
85	-0,021
86	-0,007
87	0,231
88	0,231
89	0,353
90	0,378
91	0,218
92	0,238
93	0,238
94	0,238
95	0,498
96	0,462
97	0,464
98	0,357
99	0,492
100	0,459
101	0,713
102	1,012
103	0,747
104	0,592
105	0,386
106	0,632
107	0,638
108	0,673
109	0,849
110	0,770
111	0,780
112	0,776
113	0,756
114	0,861
115	0,658
116	0,759
117	0,788
118	0,504
119	0,362
120	0,243
121	0,486
122	0,660
123	0,660
124	0,641
125	0,677
126	0,613
127	0,640
128	0,540
129	0,649
130	0,649
131	0,649
132	0,721
133	0,841
134	0,841
135	0,592
136	0,707
137	0,778
138	0,603
139	0,432
140	0,219
141	0,301
142	0,200
143	0,200
144	0,312
145	0,483
146	0,672
147	0,572
148	0,487
149	0,444
150	0,251
151	0,347
152	0,374
153	0,511
154	0,199
155	0,209
156	0,544
157	0,819
158	1,022
159	1,056
160	1,041
161	0,877
162	0,939
163	1,251
164	1,159
165	1,109
166	0,920
167	0,972
168	0,939
169	1,061
170	1,227
171	0,916
172	0,603
173	0,668
174	0,668
175	0,556
176	0,342
177	0,427
178	0,180
179	0,230
180	0,257
181	0,364
182	0,193
183	0,028
184	0,311
185	0,416
186	0,536
187	0,726
188	0,390
189	0,582
190	0,601
191	0,597
192	0,699
193	0,778
194	0,897
195	0,886
196	1,056
197	1,070
198	0,853
199	0,772
200	0,791
201	0,669
202	0,499
203	0,500
204	0,510
205	0,193
206	0,514
207	0,512
208	0,593
209	0,493
210	0,616
211	0,564
212	0,500
213	0,189
214	0,456
215	0,206
216	0,232
217	0,147
218	0,120
219	-0,021
220	-0,162
221	-0,410
222	-0,269
223	-0,434
224	-0,246
225	-0,080
226	0,128
227	0,169
228	0,107
229	0,354
230	0,396
231	0,566
232	0,638
233	0,638
234	0,533
235	0,397
236	0,443
237	0,590
238	0,704
239	0,771
240	0,652
241	0,560
242	0,571
243	0,591
244	0,591
245	0,591
246	0,618
247	0,568
248	0,601
249	0,454
250	0,474
251	0,189
252	0,443
253	0,439
254	0,600
255	0,493
256	0,400
257	0,259
258	0,360
259	0,321
260	0,487
261	0,343
262	0,277
263	0,311
264	0,500
265	0,322
266	0,430
267	0,424
268	0,404
269	0,461
270	0,554
271	0,516
272	0,320
273	0,381
274	0,386
275	0,323
276	0,329
277	0,382
278	0,160
279	-0,064
280	-0,040
281	-0,128
282	-0,343
283	-0,141
284	0,124
285	0,019
286	0,019
287	0,119
288	0,143
289	0,143
290	0,506
291	0,361
292	0,116
293	0,106
294	0,064
295	0,064
296	0,187
297	0,293
298	0,516
299	0,454
300	0,452
301	0,496
302	0,557
303	0,869
304	1,011
305	0,909
306	0,909
307	0,687
308	0,669
309	0,671
310	0,628
311	0,412
312	0,146
313	-0,111
314	0,053
315	0,053
316	0,339
317	0,056
318	0,099
319	0,408
320	0,388
321	0,489
322	0,763
323	0,763
324	0,544
325	0,232
326	0,379
327	0,360
328	0,176
329	0,190
330	0,070
331	-0,186
332	-0,196
333	-0,069
334	-0,042
335	0,003
336	0,003
337	0,023
338	0,101
339	0,201
340	0,243
341	0,226
342	0,126
343	0,461
344	0,517
345	0,602
346	0,704
347	0,632
348	0,506
349	0,544
350	0,402
351	0,463
352	0,412
353	0,448
354	0,637
355	0,529
356	0,601
357	0,912
358	0,873
359	0,732
360	0,863
361	0,863
362	0,582
363	0,283
364	0,426
365	0,319
366	0,008
367	0,028
368	0,154
369	0,062
370	0,062
371	0,252
372	0,391
373	0,149
374	0,183
375	0,210
376	0,321
377	0,496
378	0,496
379	0,432
380	0,381
381	0,551
382	0,702
383	0,643
384	0,724
385	0,613
386	0,314
387	0,499
388	0,359
389	0,359
390	0,050
391	-0,142
392	-0,089
393	-0,084
394	-0,166
395	-0,127
396	-0,297
397	-0,363
398	-0,378
399	-0,069
400	0,150
401	0,136
402	0,131
403	0,217
404	0,488
405	0,648
406	0,969
407	0,983
408	1,034
409	1,063
410	1,184
411	1,378
412	1,514
413	1,314
414	1,232
415	1,232
416	1,310
417	1,056
418	0,834
419	0,632
420	0,580
421	0,550
422	0,550
423	0,443
424	0,189
425	0,189
426	0,443
427	0,524
428	0,506
429	0,619
430	0,446
431	0,441
432	0,691
433	0,583
434	0,676
435	0,561
436	0,754
437	0,977
438	0,617
439	0,598
440	0,617
441	0,401
442	0,650
443	0,366
444	0,367
445	0,313
446	0,211
447	0,350
448	0,571
449	0,447
450	0,583
451	0,582
452	0,774
453	0,718
454	0,511
455	0,364
456	0,311
457	0,063
458	0,423
459	0,186
460	0,130
461	-0,089
462	-0,173
463	0,087
464	0,398
465	0,422
466	0,510
467	0,397
468	0,439
469	0,558
470	0,699
471	0,840
472	0,539
473	0,369
474	0,257
475	0,388
476	0,266
477	0,178
478	0,116
479	-0,023
480	-0,131
481	0,088
