	aa hydrophobes	aa charges (%)	charge net	E	M	K	I	Q	L	S	H	A	T	W	D	F	V	C	P	Y	N	R	G
 sequence entiere	309	18,609	-108,99999999999997	23	23	22	26	15	30	24	25	32	19	25	28	25	36	27	23	18	28	18	22
 
 
Fenetres	hydrophobicite moyenne
1	0,467
2	0,738
3	0,636
4	0,774
5	0,824
6	1,038
7	0,816
8	0,826
9	0,966
10	1,122
11	1,002
12	1,218
13	1,218
14	1,074
15	0,819
16	0,792
17	0,782
18	0,782
19	0,499
20	0,669
21	0,556
22	0,662
23	0,692
24	0,948
25	1,056
26	0,757
27	0,650
28	1,012
29	0,677
30	0,676
31	0,790
32	0,543
33	0,383
34	0,524
35	0,549
36	0,720
37	0,470
38	0,691
39	0,756
40	0,506
41	0,644
42	0,549
43	0,583
44	0,583
45	0,633
46	0,832
47	0,803
48	0,792
49	0,682
50	0,653
51	0,970
52	0,732
53	0,732
54	0,682
55	0,654
56	0,719
57	0,666
58	0,666
59	0,916
60	0,556
61	0,811
62	1,086
63	0,819
64	0,848
65	0,591
66	0,490
67	0,634
68	0,464
69	0,824
70	0,526
71	0,266
72	0,328
73	0,123
74	0,398
75	0,499
76	0,479
77	0,328
78	0,011
79	0,121
80	0,227
81	0,260
82	0,436
83	0,353
84	0,132
85	0,032
86	0,103
87	0,099
88	0,349
89	0,513
90	0,460
91	0,222
92	0,222
93	0,237
94	0,251
95	0,251
96	0,210
97	-0,006
98	0,046
99	0,084
100	0,287
101	0,430
102	0,389
103	0,649
104	0,838
105	0,840
106	1,004
107	0,890
108	0,809
109	0,649
110	0,399
111	0,507
112	0,568
113	0,312
114	0,422
115	0,394
116	0,448
117	0,549
118	0,588
119	0,563
120	0,704
121	0,653
122	0,856
123	0,851
124	0,680
125	0,420
126	0,521
127	0,642
128	0,747
129	0,639
130	0,547
131	0,446
132	0,484
133	0,399
134	0,360
135	0,239
136	-0,009
137	-0,093
138	-0,208
139	-0,179
140	-0,107
141	0,059
142	0,078
143	0,388
144	0,261
145	0,288
146	0,180
147	0,372
148	0,372
149	0,180
150	0,087
151	0,068
152	-0,118
153	0,244
154	0,220
155	0,332
156	0,397
157	0,461
158	0,653
159	0,581
160	0,747
161	0,767
162	0,652
163	0,758
164	0,838
165	0,642
166	0,477
167	0,399
168	0,564
169	0,499
170	0,664
171	0,543
172	0,462
173	0,553
174	0,468
175	0,513
176	0,372
177	0,201
178	0,201
179	-0,066
180	-0,066
181	0,220
182	0,220
183	0,501
184	0,436
185	0,582
186	0,443
187	0,429
188	0,510
189	0,530
190	0,344
191	0,149
192	0,114
193	0,029
194	-0,072
195	0,173
196	0,061
197	0,218
198	0,382
199	0,618
200	0,657
201	0,520
202	0,727
203	0,992
204	0,937
205	0,937
206	0,966
207	0,762
208	0,649
209	0,770
210	0,703
211	0,497
212	0,293
213	0,463
214	0,656
215	0,591
216	0,794
217	0,857
218	0,736
219	0,939
220	1,039
221	0,933
222	0,612
223	0,447
224	0,448
225	0,448
226	0,329
227	0,451
228	0,450
229	0,621
230	0,746
231	1,006
232	1,262
233	1,297
234	1,012
235	0,822
236	0,884
237	0,920
238	0,856
239	0,756
240	0,562
241	0,367
242	0,446
243	0,731
244	0,770
245	0,760
246	0,618
247	0,681
248	0,700
249	0,893
250	1,053
251	0,974
252	0,809
253	0,794
254	0,794
255	0,954
256	0,836
257	0,790
258	0,534
259	0,598
260	0,616
261	0,718
262	0,718
263	0,700
264	0,399
265	0,319
266	0,681
267	0,937
268	0,874
269	0,792
270	0,690
271	0,911
272	0,876
273	1,123
274	1,038
275	0,822
276	0,668
277	0,611
278	0,676
279	0,656
280	0,453
281	0,518
282	0,582
283	0,597
284	0,597
285	0,761
286	0,571
287	0,536
288	0,454
289	0,521
290	0,317
291	0,316
292	0,316
293	0,418
294	0,326
295	0,572
296	0,432
297	0,579
298	0,574
299	0,778
300	0,508
301	0,613
302	0,410
303	0,279
304	0,071
305	0,104
306	0,104
307	0,298
308	0,128
309	0,113
310	0,250
311	0,351
312	0,512
313	0,782
314	0,749
315	0,683
316	0,601
317	0,487
318	0,572
319	0,651
320	0,752
321	0,722
322	0,519
323	0,438
324	0,452
325	0,274
326	0,496
327	0,386
328	0,050
329	-0,152
330	-0,330
331	-0,154
332	-0,034
333	-0,176
334	0,096
335	0,159
336	0,349
337	0,514
338	0,717
339	0,977
340	1,006
341	1,108
342	1,300
343	1,129
344	1,010
345	0,964
346	0,860
347	0,924
348	0,731
349	0,507
350	0,260
351	0,176
352	0,282
353	0,401
354	0,566
355	0,478
356	0,273
357	0,384
358	0,608
359	0,853
360	0,791
361	0,589
362	0,579
363	0,414
364	0,522
365	0,716
366	0,542
367	0,231
368	0,267
369	0,368
370	0,606
371	0,392
372	0,438
373	0,418
374	0,243
375	0,446
376	0,664
377	0,629
378	0,629
379	0,472
380	0,526
381	0,441
382	0,546
383	0,730
384	0,783
385	0,757
386	0,656
387	0,550
388	0,464
389	0,607
390	0,626
391	0,541
392	0,230
393	-0,044
394	-0,149
395	-0,296
396	-0,334
397	-0,157
398	-0,394
399	-0,220
400	-0,079
401	0,283
402	0,403
403	0,678
404	0,719
405	1,029
406	1,121
407	1,268
408	1,214
409	1,158
410	0,942
411	1,108
412	1,108
413	1,179
414	0,954
415	0,927
416	0,847
417	0,848
418	0,957
419	1,111
420	0,940
421	0,879
422	1,079
423	1,037
424	1,066
425	0,994
426	0,892
427	0,839
428	0,900
429	0,800
430	0,718
431	0,547
432	0,528
433	0,261
434	0,412
435	0,268
436	0,321
437	-0,039
438	0,221
439	0,314
440	0,320
441	0,339
442	0,542
443	0,477
444	0,723
445	0,734
446	1,043
447	0,769
448	0,544
449	0,398
450	0,636
451	0,499
452	0,591
453	0,454
454	0,289
455	0,279
456	0,614
457	0,810
458	1,059
459	0,883
460	0,883
461	0,706
462	0,620
463	0,586
464	0,330
465	0,330
466	0,173
467	0,236
468	0,411
469	0,440
470	0,648
471	0,667
472	0,600
473	0,681
474	0,321
475	0,478
476	0,414
477	0,243
478	0,104
479	-0,018
480	0,083
481	0,146
