	aa hydrophobes	aa charges (%)	charge net	D	L	F	G	S	W	Y	M	I	P	V	C	R	N	T	K	Q	H	E	A
 sequence entiere	283	22,904	-97,1	24	24	26	19	30	14	17	37	23	28	26	15	25	26	34	31	19	22	32	17
 
 
Fenetres	hydrophobicite moyenne
1	1,052
2	1,274
3	1,286
4	1,286
5	1,366
6	1,506
7	1,387
8	1,326
9	1,316
10	1,123
11	1,158
12	0,846
13	0,818
14	0,671
15	0,531
16	0,701
17	0,400
18	0,240
19	0,216
20	0,294
21	0,513
22	0,232
23	0,488
24	0,468
25	0,108
26	0,234
27	0,342
28	0,342
29	0,263
30	0,152
31	0,291
32	0,239
33	0,462
34	0,501
35	0,420
36	0,419
37	0,504
38	0,333
39	0,252
40	0,111
41	-0,136
42	-0,334
43	-0,229
44	0,037
45	-0,166
46	-0,127
47	0,062
48	0,177
49	0,478
50	0,583
51	0,720
52	0,857
53	0,591
54	0,793
55	0,978
56	0,764
57	0,936
58	0,882
59	0,820
60	0,683
61	0,427
62	0,381
63	0,446
64	0,180
65	0,393
66	0,330
67	0,366
68	0,569
69	0,649
70	0,871
71	1,018
72	0,832
73	0,979
74	0,719
75	0,578
76	0,596
77	0,454
78	0,374
79	0,267
80	0,261
81	0,276
82	0,332
83	0,539
84	0,680
85	0,424
86	0,566
87	0,499
88	0,399
89	0,366
90	0,537
91	0,571
92	0,624
93	0,421
94	0,623
95	0,487
96	0,753
97	0,839
98	0,839
99	0,839
100	0,663
101	0,474
102	0,456
103	0,349
104	0,548
105	0,281
106	0,517
107	0,450
108	0,140
109	0,281
110	0,480
111	0,594
112	0,754
113	0,484
114	0,484
115	0,314
116	0,492
117	0,602
118	0,466
119	0,157
120	0,016
121	-0,198
122	-0,193
123	-0,112
124	-0,197
125	-0,197
126	-0,117
127	0,072
128	0,072
129	0,264
130	0,488
131	0,753
132	0,672
133	0,812
134	0,639
135	0,696
136	0,536
137	0,574
138	0,409
139	0,206
140	0,206
141	0,248
142	0,108
143	0,174
144	0,237
145	0,137
146	0,344
147	0,359
148	0,562
149	0,378
150	0,402
151	0,297
152	0,331
153	0,321
154	0,499
155	0,277
156	0,519
157	0,457
158	0,477
159	0,491
160	0,516
161	0,477
162	0,217
163	0,299
164	0,274
165	0,353
166	0,192
167	0,133
168	0,048
169	0,240
170	0,134
171	0,220
172	0,168
173	0,358
174	0,122
175	0,346
176	0,477
177	0,748
178	0,778
179	0,883
180	0,844
181	0,637
182	0,471
183	0,390
184	0,220
185	0,142
186	0,022
187	0,057
188	0,037
189	0,141
190	0,462
191	0,577
192	0,672
193	0,750
194	0,857
195	0,752
196	0,770
197	0,931
198	0,988
199	0,767
200	0,628
201	0,633
202	0,417
203	0,388
204	0,492
205	0,332
206	0,332
207	0,230
208	0,089
209	0,399
210	0,564
211	0,703
212	0,626
213	0,734
214	0,720
215	0,663
216	0,879
217	1,128
218	1,117
219	1,023
220	0,882
221	1,052
222	0,778
223	0,692
224	0,502
225	0,287
226	0,126
227	-0,130
228	-0,157
229	-0,010
230	-0,009
231	0,327
232	0,597
233	0,787
234	0,640
235	0,699
236	0,966
237	1,086
238	1,251
239	1,047
240	0,826
241	0,541
242	0,661
243	0,802
244	0,682
245	0,618
246	0,554
247	0,283
248	0,217
249	0,078
250	0,299
251	0,074
252	-0,026
253	-0,050
254	-0,157
255	-0,364
256	-0,157
257	-0,090
258	0,054
259	0,054
260	0,279
261	0,264
262	0,350
263	0,492
264	0,752
265	0,549
266	0,568
267	0,462
268	0,214
269	0,264
270	0,350
271	0,403
272	0,403
273	0,210
274	0,164
275	0,064
276	0,272
277	0,274
278	0,213
279	0,463
280	0,463
281	0,372
282	0,577
283	0,769
284	0,990
285	0,849
286	0,888
287	0,694
288	0,373
289	0,340
290	0,274
291	0,154
292	0,003
293	-0,199
294	-0,180
295	-0,113
296	-0,176
297	-0,076
298	0,009
299	0,009
300	-0,138
301	-0,179
302	-0,083
303	-0,063
304	0,191
305	0,253
306	0,424
307	0,320
308	0,193
309	0,260
310	0,387
311	0,547
312	0,592
313	0,542
314	0,627
315	0,626
316	0,679
317	0,791
318	0,991
319	1,057
320	0,882
321	0,882
322	0,881
323	0,730
324	0,421
325	0,528
326	0,442
327	0,378
328	0,332
329	0,206
330	0,054
331	-0,149
332	-0,102
333	0,144
334	0,144
335	0,419
336	0,198
337	0,270
338	0,316
339	0,493
340	0,427
341	0,588
342	0,466
343	0,218
344	0,136
345	0,111
346	-0,000
347	0,147
348	0,239
349	0,339
350	0,339
351	0,461
352	0,461
353	0,354
354	0,601
355	0,496
356	0,430
357	0,368
358	0,474
359	0,352
360	0,216
361	0,527
362	0,460
363	0,319
364	0,319
365	0,493
366	0,437
367	0,437
368	0,593
369	0,729
370	0,463
371	0,729
372	0,733
373	0,733
374	0,743
375	0,678
376	0,457
377	0,457
378	0,521
379	0,583
380	0,634
381	0,771
382	1,052
383	0,888
384	0,761
385	0,761
386	0,504
387	0,333
388	0,367
389	0,316
390	0,193
391	-0,063
392	-0,063
393	-0,061
394	0,160
395	0,280
396	0,139
397	0,299
398	0,033
399	0,048
400	0,332
401	0,433
402	0,539
403	0,403
404	0,259
405	0,367
406	0,284
407	0,266
408	0,343
409	0,394
410	0,147
411	0,180
412	0,068
413	0,107
414	0,001
415	0,031
416	0,031
417	0,031
418	-0,030
419	0,058
420	-0,083
421	0,063
422	0,024
423	0,214
424	0,213
425	0,499
426	0,563
427	0,303
428	0,216
429	0,261
430	0,202
431	0,241
432	0,298
433	0,299
434	-0,013
435	0,066
436	0,070
437	0,111
438	0,313
439	0,473
440	0,624
441	0,568
442	0,319
443	0,538
444	0,176
445	0,379
446	0,649
447	0,403
448	0,457
449	0,372
450	0,221
451	0,533
452	0,562
453	0,811
454	0,703
455	0,394
456	0,480
457	0,326
458	0,467
459	0,428
460	0,118
461	0,153
462	0,217
463	0,217
464	0,407
465	0,568
466	0,669
467	0,561
468	0,647
469	0,752
470	0,510
471	0,224
472	0,196
473	0,144
474	-0,063
475	-0,184
476	-0,284
477	-0,331
478	-0,412
479	-0,451
480	-0,478
481	-0,342
