	aa hydrophobes	aa charges (%)	charge net	D	Q	M	F	H	V	T	E	Y	R	L	K	G	N	P	C	I	W	A	S
 sequence entiere	284	20,859	-101,10000000000002	31	30	21	22	25	31	27	22	30	27	24	22	28	20	17	18	18	24	27	25
 
 
Fenetres	hydrophobicite moyenne
1	0,333
2	0,333
3	0,287
4	0,287
5	0,287
6	0,379
7	0,158
8	0,158
9	0,031
10	0,191
11	0,167
12	0,238
13	0,130
14	-0,136
15	-0,162
16	0,094
17	0,380
18	0,468
19	0,478
20	0,838
21	1,037
22	1,143
23	1,124
24	1,151
25	1,014
26	1,014
27	0,929
28	0,663
29	0,428
30	0,224
31	0,022
32	0,083
33	0,006
34	0,006
35	-0,059
36	0,187
37	0,143
38	0,124
39	0,062
40	0,264
41	0,460
42	0,630
43	0,767
44	0,519
45	0,572
46	0,762
47	0,873
48	1,190
49	1,089
50	0,808
51	0,859
52	0,859
53	0,986
54	0,684
55	0,492
56	0,273
57	0,019
58	0,019
59	0,043
60	-0,100
61	-0,082
62	0,074
63	0,376
64	0,402
65	0,713
66	0,854
67	0,956
68	1,212
69	0,996
70	0,978
71	0,943
72	0,642
73	0,863
74	0,914
75	0,773
76	0,528
77	0,437
78	0,434
79	0,192
80	0,051
81	0,053
82	0,168
83	-0,149
84	-0,008
85	0,238
86	0,293
87	0,604
88	0,874
89	0,908
90	0,932
91	0,932
92	1,134
93	0,993
94	0,787
95	0,840
96	0,656
97	0,457
98	0,508
99	0,608
100	0,358
101	0,359
102	0,470
103	0,429
104	0,173
105	0,409
106	0,546
107	0,461
108	0,447
109	0,527
110	0,526
111	0,526
112	0,526
113	0,791
114	0,517
115	0,580
116	0,613
117	0,501
118	0,558
119	0,558
120	0,466
121	0,607
122	0,408
123	0,432
124	0,312
125	0,363
126	0,366
127	0,162
128	0,216
129	0,177
130	0,337
131	0,526
132	0,501
133	0,450
134	0,477
135	0,722
136	0,926
137	0,771
138	0,771
139	0,832
140	0,558
141	0,662
142	0,562
143	0,484
144	0,239
145	0,036
146	-0,109
147	-0,084
148	-0,300
149	0,036
150	-0,030
151	-0,026
152	0,196
153	0,334
154	0,651
155	0,841
156	0,756
157	0,697
158	0,636
159	0,636
160	0,592
161	0,449
162	0,349
163	0,206
164	0,140
165	0,397
166	0,501
167	0,312
168	0,231
169	0,356
170	0,499
171	0,499
172	0,388
173	0,402
174	0,146
175	0,100
176	0,236
177	0,317
178	0,190
179	-0,026
180	0,041
181	-0,067
182	-0,096
183	-0,034
184	-0,034
185	-0,237
186	-0,062
187	0,046
188	-0,013
189	0,026
190	0,133
191	0,048
192	0,261
193	0,256
194	0,572
195	0,359
196	0,359
197	0,519
198	0,418
199	0,529
200	0,543
201	0,354
202	0,360
203	0,024
204	0,049
205	0,160
206	0,161
207	0,257
208	0,150
209	0,221
210	0,197
211	0,333
212	0,619
213	0,633
214	0,726
215	0,518
216	0,418
217	0,393
218	0,500
219	0,631
220	0,567
221	0,502
222	0,421
223	0,472
224	0,742
225	0,701
226	0,754
227	0,562
228	0,343
229	0,212
230	-0,033
231	-0,038
232	-0,099
233	-0,298
234	-0,079
235	-0,108
236	0,007
237	0,153
238	0,178
239	0,202
240	0,444
241	0,444
242	0,373
243	0,456
244	0,656
245	0,556
246	0,721
247	0,736
248	0,817
249	0,781
250	0,729
251	0,999
252	0,786
253	0,614
254	0,714
255	0,529
256	0,448
257	0,559
258	0,438
259	0,191
260	0,099
261	0,099
262	-0,016
263	-0,044
264	-0,171
265	-0,217
266	-0,134
267	-0,153
268	-0,153
269	-0,260
270	-0,064
271	0,017
272	0,051
273	0,053
274	0,246
275	0,246
276	0,357
277	0,602
278	0,536
279	0,340
280	0,273
281	0,268
282	0,577
283	0,430
284	0,377
285	0,284
286	0,284
287	0,239
288	0,463
289	0,671
290	0,778
291	0,508
292	0,711
293	0,747
294	0,903
295	0,697
296	0,916
297	0,796
298	0,654
299	0,690
300	0,651
301	0,429
302	0,253
303	0,219
304	0,178
305	0,207
306	0,233
307	0,488
308	0,312
309	0,437
310	0,659
311	0,913
312	0,691
313	0,803
314	0,556
315	0,649
316	0,479
317	0,590
318	0,711
319	0,681
320	0,466
321	0,547
322	0,476
323	0,838
324	0,552
325	0,671
326	0,700
327	0,644
328	0,513
329	0,586
330	0,604
331	0,690
332	0,354
333	0,354
334	0,046
335	-0,161
336	-0,041
337	-0,021
338	0,008
339	0,022
340	0,144
341	0,480
342	0,701
343	1,000
344	1,207
345	0,982
346	0,982
347	1,046
348	1,267
349	1,164
350	0,829
351	0,830
352	0,570
353	0,322
354	0,518
355	0,498
356	0,328
357	0,328
358	0,328
359	0,549
360	0,408
361	0,479
362	0,791
363	0,649
364	0,708
365	0,679
366	0,618
367	0,517
368	0,488
369	0,742
370	0,879
371	0,679
372	0,757
373	0,610
374	0,644
375	0,456
376	0,551
377	0,378
378	0,157
379	0,209
380	0,243
381	0,051
382	0,192
383	0,358
384	0,358
385	0,363
386	0,426
387	0,326
388	0,326
389	0,181
390	0,267
391	0,438
392	0,318
393	0,352
394	0,293
395	0,332
396	0,510
397	0,321
398	0,360
399	0,274
400	0,050
401	-0,016
402	-0,016
403	-0,077
404	-0,182
405	-0,153
406	0,036
407	0,141
408	0,117
409	0,074
410	0,140
411	0,212
412	0,186
413	0,457
414	0,236
415	0,236
416	0,116
417	0,426
418	0,691
419	0,640
420	0,670
421	0,817
422	0,612
423	0,898
424	0,738
425	0,838
426	0,552
427	0,490
428	0,351
429	0,229
430	0,170
431	0,108
432	-0,078
433	-0,000
434	0,236
435	0,297
436	0,359
437	0,503
438	0,489
439	0,763
440	0,806
441	0,791
442	0,572
443	0,493
444	0,718
445	0,407
446	0,348
447	0,547
448	0,184
449	0,138
450	0,337
451	0,648
452	0,367
453	0,201
454	0,309
455	0,583
456	0,491
457	0,579
458	0,786
459	0,562
460	0,443
461	0,742
462	0,737
463	0,756
464	0,534
465	0,627
466	0,566
467	0,601
468	0,762
469	0,881
470	0,799
471	0,906
472	0,779
473	0,939
474	0,716
475	0,689
476	0,493
477	0,271
478	-0,038
479	0,027
480	0,091
481	0,403
