	aa hydrophobes	aa charges (%)	charge net	D	H	V	E	A	T	P	S	K	F	G	C	Q	W	M	Y	I	L	N	R
 sequence entiere	293	22,904	-88,29999999999998	28	37	24	24	33	14	31	16	38	29	23	22	26	22	25	15	22	19	19	22
 
 
Fenetres	hydrophobicite moyenne
1	0,022
2	0,307
3	0,292
4	0,191
5	0,433
6	0,598
7	0,544
8	0,636
9	0,569
10	0,929
11	0,620
12	0,634
13	0,737
14	0,580
15	0,416
16	0,474
17	0,502
18	0,608
19	0,372
20	0,482
21	0,718
22	0,496
23	0,516
24	0,371
25	0,227
26	0,134
27	0,271
28	0,232
29	0,208
30	-0,067
31	0,099
32	0,093
33	0,203
34	0,513
35	0,297
36	0,140
37	0,179
38	0,093
39	0,368
40	0,424
41	0,286
42	0,314
43	0,303
44	0,413
45	0,289
46	0,473
47	0,579
48	0,363
49	0,117
50	0,398
51	0,398
52	0,289
53	0,488
54	0,598
55	0,313
56	0,517
57	0,397
58	0,757
59	0,561
60	0,782
61	0,636
62	0,517
63	0,597
64	0,697
65	0,604
66	0,861
67	0,800
68	0,714
69	0,440
70	0,507
71	0,507
72	0,314
73	0,190
74	0,283
75	0,312
76	0,057
77	0,057
78	0,096
79	0,110
80	0,030
81	0,071
82	0,110
83	-0,114
84	-0,400
85	-0,304
86	0,004
87	0,024
88	0,181
89	0,110
90	0,370
91	0,640
92	0,660
93	0,760
94	0,931
95	0,767
96	0,622
97	0,650
98	0,858
99	0,644
100	0,696
101	0,899
102	1,134
103	0,963
104	0,843
105	1,090
106	0,971
107	0,763
108	0,678
109	0,318
110	0,048
111	-0,312
112	-0,142
113	-0,042
114	-0,289
115	-0,479
116	-0,432
117	-0,187
118	-0,101
119	0,220
120	0,529
121	0,218
122	0,132
123	0,257
124	0,342
125	0,566
126	0,359
127	0,633
128	0,463
129	0,260
130	0,452
131	0,413
132	0,428
133	0,651
134	0,652
135	0,923
136	0,810
137	0,706
138	0,910
139	0,967
140	0,967
141	1,127
142	0,962
143	0,777
144	0,657
145	0,520
146	0,473
147	0,273
148	0,243
149	0,460
150	0,351
151	0,246
152	0,121
153	-0,044
154	-0,116
155	0,156
156	0,043
157	-0,173
158	-0,390
159	-0,334
160	-0,373
161	-0,249
162	-0,149
163	-0,144
164	-0,264
165	-0,017
166	0,282
167	0,407
168	0,161
169	0,306
170	0,326
171	0,448
172	0,621
173	0,621
174	0,674
175	0,500
176	0,500
177	0,746
178	0,961
179	1,063
180	0,941
181	1,034
182	0,930
183	0,912
184	0,912
185	1,097
186	1,097
187	0,737
188	0,736
189	0,609
190	0,297
191	0,520
192	0,548
193	0,529
194	0,326
195	0,186
196	0,224
197	0,123
198	0,211
199	0,299
200	0,114
201	-0,056
202	-0,076
203	0,066
204	0,270
205	0,270
206	0,486
207	0,539
208	0,539
209	0,661
210	0,803
211	0,842
212	0,786
213	0,721
214	0,768
215	0,689
216	0,548
217	0,506
218	0,540
219	0,259
220	0,173
221	0,229
222	-0,017
223	0,143
224	-0,138
225	-0,092
226	0,146
227	-0,136
228	0,110
229	0,096
230	-0,152
231	0,158
232	0,158
233	0,182
234	0,178
235	0,113
236	0,138
237	-0,022
238	0,199
239	0,340
240	0,073
241	-0,062
242	0,160
243	0,231
244	0,053
245	0,338
246	0,338
247	0,092
248	0,234
249	0,551
250	0,750
251	0,693
252	0,622
253	0,608
254	0,608
255	0,882
256	1,191
257	1,049
258	0,879
259	0,656
260	0,656
261	0,927
262	1,008
263	0,889
264	0,889
265	0,623
266	0,570
267	0,423
268	0,362
269	0,216
270	0,016
271	0,209
272	0,236
273	0,020
274	0,167
275	0,167
276	0,268
277	0,524
278	0,591
279	0,506
280	0,567
281	0,456
282	0,620
283	0,536
284	0,667
285	0,522
286	0,386
287	0,492
288	0,767
289	0,404
290	0,546
291	0,261
292	0,153
293	-0,024
294	0,166
295	0,268
296	0,241
297	0,159
298	0,408
299	0,300
300	0,319
301	0,567
302	0,809
303	0,643
304	0,706
305	0,621
306	0,543
307	0,487
308	0,372
309	0,610
310	0,509
311	0,352
312	0,688
313	0,678
314	0,597
315	0,739
316	0,794
317	0,960
318	0,784
319	0,779
320	0,654
321	0,593
322	0,380
323	0,637
324	0,480
325	0,379
326	0,333
327	0,474
328	0,646
329	0,670
330	0,618
331	0,831
332	0,674
333	0,574
334	0,540
335	0,506
336	0,506
337	0,320
338	0,406
339	0,458
340	0,303
341	0,177
342	0,342
343	0,449
344	0,378
345	0,378
346	0,563
347	0,497
348	0,414
349	0,380
350	0,572
351	0,629
352	0,410
353	0,588
354	0,366
355	0,099
356	0,094
357	0,123
358	0,312
359	0,421
360	0,218
361	0,218
362	0,310
363	0,286
364	0,552
365	0,823
366	0,888
367	0,699
368	0,524
369	0,567
370	0,816
371	0,817
372	0,961
373	0,737
374	0,551
375	0,284
376	0,299
377	0,299
378	0,573
379	0,451
380	0,286
381	0,440
382	0,499
383	0,683
384	0,664
385	0,900
386	0,819
387	0,564
388	0,483
389	0,444
390	0,391
391	0,546
392	0,342
393	0,428
394	0,314
395	0,269
396	0,163
397	0,120
398	0,261
399	0,016
400	0,026
401	0,167
402	0,417
403	0,168
404	0,416
405	0,560
406	0,870
407	0,748
408	0,964
409	0,780
410	0,814
411	0,452
412	0,564
413	0,358
414	0,211
415	0,011
416	0,247
417	0,220
418	0,341
419	0,250
420	0,397
421	0,533
422	0,854
423	1,001
424	1,251
425	1,201
426	1,257
427	1,036
428	1,036
429	1,201
430	0,979
431	0,617
432	0,617
433	0,300
434	0,180
435	-0,066
436	0,191
437	0,282
438	0,117
439	0,391
440	0,418
441	0,583
442	0,564
443	0,519
444	0,543
445	0,260
446	0,123
447	-0,023
448	-0,198
449	-0,098
450	-0,099
451	-0,099
452	-0,053
453	-0,034
454	0,214
455	0,068
456	0,214
457	0,371
458	0,437
459	0,373
460	0,566
461	0,684
462	0,751
463	0,529
464	0,676
465	0,641
466	0,358
467	0,477
468	0,530
469	0,438
470	0,273
471	0,409
472	0,382
473	0,537
474	0,672
475	0,780
476	0,514
477	0,497
478	0,497
479	0,598
480	0,391
481	0,432
