	aa hydrophobes	aa charges (%)	charge net	M	H	Q	N	Y	A	S	D	W	L	E	K	V	G	T	R	P	C	F	I
 sequence entiere	281	17,382	-105,10000000000002	28	25	30	26	23	30	33	24	27	26	22	20	20	34	16	19	21	28	17	20
 
 
Fenetres	hydrophobicite moyenne
1	0,126
2	0,096
3	0,331
4	0,390
5	0,626
6	0,881
7	0,770
8	0,650
9	0,583
10	0,919
11	0,741
12	0,526
13	0,381
14	0,267
15	0,078
16	0,016
17	0,016
18	0,223
19	0,008
20	0,186
21	0,127
22	0,373
23	0,213
24	0,320
25	0,416
26	0,530
27	0,369
28	0,334
29	0,157
30	0,069
31	-0,039
32	-0,014
33	-0,233
34	-0,333
35	-0,282
36	-0,122
37	0,049
38	0,200
39	0,288
40	0,509
41	0,680
42	0,721
43	0,768
44	0,621
45	0,419
46	0,248
47	0,163
48	0,202
49	0,202
50	0,027
51	0,132
52	0,090
53	0,237
54	0,191
55	0,390
56	0,409
57	0,309
58	0,073
59	0,073
60	0,034
61	0,130
62	0,187
63	0,187
64	-0,017
65	0,104
66	0,327
67	0,288
68	0,542
69	0,682
70	0,760
71	0,730
72	0,949
73	0,953
74	0,924
75	0,977
76	0,977
77	0,761
78	0,554
79	0,698
80	0,567
81	0,596
82	0,483
83	0,267
84	0,328
85	0,523
86	0,377
87	0,619
88	0,364
89	0,303
90	0,101
91	0,349
92	0,388
93	0,388
94	0,388
95	0,390
96	0,253
97	0,253
98	0,510
99	0,657
100	0,720
101	0,681
102	0,364
103	0,193
104	0,553
105	0,519
106	0,438
107	0,281
108	0,308
109	0,084
110	0,109
111	0,090
112	0,279
113	0,029
114	-0,038
115	0,184
116	0,166
117	-0,051
118	-0,139
119	-0,120
120	0,164
121	-0,029
122	-0,029
123	0,052
124	-0,084
125	-0,084
126	0,224
127	0,526
128	0,791
129	0,627
130	0,546
131	0,521
132	0,436
133	0,634
134	0,653
135	0,469
136	0,314
137	0,366
138	0,502
139	0,788
140	0,827
141	1,033
142	0,749
143	0,622
144	0,608
145	0,488
146	0,488
147	0,312
148	0,283
149	0,244
150	0,309
151	0,530
152	0,618
153	0,632
154	0,854
155	0,804
156	1,059
157	0,888
158	0,912
159	0,912
160	0,806
161	0,759
162	0,944
163	0,997
164	0,831
165	0,557
166	0,447
167	0,442
168	0,218
169	0,184
170	0,189
171	-0,121
172	-0,060
173	-0,119
174	-0,099
175	-0,074
176	-0,094
177	-0,182
178	0,021
179	0,083
180	0,393
181	0,119
182	0,143
183	0,081
184	0,167
185	0,390
186	0,638
187	0,689
188	0,882
189	0,789
190	0,984
191	1,064
192	1,046
193	0,933
194	0,749
195	0,503
196	0,182
197	0,130
198	0,103
199	-0,134
200	-0,134
201	0,151
202	0,400
203	0,557
204	0,581
205	0,732
206	0,483
207	0,379
208	0,634
209	0,483
210	0,279
211	0,313
212	0,392
213	0,649
214	0,583
215	0,832
216	1,046
217	0,744
218	0,987
219	1,098
220	1,063
221	1,002
222	1,081
223	1,202
224	1,100
225	0,946
226	1,092
227	0,854
228	0,662
229	0,540
230	0,280
231	0,219
232	0,017
233	0,181
234	0,161
235	0,122
236	0,203
237	0,284
238	0,184
239	0,454
240	0,454
241	0,521
242	0,322
243	0,303
244	0,196
245	0,110
246	0,129
247	0,403
248	0,340
249	0,127
250	0,156
251	0,327
252	0,520
253	0,768
254	0,919
255	1,041
256	0,767
257	0,666
258	0,770
259	0,878
260	0,636
261	0,481
262	0,274
263	0,194
264	-0,009
265	0,183
266	0,320
267	0,411
268	0,250
269	0,571
270	0,466
271	0,787
272	0,787
273	0,868
274	0,961
275	0,723
276	0,528
277	0,802
278	0,548
279	0,614
280	0,536
281	0,536
282	0,556
283	0,284
284	0,431
285	0,706
286	0,592
287	0,677
288	0,788
289	0,651
290	0,647
291	0,811
292	0,897
293	1,006
294	0,891
295	1,004
296	0,812
297	0,877
298	0,757
299	0,790
300	0,620
301	0,620
302	0,620
303	0,620
304	0,507
305	0,594
306	0,612
307	0,588
308	0,759
309	0,901
310	1,058
311	1,004
312	1,069
313	1,132
314	1,157
315	0,997
316	1,187
317	0,901
318	0,730
319	0,666
320	0,666
321	0,441
322	0,412
323	0,492
324	0,600
325	0,408
326	0,493
327	0,493
328	0,576
329	0,639
330	0,678
331	0,541
332	0,661
333	0,553
334	0,641
335	0,812
336	0,700
337	0,511
338	0,483
339	0,503
340	0,402
341	0,231
342	0,092
343	0,112
344	0,112
345	0,239
346	0,376
347	0,454
348	0,416
349	0,372
350	0,277
351	0,401
352	0,542
353	0,400
354	0,361
355	0,360
356	0,299
357	0,502
358	0,748
359	0,849
360	0,830
361	0,689
362	0,860
363	1,073
364	1,044
365	0,851
366	0,841
367	0,706
368	0,586
369	0,586
370	0,480
371	0,280
372	0,228
373	0,011
374	0,152
375	0,152
376	0,323
377	0,598
378	0,637
379	0,827
380	0,827
381	0,770
382	0,987
383	0,957
384	0,697
385	0,416
386	0,363
387	0,219
388	0,246
389	0,133
390	0,190
391	0,272
392	0,166
393	0,170
394	0,451
395	0,394
396	0,500
397	0,369
398	0,680
399	0,472
400	0,283
401	0,318
402	0,313
403	0,057
404	0,177
405	0,216
406	0,440
407	0,131
408	0,136
409	0,064
410	0,110
411	0,261
412	0,322
413	0,122
414	0,002
415	-0,183
416	0,126
417	0,299
418	0,260
419	0,430
420	0,487
421	0,526
422	0,416
423	0,391
424	0,377
425	0,314
426	0,344
427	0,704
428	0,483
429	0,547
430	0,447
431	0,757
432	0,901
433	0,897
434	0,949
435	0,808
436	0,758
437	0,662
438	0,350
439	0,436
440	0,123
441	0,064
442	0,069
443	0,079
444	0,272
445	0,101
446	0,367
447	0,412
448	0,492
449	0,538
450	0,762
451	1,012
452	0,984
453	0,686
454	0,686
455	0,676
456	0,671
457	0,791
458	0,892
459	0,727
460	0,583
461	0,492
462	0,773
463	0,779
464	0,624
465	0,832
466	0,739
467	0,733
468	0,949
469	0,757
470	0,652
471	0,617
472	0,689
473	0,791
474	0,791
475	0,618
476	0,724
477	0,408
478	0,427
479	0,486
480	0,384
481	0,384
