	aa hydrophobes	aa charges (%)	charge net	Q	R	G	V	K	S	F	P	W	H	Y	I	A	C	T	M	E	N	D	L
 sequence entiere	305	17,791	-88,5	23	26	28	25	22	21	34	24	21	26	23	28	20	23	19	29	19	25	20	33
 
 
Fenetres	hydrophobicite moyenne
1	0,163
2	0,438
3	0,564
4	0,454
5	0,561
6	0,316
7	0,676
8	0,656
9	0,452
10	0,260
11	0,210
12	0,083
13	0,193
14	0,082
15	0,272
16	0,057
17	0,252
18	0,257
19	0,398
20	0,397
21	0,646
22	0,726
23	0,929
24	0,984
25	0,950
26	0,708
27	0,596
28	0,562
29	0,297
30	0,359
31	0,193
32	-0,118
33	-0,258
34	-0,262
35	-0,303
36	-0,020
37	0,173
38	0,376
39	0,377
40	0,651
41	0,763
42	0,701
43	0,894
44	1,178
45	0,897
46	0,897
47	0,960
48	0,840
49	0,680
50	0,709
51	0,912
52	0,611
53	0,640
54	0,830
55	0,830
56	0,660
57	0,779
58	0,638
59	0,623
60	0,401
61	0,593
62	0,529
63	0,556
64	0,566
65	0,737
66	0,738
67	0,850
68	0,916
69	0,997
70	0,850
71	0,850
72	0,658
73	0,659
74	0,539
75	0,373
76	0,402
77	0,251
78	0,231
79	0,469
80	0,469
81	0,550
82	0,486
83	0,604
84	0,707
85	0,849
86	1,120
87	1,344
88	1,362
89	1,416
90	1,310
91	1,254
92	1,136
93	1,198
94	0,941
95	0,670
96	0,484
97	0,432
98	0,272
99	0,270
100	0,361
101	0,296
102	-0,013
103	0,261
104	0,308
105	0,227
106	0,119
107	0,119
108	0,481
109	0,286
110	0,271
111	0,580
112	0,306
113	0,220
114	0,423
115	0,593
116	0,599
117	0,486
118	0,400
119	0,537
120	0,338
121	0,452
122	0,751
123	0,590
124	0,279
125	0,494
126	0,392
127	0,673
128	0,737
129	0,771
130	0,777
131	0,694
132	0,919
133	1,231
134	1,118
135	1,219
136	1,184
137	1,173
138	1,246
139	1,101
140	0,923
141	0,922
142	0,637
143	0,496
144	0,560
145	0,438
146	0,224
147	0,008
148	0,006
149	0,276
150	0,106
151	0,298
152	0,298
153	0,031
154	0,012
155	0,226
156	0,416
157	0,457
158	0,233
159	0,311
160	0,180
161	0,074
162	0,330
163	0,506
164	0,317
165	0,170
166	0,348
167	0,301
168	0,393
169	0,351
170	0,394
171	0,377
172	0,220
173	0,254
174	0,458
175	0,347
176	0,452
177	0,333
178	0,537
179	0,853
180	0,853
181	1,028
182	1,182
183	1,234
184	1,410
185	1,263
186	1,198
187	1,198
188	0,977
189	0,781
190	0,621
191	0,512
192	0,213
193	0,213
194	0,213
195	0,213
196	0,276
197	0,137
198	0,411
199	0,311
200	0,227
201	0,337
202	0,180
203	0,226
204	0,347
205	0,337
206	0,647
207	0,411
208	0,511
209	0,550
210	0,546
211	0,566
212	0,821
213	0,700
214	0,711
215	0,647
216	0,769
217	0,929
218	0,894
219	0,828
220	0,793
221	0,793
222	0,779
223	0,508
224	0,387
225	0,386
226	0,303
227	0,318
228	0,423
229	0,560
230	0,621
231	0,871
232	1,142
233	1,263
234	1,317
235	1,100
236	1,086
237	0,941
238	0,719
239	0,357
240	0,213
241	0,184
242	0,044
243	-0,211
244	-0,021
245	0,178
246	0,368
247	0,429
248	0,677
249	0,769
250	0,678
251	0,882
252	0,839
253	0,647
254	0,336
255	0,256
256	0,314
257	0,193
258	-0,091
259	0,079
260	0,068
261	0,173
262	0,214
263	0,327
264	0,217
265	0,382
266	0,256
267	0,478
268	0,161
269	-0,138
270	-0,200
271	-0,153
272	-0,073
273	-0,030
274	-0,094
275	-0,068
276	-0,069
277	0,133
278	0,350
279	0,392
280	0,553
281	0,580
282	0,580
283	0,694
284	0,951
285	0,811
286	0,876
287	0,803
288	1,017
289	1,051
290	0,878
291	1,081
292	1,030
293	0,994
294	1,249
295	1,299
296	1,464
297	1,163
298	1,191
299	1,172
300	1,142
301	0,872
302	0,737
303	0,487
304	0,487
305	0,201
306	0,328
307	0,163
308	0,448
309	0,317
310	0,402
311	0,539
312	0,739
313	0,418
314	0,692
315	0,814
316	0,860
317	0,860
318	1,020
319	1,142
320	0,934
321	0,668
322	0,773
323	0,784
324	0,784
325	0,704
326	0,641
327	0,481
328	0,373
329	0,332
330	0,506
331	0,671
332	0,721
333	0,599
334	0,633
335	0,748
336	0,787
337	0,646
338	0,893
339	0,816
340	0,814
341	0,498
342	0,563
343	0,443
344	0,222
345	0,122
346	0,269
347	0,322
348	0,429
349	0,429
350	0,496
351	0,496
352	0,514
353	0,592
354	0,878
355	1,014
356	1,076
357	1,077
358	0,984
359	0,918
360	0,833
361	0,914
362	0,944
363	0,744
364	0,549
365	0,228
366	0,087
367	0,179
368	0,179
369	0,198
370	0,112
371	0,111
372	0,247
373	0,378
374	0,586
375	0,604
376	0,594
377	0,798
378	0,698
379	0,744
380	0,746
381	0,690
382	0,471
383	0,523
384	0,484
385	0,402
386	0,372
387	0,348
388	0,452
389	0,291
390	0,382
391	0,666
392	0,676
393	0,729
394	0,822
395	0,744
396	0,961
397	1,080
398	1,019
399	1,047
400	0,763
401	0,498
402	0,576
403	0,547
404	0,717
405	0,500
406	0,551
407	0,612
408	0,613
409	0,976
410	0,957
411	0,764
412	0,481
413	0,172
414	0,362
415	0,027
416	0,250
417	-0,017
418	-0,267
419	-0,186
420	-0,186
421	0,126
422	0,407
423	0,526
424	0,800
425	0,601
426	0,682
427	0,819
428	0,959
429	1,059
430	0,789
431	0,593
432	0,282
433	0,343
434	0,480
435	0,394
436	0,447
437	0,510
438	0,602
439	0,563
440	0,502
441	0,629
442	0,459
443	0,572
444	0,779
445	0,624
446	0,354
447	0,181
448	0,291
449	0,310
450	0,229
451	0,183
452	-0,179
453	-0,116
454	0,039
455	0,086
456	0,181
457	0,370
458	0,608
459	0,873
460	1,039
461	1,351
462	1,323
463	1,022
464	0,976
465	0,922
466	0,870
467	0,888
468	0,939
469	0,939
470	0,928
471	0,771
472	0,990
473	1,076
474	1,207
475	1,070
476	1,052
477	0,798
478	0,598
479	0,598
480	0,583
481	0,511
