	aa hydrophobes	aa charges (%)	charge net	N	E	L	I	G	T	D	S	K	V	A	C	M	Q	W	Y	R	P	F	H
 sequence entiere	277	21,472	-106,89999999999999	25	22	52	32	32	33	35	25	17	28	42	11	11	25	9	14	31	21	14	10
 
 
Fenetres	hydrophobicite moyenne
1	0,317
2	0,379
3	0,336
4	0,542
5	0,553
6	0,382
7	0,518
8	0,403
9	0,249
10	0,506
11	0,647
12	0,957
13	0,797
14	0,530
15	0,638
16	0,531
17	0,651
18	0,806
19	0,884
20	0,883
21	0,790
22	1,003
23	0,958
24	0,821
25	0,981
26	0,942
27	0,788
28	0,538
29	0,292
30	0,119
31	-0,180
32	-0,072
33	0,008
34	-0,074
35	-0,141
36	-0,180
37	0,019
38	0,318
39	0,573
40	0,698
41	0,838
42	0,947
43	1,029
44	1,134
45	1,173
46	0,889
47	0,780
48	0,591
49	0,611
50	0,504
51	0,203
52	-0,057
53	-0,116
54	-0,014
55	0,100
56	-0,047
57	-0,047
58	-0,047
59	-0,188
60	-0,142
61	0,129
62	0,188
63	0,251
64	0,218
65	0,213
66	0,128
67	0,200
68	0,483
69	0,526
70	0,514
71	0,409
72	0,206
73	0,210
74	0,310
75	0,371
76	0,464
77	0,493
78	0,408
79	0,219
80	0,223
81	0,417
82	0,523
83	0,744
84	0,969
85	0,803
86	0,603
87	0,913
88	0,828
89	0,870
90	0,596
91	0,678
92	0,342
93	0,278
94	0,172
95	0,060
96	0,060
97	0,346
98	0,346
99	0,567
100	0,266
101	0,386
102	0,450
103	0,550
104	0,691
105	0,379
106	0,378
107	0,539
108	0,379
109	0,598
110	0,497
111	0,226
112	0,332
113	0,299
114	0,299
115	0,180
116	0,150
117	0,103
118	0,026
119	0,127
120	0,112
121	0,011
122	0,044
123	0,346
124	0,199
125	0,026
126	0,072
127	0,232
128	0,278
129	0,443
130	0,297
131	0,468
132	0,478
133	0,573
134	0,840
135	0,754
136	0,646
137	0,701
138	0,656
139	0,904
140	0,700
141	0,416
142	0,320
143	0,320
144	0,363
145	0,198
146	0,169
147	0,163
148	-0,086
149	-0,001
150	0,284
151	0,540
152	0,540
153	0,540
154	0,814
155	0,708
156	0,693
157	0,941
158	0,751
159	0,740
160	0,527
161	0,214
162	0,470
163	0,470
164	0,606
165	0,671
166	0,616
167	0,760
168	0,771
169	0,724
170	0,727
171	0,426
172	0,232
173	0,286
174	0,394
175	0,450
176	0,344
177	0,179
178	0,330
179	0,354
180	0,381
181	0,584
182	0,584
183	0,310
184	0,174
185	0,136
186	-0,011
187	0,109
188	0,128
189	0,242
190	0,039
191	-0,174
192	-0,054
193	-0,140
194	0,106
195	0,252
196	0,251
197	0,332
198	0,492
199	0,384
200	0,544
201	0,506
202	0,671
203	0,736
204	0,634
205	0,411
206	0,284
207	0,267
208	0,550
209	0,302
210	0,236
211	0,184
212	0,183
213	0,138
214	0,191
215	0,492
216	0,297
217	0,154
218	0,267
219	0,538
220	0,709
221	0,400
222	0,527
223	0,498
224	0,498
225	0,711
226	0,597
227	0,786
228	0,586
229	0,466
230	0,764
231	0,750
232	0,949
233	0,648
234	0,454
235	0,647
236	0,647
237	0,836
238	0,790
239	0,616
240	0,530
241	0,327
242	0,628
243	0,667
244	0,536
245	0,347
246	0,358
247	0,403
248	0,322
249	0,322
250	0,577
251	0,577
252	0,471
253	0,696
254	0,884
255	0,791
256	0,601
257	0,702
258	0,678
259	0,318
260	0,379
261	0,446
262	0,136
263	0,197
264	-0,022
265	0,277
266	0,171
267	0,316
268	0,426
269	0,204
270	0,097
271	0,202
272	-0,048
273	0,201
274	0,212
275	0,419
276	0,520
277	0,600
278	0,760
279	0,760
280	0,693
281	0,882
282	0,881
283	0,677
284	0,677
285	0,730
286	0,821
287	0,803
288	1,022
289	1,093
290	0,819
291	0,598
292	0,637
293	0,501
294	0,327
295	0,070
296	0,034
297	-0,043
298	-0,009
299	0,111
300	0,231
301	0,231
302	0,207
303	0,392
304	0,667
305	0,527
306	0,473
307	0,414
308	0,516
309	0,496
310	0,390
311	0,494
312	0,182
313	0,192
314	0,386
315	0,339
316	0,499
317	0,552
318	0,426
319	0,531
320	0,486
321	0,573
322	0,510
323	0,236
324	0,336
325	0,336
326	0,176
327	0,538
328	0,538
329	0,437
330	0,650
331	0,549
332	0,568
333	0,710
334	0,489
335	0,348
336	0,269
337	0,434
338	0,637
339	0,338
340	0,553
341	0,508
342	0,443
343	0,417
344	0,504
345	0,309
346	0,038
347	-0,063
348	0,153
349	-0,121
350	0,180
351	0,073
352	0,322
353	0,427
354	0,588
355	0,693
356	0,693
357	0,474
358	0,494
359	0,234
360	0,122
361	0,184
362	0,080
363	0,050
364	0,096
365	0,090
366	0,217
367	0,250
368	0,401
369	0,702
370	0,391
371	0,349
372	0,132
373	0,052
374	0,019
375	0,204
376	0,090
377	0,010
378	-0,264
379	-0,118
380	-0,056
381	0,054
382	0,030
383	-0,078
384	-0,089
385	0,247
386	0,276
387	0,497
388	0,391
389	0,391
390	0,391
391	0,306
392	0,393
393	0,404
394	0,183
395	0,088
396	-0,052
397	-0,067
398	-0,087
399	0,050
400	0,297
401	0,520
402	0,316
403	0,367
404	0,468
405	0,672
406	0,758
407	0,711
408	0,574
409	0,467
410	0,457
411	0,390
412	0,310
413	0,474
414	0,189
415	0,184
416	0,231
417	0,231
418	0,117
419	0,099
420	0,099
421	0,032
422	-0,252
423	-0,233
424	-0,149
425	-0,018
426	0,017
427	-0,010
428	-0,181
429	-0,076
430	-0,094
431	-0,094
432	0,172
433	0,127
434	0,034
435	0,029
436	0,330
437	0,530
438	0,429
439	0,514
440	0,789
441	0,778
442	0,772
443	0,893
444	1,036
445	0,881
446	0,571
447	0,827
448	0,856
449	0,681
450	0,426
451	0,426
452	0,319
453	0,347
454	0,308
455	0,332
456	0,058
457	0,029
458	0,203
459	0,469
460	0,474
461	0,333
462	0,163
463	0,197
464	0,197
465	0,532
466	0,668
467	0,559
468	0,549
469	0,543
470	0,844
471	0,749
472	0,754
473	0,840
474	0,504
475	0,506
476	0,626
477	0,608
478	0,714
479	0,440
480	0,643
481	0,643
