	aa hydrophobes	aa charges (%)	charge net	A	K	W	P	R	C	H	E	S	G	Q	D	V	L	T	N	Y	I	F	M
 sequence entiere	290	19,836	-109,80000000000001	23	18	28	24	25	30	20	23	21	34	23	31	17	30	31	24	27	28	16	16
 
 
Fenetres	hydrophobicite moyenne
1	0,252
2	0,218
3	0,303
4	0,068
5	0,238
6	0,364
7	0,108
8	0,173
9	0,159
10	0,139
11	0,053
12	0,213
13	0,388
14	0,026
15	-0,074
16	0,182
17	0,238
18	0,319
19	0,532
20	0,532
21	0,647
22	0,647
23	0,759
24	0,873
25	0,702
26	0,500
27	0,433
28	0,132
29	0,132
30	-0,011
31	-0,267
32	-0,267
33	-0,124
34	-0,237
35	-0,136
36	-0,030
37	0,282
38	0,567
39	0,660
40	0,656
41	0,589
42	0,351
43	0,463
44	0,629
45	0,783
46	0,598
47	0,394
48	0,194
49	0,153
50	0,110
51	0,191
52	0,120
53	-0,084
54	-0,386
55	-0,229
56	-0,024
57	0,174
58	0,476
59	0,476
60	0,461
61	0,612
62	0,646
63	0,672
64	0,751
65	0,751
66	0,481
67	0,182
68	0,428
69	0,563
70	0,620
71	0,524
72	0,586
73	0,416
74	0,106
75	0,110
76	0,327
77	0,362
78	0,363
79	0,202
80	0,469
81	0,600
82	0,520
83	0,710
84	0,976
85	0,869
86	0,887
87	0,939
88	0,998
89	0,793
90	0,721
91	0,654
92	0,763
93	0,579
94	0,469
95	0,256
96	-0,004
97	-0,004
98	0,080
99	0,152
100	0,214
101	0,197
102	0,382
103	0,521
104	0,744
105	0,811
106	0,752
107	0,606
108	0,389
109	0,473
110	0,298
111	0,204
112	0,066
113	0,067
114	0,242
115	0,467
116	0,548
117	0,738
118	0,692
119	0,697
120	0,480
121	0,504
122	0,219
123	0,219
124	0,208
125	0,392
126	0,341
127	0,302
128	0,278
129	0,388
130	0,502
131	0,588
132	0,588
133	0,328
134	0,043
135	0,264
136	0,264
137	0,318
138	0,318
139	0,318
140	0,232
141	-0,006
142	0,254
143	0,540
144	0,266
145	0,377
146	0,598
147	0,769
148	0,911
149	0,884
150	1,031
151	0,818
152	0,868
153	0,826
154	0,826
155	0,682
156	0,401
157	0,259
158	0,300
159	0,300
160	0,239
161	-0,123
162	0,143
163	0,143
164	-0,049
165	0,096
166	0,101
167	0,101
168	0,271
169	0,546
170	0,687
171	0,416
172	0,498
173	0,754
174	0,720
175	0,686
176	0,771
177	0,720
178	0,702
179	0,688
180	0,930
181	0,776
182	0,776
183	0,790
184	0,979
185	1,101
186	0,937
187	0,780
188	0,872
189	0,872
190	0,872
191	0,901
192	1,137
193	1,148
194	1,147
195	1,219
196	1,239
197	1,321
198	1,150
199	1,006
200	0,781
201	0,668
202	0,667
203	0,546
204	0,353
205	0,233
206	0,040
207	0,176
208	0,214
209	0,239
210	0,098
211	0,034
212	-0,066
213	-0,066
214	0,016
215	0,270
216	0,384
217	0,644
218	0,578
219	0,597
220	0,661
221	0,997
222	1,253
223	1,429
224	1,069
225	0,733
226	0,624
227	0,579
228	0,452
229	0,248
230	0,027
231	-0,009
232	-0,251
233	0,059
234	0,333
235	0,360
236	0,406
237	0,406
238	0,339
239	0,198
240	0,038
241	0,042
242	-0,162
243	-0,337
244	-0,468
245	-0,294
246	-0,046
247	0,224
248	0,508
249	0,731
250	0,997
251	1,251
252	1,237
253	1,151
254	0,978
255	0,770
256	0,600
257	0,404
258	0,342
259	0,172
260	-0,078
261	-0,163
262	0,083
263	0,400
264	0,607
265	0,684
266	0,909
267	0,687
268	0,658
269	0,687
270	0,706
271	0,459
272	0,344
273	0,238
274	0,021
275	-0,150
276	0,124
277	0,374
278	0,534
279	0,530
280	0,669
281	0,533
282	0,611
283	0,650
284	0,536
285	0,234
286	0,183
287	0,029
288	0,299
289	0,377
290	0,512
291	0,594
292	0,553
293	0,639
294	0,951
295	0,767
296	0,812
297	0,528
298	0,436
299	0,550
300	0,276
301	0,317
302	0,506
303	0,334
304	0,509
305	0,618
306	0,840
307	0,932
308	0,717
309	1,052
310	1,203
311	1,043
312	0,929
313	0,940
314	0,780
315	0,832
316	0,754
317	0,608
318	0,438
319	0,358
320	0,358
321	0,478
322	0,273
323	0,132
324	0,143
325	0,114
326	0,117
327	0,237
328	0,487
329	0,453
330	0,352
331	0,528
332	0,674
333	0,663
334	0,578
335	0,702
336	0,752
337	0,673
338	0,611
339	0,611
340	0,454
341	0,591
342	0,398
343	0,398
344	0,359
345	0,084
346	-0,153
347	-0,007
348	0,310
349	0,296
350	0,100
351	0,133
352	0,354
353	0,550
354	0,603
355	0,704
356	0,761
357	0,647
358	0,681
359	0,877
360	0,984
361	0,849
362	0,707
363	0,678
364	0,842
365	0,786
366	0,839
367	0,733
368	0,591
369	0,369
370	0,569
371	0,620
372	0,791
373	0,568
374	0,376
375	0,162
376	0,121
377	0,229
378	0,229
379	0,029
380	-0,076
381	-0,111
382	-0,072
383	0,016
384	0,177
385	0,318
386	0,261
387	0,453
388	0,703
389	0,834
390	0,888
391	1,073
392	1,269
393	1,108
394	1,012
395	0,820
396	0,748
397	0,748
398	0,721
399	0,532
400	0,582
401	0,600
402	0,796
403	0,838
404	1,087
405	1,028
406	0,977
407	0,784
408	0,891
409	0,570
410	0,416
411	0,159
412	0,383
413	0,281
414	0,441
415	0,322
416	0,541
417	0,570
418	0,891
419	0,771
420	1,056
421	0,936
422	1,072
423	1,187
424	1,107
425	1,000
426	0,793
427	0,732
428	1,007
429	0,979
430	1,006
431	0,971
432	0,910
433	0,939
434	1,074
435	1,060
436	0,800
437	0,810
438	0,572
439	0,666
440	0,636
441	0,553
442	0,412
443	0,477
444	0,699
445	0,766
446	0,454
447	0,409
448	0,204
449	-0,014
450	-0,233
451	-0,014
452	-0,214
453	-0,461
454	-0,422
455	-0,281
456	-0,236
457	-0,302
458	0,060
459	0,372
460	0,372
461	0,452
462	0,812
463	0,773
464	0,678
465	0,744
466	0,744
467	0,428
468	0,242
469	0,164
470	0,334
471	0,164
472	0,198
473	0,293
474	0,400
475	0,551
476	0,618
477	0,803
478	0,664
479	0,551
480	0,642
481	0,813
