	aa hydrophobes	aa charges (%)	charge net	T	G	D	W	P	H	N	K	E	M	V	Y	L	A	F	I	S	Q	C	R
 sequence entiere	305	17,791	-88,49999999999999	19	28	20	21	24	26	25	22	19	29	25	23	33	20	34	28	21	23	23	26
 
 
Fenetres	hydrophobicite moyenne
1	0,231
2	0,136
3	0,026
4	0,044
5	0,059
6	-0,041
7	-0,262
8	-0,206
9	-0,070
10	0,022
11	0,278
12	0,468
13	0,424
14	0,530
15	0,530
16	0,638
17	0,690
18	0,753
19	0,576
20	0,277
21	0,397
22	0,421
23	0,382
24	0,429
25	0,429
26	0,173
27	-0,136
28	-0,174
29	0,134
30	-0,037
31	0,049
32	0,160
33	0,180
34	0,180
35	0,242
36	0,523
37	0,668
38	0,357
39	0,261
40	0,190
41	-0,029
42	-0,010
43	0,042
44	-0,024
45	-0,196
46	-0,340
47	-0,213
48	0,042
49	0,312
50	0,312
51	0,273
52	-0,001
53	0,206
54	0,181
55	0,179
56	0,301
57	0,219
58	-0,092
59	0,016
60	0,074
61	0,240
62	0,119
63	0,031
64	0,058
65	0,028
66	0,058
67	0,199
68	0,137
69	0,031
70	0,150
71	0,336
72	0,377
73	0,462
74	0,270
75	0,213
76	0,118
77	0,099
78	0,341
79	0,057
80	-0,037
81	0,284
82	0,391
83	0,613
84	0,462
85	0,779
86	0,944
87	0,707
88	0,991
89	0,860
90	0,644
91	0,674
92	0,552
93	0,511
94	0,276
95	0,191
96	0,272
97	0,209
98	0,422
99	0,402
100	0,401
101	0,277
102	0,303
103	0,264
104	0,458
105	0,478
106	0,513
107	0,524
108	0,506
109	0,569
110	0,713
111	0,728
112	0,888
113	0,589
114	0,743
115	0,460
116	0,274
117	0,279
118	0,269
119	0,433
120	0,394
121	0,234
122	0,344
123	0,292
124	0,419
125	0,540
126	0,540
127	0,522
128	0,512
129	0,758
130	0,670
131	0,603
132	0,603
133	0,724
134	0,789
135	0,823
136	0,681
137	0,691
138	0,531
139	0,643
140	0,846
141	0,846
142	0,910
143	0,790
144	0,954
145	0,940
146	0,776
147	0,690
148	0,578
149	0,371
150	0,149
151	-0,051
152	-0,243
153	-0,306
154	-0,432
155	-0,267
156	0,032
157	0,179
158	0,284
159	0,303
160	0,237
161	0,363
162	0,477
163	0,778
164	0,767
165	0,778
166	0,993
167	0,934
168	1,190
169	1,190
170	1,426
171	1,176
172	1,067
173	1,049
174	0,849
175	0,628
176	0,540
177	0,366
178	0,366
179	0,003
180	0,003
181	-0,081
182	-0,338
183	-0,404
184	-0,183
185	0,009
186	0,244
187	0,418
188	0,666
189	0,746
190	0,950
191	1,234
192	1,500
193	1,439
194	1,359
195	1,298
196	1,187
197	0,941
198	0,776
199	0,504
200	0,506
201	0,443
202	0,144
203	0,078
204	-0,136
205	-0,024
206	-0,000
207	0,192
208	0,259
209	0,196
210	0,248
211	0,557
212	0,794
213	1,008
214	0,916
215	1,036
216	1,118
217	1,202
218	1,202
219	1,009
220	1,009
221	0,833
222	0,534
223	0,657
224	0,759
225	0,820
226	0,673
227	0,708
228	0,641
229	0,578
230	0,578
231	0,702
232	0,766
233	0,828
234	0,492
235	0,666
236	0,494
237	0,494
238	0,249
239	0,268
240	0,453
241	0,452
242	0,503
243	0,696
244	0,696
245	0,894
246	0,856
247	1,102
248	1,288
249	1,194
250	1,024
251	0,854
252	0,947
253	0,730
254	0,507
255	0,612
256	0,647
257	0,380
258	0,380
259	0,540
260	0,436
261	0,437
262	0,476
263	0,529
264	0,733
265	0,450
266	0,531
267	0,624
268	0,411
269	0,516
270	0,451
271	0,518
272	0,678
273	0,667
274	0,916
275	1,038
276	0,838
277	0,750
278	0,870
279	0,871
280	0,890
281	0,901
282	0,600
283	0,570
284	0,569
285	0,457
286	0,819
287	0,754
288	0,754
289	0,740
290	0,739
291	1,040
292	1,104
293	1,140
294	1,423
295	1,373
296	1,272
297	1,307
298	1,194
299	0,910
300	0,857
301	0,681
302	0,760
303	0,839
304	0,529
305	0,630
306	0,459
307	0,707
308	0,682
309	0,434
310	0,610
311	0,531
312	0,210
313	0,491
314	0,331
315	0,360
316	0,304
317	0,329
318	0,641
319	0,360
320	0,389
321	0,489
322	0,517
323	0,712
324	0,820
325	0,911
326	0,972
327	0,801
328	0,844
329	0,679
330	0,849
331	0,626
332	0,383
333	0,447
334	0,356
335	0,394
336	0,446
337	0,648
338	0,802
339	0,803
340	0,716
341	0,782
342	0,611
343	0,702
344	0,938
345	0,892
346	0,956
347	0,902
348	0,839
349	1,140
350	1,073
351	1,243
352	1,048
353	0,731
354	0,672
355	0,488
356	0,488
357	0,550
358	0,560
359	0,767
360	0,563
361	0,521
362	0,838
363	0,862
364	0,928
365	0,929
366	0,706
367	0,541
368	0,486
369	0,519
370	0,836
371	0,614
372	0,502
373	0,621
374	0,372
375	0,596
376	0,576
377	0,576
378	0,461
379	0,226
380	0,397
381	0,589
382	0,404
383	0,512
384	0,393
385	0,568
386	0,623
387	0,723
388	0,880
389	0,714
390	0,568
391	0,752
392	0,644
393	0,763
394	0,609
395	0,407
396	0,282
397	0,111
398	0,183
399	0,450
400	0,184
401	0,297
402	0,297
403	0,191
404	0,393
405	0,692
406	0,721
407	0,614
408	0,521
409	0,777
410	0,664
411	0,637
412	0,907
413	0,659
414	0,577
415	0,548
416	0,747
417	0,777
418	0,583
419	0,610
420	0,689
421	0,570
422	0,697
423	0,727
424	0,617
425	0,418
426	0,316
427	0,234
428	0,427
429	0,313
430	0,404
431	0,561
432	0,400
433	0,486
434	0,674
435	0,840
436	1,032
437	0,901
438	1,014
439	1,043
440	0,952
441	1,083
442	1,244
443	1,254
444	1,030
445	1,059
446	1,283
447	1,204
448	1,084
449	0,938
450	0,827
451	0,797
452	0,593
453	0,753
454	0,593
455	0,393
456	0,251
457	0,186
458	0,252
459	0,507
460	0,589
461	0,508
462	0,561
463	0,666
464	0,666
465	0,887
466	0,907
467	0,840
468	0,619
469	0,430
470	0,766
471	0,683
472	0,792
473	0,991
474	0,941
475	0,936
476	1,201
477	1,361
478	1,396
479	1,079
480	1,161
481	0,862
