	aa hydrophobes	aa charges (%)	charge net	T	M	S	G	E	D	H	N	L	I	Q	V	P	Y	A	C	K	F	R	W
 sequence entiere	277	21,472	-106,90000000000003	33	11	25	32	22	35	10	25	52	32	25	28	21	14	42	11	17	14	31	9
 
 
Fenetres	hydrophobicite moyenne
1	0,010
2	-0,086
3	-0,033
4	0,108
5	0,108
6	0,179
7	0,383
8	0,464
9	0,426
10	0,426
11	0,628
12	0,628
13	0,571
14	0,567
15	0,767
16	0,647
17	0,787
18	0,918
19	0,957
20	0,992
21	0,718
22	0,528
23	0,731
24	0,464
25	0,299
26	0,078
27	-0,141
28	-0,180
29	-0,376
30	-0,361
31	-0,363
32	-0,528
33	-0,261
34	-0,200
35	0,021
36	0,240
37	0,380
38	0,593
39	0,640
40	0,889
41	0,854
42	0,542
43	0,567
44	0,631
45	0,713
46	0,767
47	0,828
48	0,767
49	0,819
50	0,954
51	1,317
52	1,397
53	1,226
54	1,037
55	0,983
56	0,709
57	0,728
58	0,568
59	0,408
60	0,192
61	0,192
62	0,192
63	0,107
64	-0,053
65	0,006
66	0,107
67	0,267
68	0,224
69	0,186
70	0,020
71	0,127
72	0,100
73	0,058
74	0,103
75	-0,002
76	-0,162
77	-0,120
78	-0,101
79	-0,082
80	-0,284
81	-0,143
82	0,123
83	-0,069
84	0,031
85	0,109
86	0,062
87	0,154
88	0,410
89	0,677
90	0,623
91	0,419
92	0,507
93	0,667
94	0,696
95	0,762
96	0,631
97	0,418
98	0,298
99	0,237
100	0,241
101	0,401
102	0,100
103	0,153
104	0,192
105	0,192
106	0,212
107	0,321
108	0,487
109	0,420
110	0,172
111	0,319
112	0,020
113	-0,127
114	-0,022
115	-0,089
116	-0,107
117	-0,050
118	0,017
119	0,058
120	-0,089
121	-0,089
122	0,159
123	0,012
124	0,220
125	0,220
126	0,017
127	0,153
128	0,224
129	0,508
130	0,652
131	0,531
132	0,787
133	0,757
134	0,581
135	0,562
136	0,614
137	0,814
138	0,531
139	0,747
140	0,931
141	0,913
142	0,836
143	0,920
144	0,939
145	0,746
146	0,460
147	0,487
148	0,426
149	0,222
150	0,086
151	0,086
152	-0,107
153	-0,107
154	-0,068
155	0,153
156	0,438
157	0,283
158	0,221
159	0,376
160	0,261
161	0,408
162	0,474
163	0,640
164	0,433
165	0,124
166	0,019
167	0,114
168	-0,141
169	-0,056
170	-0,161
171	-0,127
172	-0,292
173	-0,221
174	-0,182
175	-0,197
176	-0,197
177	0,059
178	0,034
179	0,101
180	0,202
181	0,197
182	0,333
183	0,404
184	0,419
185	0,323
186	0,049
187	0,102
188	-0,006
189	0,059
190	0,030
191	0,029
192	-0,042
193	0,136
194	0,117
195	0,391
196	0,291
197	0,510
198	0,198
199	0,398
200	0,297
201	0,503
202	0,397
203	0,370
204	0,381
205	0,623
206	0,407
207	0,719
208	0,553
209	0,433
210	0,212
211	0,401
212	0,702
213	0,417
214	0,352
215	0,651
216	0,447
217	0,412
218	0,498
219	0,772
220	0,690
221	0,536
222	0,554
223	0,362
224	0,309
225	0,228
226	0,257
227	0,271
228	0,082
229	0,174
230	0,028
231	0,094
232	0,380
233	0,240
234	0,360
235	0,366
236	0,239
237	0,253
238	0,243
239	0,331
240	0,219
241	-0,067
242	0,138
243	-0,007
244	-0,127
245	-0,039
246	-0,024
247	-0,323
248	-0,099
249	0,212
250	0,332
251	0,132
252	0,442
253	0,727
254	1,001
255	0,968
256	1,267
257	1,202
258	1,083
259	1,238
260	1,152
261	1,032
262	1,022
263	0,807
264	0,699
265	0,443
266	0,558
267	0,507
268	0,352
269	0,352
270	0,187
271	-0,088
272	-0,208
273	-0,181
274	-0,119
275	-0,180
276	-0,102
277	-0,108
278	-0,093
279	0,192
280	0,358
281	0,372
282	0,657
283	0,861
284	0,701
285	0,570
286	0,730
287	0,990
288	0,926
289	0,926
290	0,926
291	0,916
292	0,630
293	0,801
294	1,014
295	0,961
296	0,961
297	0,860
298	0,860
299	0,846
300	0,652
301	0,652
302	0,481
303	0,327
304	0,298
305	0,143
306	0,309
307	0,263
308	0,538
309	0,577
310	0,677
311	0,682
312	0,837
313	0,764
314	0,618
315	0,524
316	0,380
317	0,120
318	0,086
319	0,151
320	0,316
321	0,102
322	0,318
323	0,459
324	0,523
325	0,633
326	0,893
327	1,082
328	1,202
329	0,937
330	1,160
331	0,798
332	0,769
333	0,488
334	0,417
335	0,142
336	-0,012
337	-0,212
338	-0,146
339	-0,349
340	-0,048
341	0,141
342	0,286
343	0,437
344	0,522
345	0,623
346	0,812
347	0,948
348	0,987
349	0,731
350	0,518
351	0,672
352	0,568
353	0,597
354	0,650
355	0,661
356	0,606
357	0,461
358	0,728
359	0,888
360	0,899
361	1,123
362	1,123
363	1,070
364	0,884
365	0,833
366	0,877
367	0,812
368	0,564
369	0,279
370	-0,033
371	-0,172
372	-0,308
373	-0,288
374	-0,282
375	-0,326
376	-0,532
377	-0,530
378	-0,244
379	0,067
380	0,257
381	0,144
382	0,139
383	0,184
384	0,466
385	0,537
386	0,676
387	0,664
388	0,666
389	0,561
390	0,561
391	0,721
392	0,891
393	0,909
394	0,842
395	0,848
396	0,848
397	0,536
398	0,536
399	0,536
400	0,280
401	0,219
402	0,059
403	0,262
404	0,228
405	0,068
406	0,369
407	0,564
408	0,564
409	0,767
410	0,468
411	0,639
412	0,417
413	0,392
414	0,563
415	0,303
416	0,303
417	0,552
418	0,606
419	0,730
420	0,667
421	0,952
422	0,977
423	0,966
424	1,172
425	1,251
426	1,303
427	1,303
428	1,179
429	1,231
430	0,921
431	0,950
432	0,841
433	0,593
434	0,479
435	0,324
436	0,111
437	0,250
438	0,197
439	0,302
440	0,161
441	0,270
442	0,417
443	0,171
444	0,171
445	0,276
446	0,276
447	0,339
448	0,378
449	0,627
450	0,371
451	0,443
452	0,468
453	0,632
454	0,752
455	0,699
456	0,433
457	0,534
458	0,412
459	0,479
460	0,387
461	0,360
462	0,157
463	0,207
464	0,227
465	0,492
466	0,386
467	0,406
468	0,434
469	0,449
470	0,490
471	0,382
472	0,061
473	0,100
474	-0,064
475	0,078
476	0,243
477	0,413
478	0,384
479	0,389
480	0,497
481	0,674
