	C+G(%)	CpG(%)	A	G	T	C
 sequence entiere	35,147	2,507	623	347	593	312

1	32,000	5	1,042	Non
2	32,000	5	1,042	Non
3	32,000	5	1,042	Non
4	32,500	5	1,000	Non
5	32,500	5	1,000	Non
6	32,500	5	1,000	Non
7	33,000	5	0,976	Non
8	33,000	5	0,976	Non
9	32,500	5	1,000	Non
10	33,000	5	0,976	Non
11	33,000	5	0,962	Non
12	33,000	5	0,962	Non
13	33,500	5	0,926	Non
14	33,000	5	0,950	Non
15	33,500	5	0,926	Non
16	34,000	5	0,893	Non
17	34,500	6	1,045	Non
18	34,500	6	1,058	Non
19	34,500	6	1,058	Non
20	34,500	5	0,894	Non
21	34,000	5	0,916	Non
22	34,000	5	0,916	Non
23	34,500	6	1,073	Non
24	34,500	6	1,058	Non
25	35,000	6	1,020	Non
26	34,500	6	1,045	Non
27	35,000	6	1,009	Non
28	34,500	6	1,034	Non
29	34,500	6	1,034	Non
30	35,000	6	1,009	Non
31	35,000	6	1,009	Non
32	35,000	6	1,009	Non
33	35,000	6	1,009	Non
34	35,000	6	1,009	Non
35	35,000	6	1,009	Non
36	35,000	6	1,009	Non
37	35,000	6	1,009	Non
38	34,500	6	1,034	Non
39	34,500	6	1,034	Non
40	34,000	6	1,071	Non
41	34,500	6	1,034	Non
42	35,000	7	1,177	Non
43	35,000	7	1,167	Non
44	35,500	8	1,301	Non
45	35,500	8	1,301	Non
46	35,500	8	1,301	Non
47	35,500	8	1,301	Non
48	35,000	8	1,333	Non
49	35,000	8	1,333	Non
50	35,000	8	1,333	Non
51	34,500	8	1,379	Non
52	34,000	8	1,429	Non
53	34,000	8	1,429	Non
54	34,000	8	1,429	Non
55	34,000	8	1,429	Non
56	34,500	8	1,379	Non
57	34,500	8	1,379	Non
58	34,000	8	1,415	Non
59	34,500	8	1,379	Non
60	35,000	8	1,346	Non
61	34,500	8	1,394	Non
62	34,500	8	1,394	Non
63	35,000	8	1,346	Non
64	35,000	8	1,346	Non
65	35,000	8	1,346	Non
66	35,000	8	1,346	Non
67	35,000	8	1,346	Non
68	35,000	8	1,346	Non
69	34,500	8	1,379	Non
70	34,000	7	1,250	Non
71	33,500	7	1,282	Non
72	33,500	7	1,296	Non
73	33,500	7	1,296	Non
74	34,000	7	1,250	Non
75	34,000	7	1,250	Non
76	34,000	7	1,250	Non
77	34,000	7	1,250	Non
78	34,000	7	1,250	Non
79	34,500	7	1,207	Non
80	34,500	7	1,207	Non
81	34,000	7	1,238	Non
82	33,500	7	1,282	Non
83	33,500	7	1,282	Non
84	34,000	7	1,250	Non
85	33,500	6	1,111	Non
86	33,000	6	1,140	Non
87	33,000	6	1,140	Non
88	33,000	6	1,140	Non
89	32,500	6	1,183	Non
90	32,500	6	1,183	Non
91	32,500	6	1,183	Non
92	33,000	6	1,154	Non
93	33,000	6	1,154	Non
94	33,000	6	1,154	Non
95	33,500	6	1,111	Non
96	33,500	6	1,111	Non
97	33,000	6	1,140	Non
98	33,000	6	1,140	Non
99	33,500	6	1,111	Non
100	33,500	6	1,111	Non
101	33,000	6	1,154	Non
102	33,000	6	1,154	Non
103	33,000	6	1,154	Non
104	32,500	6	1,183	Non
105	32,000	6	1,215	Non
106	32,000	6	1,215	Non
107	31,500	6	1,247	Non
108	32,000	6	1,215	Non
109	31,500	6	1,263	Non
110	31,500	6	1,263	Non
111	31,000	6	1,297	Non
112	31,000	6	1,297	Non
113	31,500	6	1,263	Non
114	31,500	6	1,263	Non
115	31,500	6	1,263	Non
116	32,000	6	1,215	Non
117	32,000	6	1,215	Non
118	32,500	6	1,183	Non
119	33,000	6	1,140	Non
120	33,000	6	1,140	Non
121	33,500	6	1,099	Non
122	33,000	6	1,128	Non
123	33,000	6	1,128	Non
124	33,000	6	1,128	Non
125	33,500	6	1,089	Non
126	33,500	6	1,089	Non
127	33,000	6	1,118	Non
128	33,500	6	1,089	Non
129	33,500	6	1,089	Non
130	34,000	6	1,053	Non
131	34,000	6	1,053	Non
132	34,000	6	1,053	Non
133	34,000	6	1,053	Non
134	34,500	6	1,026	Non
135	34,500	6	1,026	Non
136	35,000	6	1,000	Non
137	35,000	6	1,000	Non
138	35,500	6	0,976	Non
139	35,500	6	0,976	Non
140	35,500	6	0,976	Non
141	35,500	6	0,976	Non
142	35,500	6	0,976	Non
143	35,500	6	0,976	Non
144	35,000	6	1,000	Non
145	34,500	6	1,034	Non
146	34,500	6	1,034	Non
147	34,000	6	1,061	Non
148	34,000	6	1,061	Non
149	34,500	6	1,026	Non
150	34,000	6	1,053	Non
151	34,500	6	1,026	Non
152	34,000	6	1,061	Non
153	34,500	6	1,026	Non
154	35,000	6	0,993	Non
155	35,000	6	0,993	Non
156	35,000	6	0,993	Non
157	35,000	6	0,993	Non
158	35,500	6	0,968	Non
159	35,500	6	0,968	Non
160	36,000	6	0,938	Non
161	36,000	6	0,932	Non
162	36,000	6	0,932	Non
163	36,000	6	0,932	Non
164	36,500	6	0,909	Non
165	36,000	5	0,781	Non
166	35,500	5	0,801	Non
167	35,500	5	0,801	Non
168	35,500	5	0,801	Non
169	36,000	5	0,777	Non
170	35,500	5	0,801	Non
171	36,000	5	0,777	Non
172	36,000	5	0,777	Non
173	36,000	5	0,777	Non
174	35,500	5	0,797	Non
175	35,500	5	0,797	Non
176	35,500	5	0,797	Non
177	36,000	5	0,774	Non
178	36,000	5	0,774	Non
179	36,000	5	0,774	Non
180	35,500	5	0,795	Non
181	35,500	5	0,795	Non
182	35,500	5	0,795	Non
183	35,500	5	0,797	Non
184	35,500	5	0,797	Non
185	35,000	5	0,822	Non
186	35,000	4	0,662	Non
187	34,500	4	0,679	Non
188	35,000	4	0,662	Non
189	34,500	4	0,679	Non
190	34,500	4	0,679	Non
191	35,000	4	0,662	Non
192	34,500	4	0,679	Non
193	35,000	4	0,658	Non
194	34,500	4	0,676	Non
195	34,000	4	0,694	Non
196	34,000	4	0,694	Non
197	34,000	4	0,694	Non
198	34,000	4	0,694	Non
199	33,500	4	0,717	Non
200	33,500	4	0,717	Non
201	34,000	4	0,694	Non
202	34,000	4	0,694	Non
203	34,000	4	0,694	Non
204	33,500	4	0,717	Non
205	33,500	4	0,717	Non
206	33,500	4	0,717	Non
207	33,000	4	0,737	Non
208	33,500	4	0,714	Non
209	34,000	5	0,868	Non
210	33,500	5	0,893	Non
211	33,000	5	0,922	Non
212	33,000	5	0,922	Non
213	32,500	5	0,952	Non
214	33,000	5	0,922	Non
215	32,500	5	0,949	Non
216	32,500	4	0,762	Non
217	32,000	4	0,784	Non
218	31,500	4	0,808	Non
219	32,000	4	0,782	Non
220	31,500	4	0,806	Non
221	32,000	4	0,782	Non
222	32,000	3	0,587	Non
223	32,000	3	0,586	Non
224	31,500	3	0,605	Non
225	31,500	3	0,605	Non
226	32,000	4	0,782	Non
227	31,500	4	0,808	Non
228	32,000	4	0,784	Non
229	32,000	4	0,784	Non
230	31,500	4	0,808	Non
231	31,500	4	0,808	Non
232	31,500	4	0,808	Non
233	31,500	4	0,808	Non
234	32,000	4	0,782	Non
235	32,500	4	0,758	Non
236	32,500	4	0,758	Non
237	33,000	4	0,735	Non
238	33,000	4	0,735	Non
239	33,000	4	0,735	Non
240	33,500	4	0,713	Non
241	33,000	3	0,551	Non
242	32,500	3	0,568	Non
243	32,000	2	0,391	Non
244	31,500	2	0,403	Non
245	31,500	2	0,403	Non
246	32,000	2	0,391	Non
247	32,000	2	0,391	Non
248	32,500	2	0,379	Non
249	32,500	2	0,379	Non
250	32,500	2	0,379	Non
251	32,500	2	0,379	Non
252	33,000	2	0,367	Non
253	33,500	2	0,357	Non
254	33,500	2	0,357	Non
255	33,500	2	0,357	Non
256	33,500	2	0,357	Non
257	33,500	2	0,357	Non
258	33,500	2	0,357	Non
259	33,000	2	0,367	Non
260	32,500	2	0,379	Non
261	33,000	2	0,367	Non
262	33,500	2	0,357	Non
263	33,000	2	0,368	Non
264	33,000	2	0,368	Non
265	33,500	2	0,357	Non
266	33,500	2	0,357	Non
267	34,000	2	0,346	Non
268	34,500	2	0,337	Non
269	34,500	2	0,337	Non
270	34,500	2	0,337	Non
271	34,500	2	0,337	Non
272	34,500	2	0,337	Non
273	34,500	2	0,337	Non
274	34,000	2	0,347	Non
275	34,000	2	0,347	Non
276	34,000	2	0,347	Non
277	34,500	2	0,337	Non
278	35,000	3	0,491	Non
279	35,000	3	0,491	Non
280	35,500	4	0,638	Non
281	35,500	4	0,638	Non
282	35,500	4	0,638	Non
283	36,000	4	0,622	Non
284	35,500	4	0,638	Non
285	35,500	4	0,638	Non
286	35,500	4	0,638	Non
287	36,000	4	0,622	Non
288	36,000	4	0,622	Non
289	36,500	4	0,603	Non
290	36,500	4	0,603	Non
291	36,000	4	0,619	Non
292	35,500	4	0,636	Non
293	35,500	4	0,636	Non
294	35,500	4	0,636	Non
295	35,000	4	0,655	Non
296	35,500	4	0,638	Non
297	36,000	4	0,622	Non
298	35,500	4	0,638	Non
299	35,500	4	0,638	Non
300	35,500	4	0,638	Non
301	36,000	4	0,619	Non
302	36,500	4	0,602	Non
303	36,500	4	0,602	Non
304	36,500	4	0,602	Non
305	36,500	4	0,602	Non
306	36,500	4	0,602	Non
307	36,500	4	0,602	Non
308	36,000	4	0,618	Non
309	36,500	4	0,602	Non
310	37,000	4	0,586	Non
311	37,000	4	0,586	Non
312	37,500	4	0,570	Non
313	37,500	4	0,569	Non
314	37,500	4	0,569	Non
315	38,000	4	0,554	Non
316	38,000	4	0,556	Non
317	38,000	4	0,556	Non
318	38,000	4	0,556	Non
319	37,500	4	0,571	Non
320	38,000	4	0,556	Non
321	37,500	4	0,571	Non
322	37,500	4	0,571	Non
323	37,500	4	0,571	Non
324	37,500	4	0,571	Non
325	37,500	4	0,574	Non
326	37,500	4	0,574	Non
327	37,500	4	0,574	Non
328	37,000	4	0,588	Non
329	37,500	4	0,574	Non
330	37,000	4	0,591	Non
331	37,000	4	0,591	Non
332	37,000	4	0,591	Non
333	37,000	4	0,591	Non
334	36,500	4	0,606	Non
335	36,500	4	0,606	Non
336	36,500	4	0,606	Non
337	36,000	4	0,622	Non
338	35,500	4	0,638	Non
339	36,000	4	0,622	Non
340	36,000	4	0,622	Non
341	36,000	4	0,619	Non
342	36,000	4	0,619	Non
343	36,500	4	0,603	Non
344	36,500	4	0,603	Non
345	37,000	4	0,586	Non
346	37,000	4	0,586	Non
347	37,000	4	0,586	Non
348	37,000	4	0,586	Non
349	36,500	4	0,603	Non
350	36,500	4	0,603	Non
351	36,500	4	0,603	Non
352	36,500	4	0,603	Non
353	36,500	4	0,603	Non
354	36,000	4	0,622	Non
355	36,500	4	0,603	Non
356	36,500	4	0,603	Non
357	37,000	4	0,588	Non
358	37,000	4	0,586	Non
359	37,000	4	0,586	Non
360	36,500	4	0,603	Non
361	36,500	4	0,603	Non
362	37,000	5	0,735	Non
363	37,000	5	0,735	Non
364	36,500	5	0,754	Non
365	37,000	5	0,733	Non
366	37,000	5	0,733	Non
367	37,500	5	0,714	Non
368	37,000	5	0,733	Non
369	36,500	5	0,754	Non
370	36,500	5	0,754	Non
371	36,000	5	0,777	Non
372	36,500	5	0,754	Non
373	36,500	5	0,754	Non
374	36,500	5	0,754	Non
375	36,500	5	0,758	Non
376	36,500	5	0,758	Non
377	36,000	5	0,781	Non
378	36,500	5	0,758	Non
379	36,500	5	0,758	Non
380	37,000	5	0,739	Non
381	37,000	5	0,739	Non
382	37,000	5	0,739	Non
383	36,500	5	0,758	Non
384	37,000	5	0,739	Non
385	37,000	5	0,739	Non
386	37,000	5	0,739	Non
387	37,500	5	0,722	Non
388	37,000	5	0,739	Non
389	37,500	5	0,717	Non
390	37,500	5	0,717	Non
391	37,500	5	0,717	Non
392	38,000	5	0,697	Non
393	37,500	5	0,717	Non
394	38,000	5	0,697	Non
395	38,500	6	0,816	Non
396	39,000	6	0,794	Non
397	39,500	6	0,772	Non
398	39,500	6	0,772	Non
399	39,500	6	0,772	Non
400	39,500	6	0,772	Non
401	39,500	6	0,772	Non
402	40,000	6	0,752	Non
403	40,000	6	0,752	Non
404	40,000	6	0,752	Non
405	40,000	6	0,752	Non
406	40,000	6	0,752	Non
407	40,000	6	0,752	Non
408	40,000	5	0,629	Non
409	39,500	5	0,644	Non
410	40,000	5	0,629	Non
411	40,000	5	0,629	Non
412	40,000	5	0,629	Non
413	40,500	5	0,612	Non
414	40,000	5	0,629	Non
415	40,500	5	0,612	Non
416	40,500	6	0,734	Non
417	41,000	6	0,716	Non
418	41,500	6	0,698	Non
419	41,000	6	0,716	Non
420	41,000	6	0,716	Non
421	41,000	6	0,716	Non
422	40,500	6	0,734	Non
423	40,500	6	0,737	Non
424	40,500	6	0,737	Non
425	40,000	5	0,631	Non
426	39,500	5	0,646	Non
427	39,500	5	0,646	Non
428	39,500	5	0,646	Non
429	40,000	5	0,631	Non
430	40,500	5	0,617	Non
431	40,500	5	0,617	Non
432	40,500	5	0,617	Non
433	40,500	5	0,617	Non
434	40,500	5	0,617	Non
435	40,000	5	0,635	Non
436	40,000	5	0,635	Non
437	39,500	5	0,654	Non
438	40,000	5	0,639	Non
439	40,000	5	0,639	Non
440	39,500	5	0,659	Non
441	39,500	5	0,659	Non
442	40,000	5	0,645	Non
443	40,000	5	0,645	Non
444	40,000	5	0,645	Non
445	40,000	5	0,645	Non
446	39,500	5	0,665	Non
447	40,000	5	0,651	Non
448	39,500	5	0,665	Non
449	40,000	5	0,645	Non
450	40,000	5	0,645	Non
451	40,000	5	0,645	Non
452	40,000	5	0,639	Non
453	40,000	5	0,635	Non
454	40,000	5	0,635	Non
455	39,500	5	0,654	Non
456	39,500	5	0,659	Non
457	39,500	5	0,659	Non
458	39,500	5	0,659	Non
459	40,000	5	0,639	Non
460	40,000	5	0,639	Non
461	39,500	5	0,654	Non
462	39,000	5	0,668	Non
463	39,000	5	0,668	Non
464	39,500	5	0,654	Non
465	39,000	5	0,673	Non
466	39,000	5	0,673	Non
467	38,500	5	0,689	Non
468	38,500	5	0,689	Non
469	38,500	5	0,689	Non
470	38,500	5	0,689	Non
471	39,000	5	0,673	Non
472	38,500	5	0,689	Non
473	39,000	5	0,673	Non
474	39,500	5	0,659	Non
475	40,000	5	0,639	Non
476	40,000	5	0,639	Non
477	40,000	4	0,512	Non
478	39,500	4	0,523	Non
479	39,000	3	0,404	Non
480	38,500	3	0,413	Non
481	38,500	3	0,413	Non
482	39,000	3	0,404	Non
483	39,000	3	0,404	Non
484	39,000	3	0,404	Non
485	39,000	3	0,404	Non
486	39,500	3	0,392	Non
487	39,000	3	0,401	Non
488	38,500	3	0,410	Non
489	38,500	3	0,413	Non
490	38,500	3	0,413	Non
491	39,000	3	0,404	Non
492	39,500	3	0,395	Non
493	39,500	3	0,395	Non
494	40,000	3	0,384	Non
495	40,000	3	0,384	Non
496	39,500	3	0,392	Non
497	39,000	3	0,401	Non
498	39,500	3	0,390	Non
499	39,000	3	0,399	Non
500	39,000	3	0,399	Non
501	39,000	3	0,401	Non
502	38,500	3	0,413	Non
503	38,500	3	0,413	Non
504	38,500	3	0,413	Non
505	39,000	3	0,401	Non
506	39,000	3	0,401	Non
507	39,000	3	0,401	Non
508	39,000	3	0,401	Non
509	39,000	3	0,401	Non
510	39,000	3	0,401	Non
511	39,000	3	0,401	Non
512	38,500	3	0,413	Non
513	38,500	3	0,417	Non
514	39,000	3	0,408	Non
515	38,500	3	0,417	Non
516	38,500	3	0,413	Non
517	38,500	3	0,413	Non
518	38,000	3	0,423	Non
519	38,500	3	0,413	Non
520	38,500	3	0,413	Non
521	39,000	3	0,401	Non
522	39,500	3	0,390	Non
523	39,500	3	0,390	Non
524	39,500	3	0,390	Non
525	39,000	3	0,399	Non
526	39,500	3	0,390	Non
527	39,500	3	0,390	Non
528	39,500	3	0,390	Non
529	39,000	3	0,399	Non
530	39,000	3	0,399	Non
531	39,000	3	0,399	Non
532	39,000	3	0,399	Non
533	39,500	3	0,390	Non
534	39,500	3	0,390	Non
535	40,000	3	0,381	Non
536	39,500	3	0,390	Non
537	40,000	3	0,381	Non
538	40,000	3	0,381	Non
539	39,500	3	0,390	Non
540	39,500	3	0,390	Non
541	39,000	3	0,401	Non
542	39,000	3	0,401	Non
543	38,500	3	0,410	Non
544	38,500	3	0,410	Non
545	38,500	3	0,410	Non
546	38,500	3	0,410	Non
547	38,500	3	0,410	Non
548	39,000	3	0,399	Non
549	39,500	4	0,519	Non
550	39,500	4	0,519	Non
551	39,500	4	0,519	Non
552	40,000	4	0,508	Non
553	40,000	4	0,508	Non
554	40,500	5	0,621	Non
555	40,000	5	0,639	Non
556	40,000	5	0,639	Non
557	40,000	5	0,635	Non
558	39,500	5	0,654	Non
559	40,000	5	0,635	Non
560	40,500	6	0,745	Non
561	40,000	5	0,639	Non
562	39,500	5	0,654	Non
563	39,500	5	0,654	Non
564	39,500	5	0,654	Non
565	39,500	5	0,654	Non
566	39,500	5	0,654	Non
567	39,000	5	0,668	Non
568	39,000	5	0,668	Non
569	39,000	5	0,668	Non
570	39,500	5	0,654	Non
571	39,500	5	0,654	Non
572	39,000	5	0,673	Non
573	39,500	5	0,659	Non
574	40,000	5	0,639	Non
575	39,500	5	0,654	Non
576	40,000	5	0,635	Non
577	40,000	5	0,635	Non
578	39,500	5	0,654	Non
579	40,000	5	0,639	Non
580	40,000	5	0,635	Non
581	40,000	5	0,635	Non
582	40,500	5	0,621	Non
583	41,000	5	0,604	Non
584	40,500	5	0,617	Non
585	40,500	5	0,617	Non
586	40,000	5	0,631	Non
587	39,500	5	0,646	Non
588	39,500	5	0,646	Non
589	39,500	5	0,649	Non
590	39,500	5	0,649	Non
591	39,500	5	0,646	Non
592	39,500	6	0,779	Non
593	39,500	6	0,779	Non
594	39,000	5	0,668	Non
595	39,000	5	0,664	Non
596	39,000	5	0,664	Non
597	38,500	5	0,684	Non
598	38,500	5	0,684	Non
599	39,000	5	0,668	Non
600	39,500	5	0,654	Non
601	39,000	5	0,673	Non
602	38,500	5	0,694	Non
603	38,500	5	0,694	Non
604	38,500	5	0,694	Non
605	38,500	5	0,694	Non
606	38,500	5	0,694	Non
607	38,500	5	0,694	Non
608	38,500	5	0,689	Non
609	38,500	5	0,689	Non
610	38,500	5	0,684	Non
611	39,000	5	0,664	Non
612	39,000	5	0,664	Non
613	38,500	5	0,684	Non
614	38,500	5	0,684	Non
615	38,000	4	0,564	Non
616	37,500	4	0,577	Non
617	37,500	4	0,577	Non
618	37,000	4	0,595	Non
619	37,000	4	0,595	Non
620	37,000	4	0,595	Non
621	36,500	4	0,610	Non
622	37,000	4	0,595	Non
623	37,000	4	0,595	Non
624	37,000	4	0,595	Non
625	37,000	4	0,595	Non
626	37,500	4	0,581	Non
627	37,500	4	0,581	Non
628	37,000	4	0,595	Non
629	36,500	4	0,610	Non
630	36,000	4	0,625	Non
631	36,000	4	0,625	Non
632	36,500	4	0,610	Non
633	37,000	4	0,595	Non
634	36,500	4	0,614	Non
635	37,000	4	0,595	Non
636	37,000	4	0,595	Non
637	37,500	4	0,581	Non
638	37,500	4	0,577	Non
639	38,000	5	0,705	Non
640	38,000	5	0,705	Non
641	38,000	5	0,705	Non
642	37,500	5	0,722	Non
643	38,000	5	0,700	Non
644	38,500	6	0,821	Non
645	38,500	6	0,821	Non
646	38,500	6	0,821	Non
647	38,500	6	0,821	Non
648	38,500	6	0,821	Non
649	38,500	6	0,821	Non
650	39,000	7	0,936	Non
651	39,500	7	0,909	Non
652	39,500	7	0,909	Non
653	39,000	7	0,936	Non
654	39,000	7	0,936	Non
655	39,000	7	0,936	Non
656	38,500	7	0,958	Non
657	38,500	7	0,958	Non
658	38,500	7	0,958	Non
659	38,000	7	0,987	Non
660	38,500	7	0,964	Non
661	39,000	7	0,936	Non
662	39,000	7	0,936	Non
663	39,500	7	0,909	Non
664	39,500	7	0,904	Non
665	39,500	7	0,904	Non
666	39,500	7	0,904	Non
667	39,500	7	0,904	Non
668	39,500	7	0,901	Non
669	39,500	7	0,901	Non
670	39,500	7	0,901	Non
671	39,000	7	0,923	Non
672	39,000	7	0,923	Non
673	39,000	7	0,921	Non
674	39,000	7	0,920	Non
675	39,000	7	0,920	Non
676	39,500	8	1,026	Non
677	39,000	8	1,053	Non
678	39,000	8	1,053	Non
679	39,500	8	1,027	Non
680	39,500	8	1,027	Non
681	40,000	8	1,001	Non
682	39,500	8	1,026	Non
683	39,500	8	1,026	Non
684	39,500	8	1,026	Non
685	39,500	8	1,026	Non
686	39,500	8	1,027	Non
687	39,500	8	1,027	Non
688	39,500	8	1,027	Non
689	39,000	8	1,053	Non
690	39,500	8	1,026	Non
691	39,500	9	1,154	Non
692	39,000	9	1,183	Non
693	39,000	9	1,183	Non
694	39,000	9	1,184	Non
695	39,000	9	1,184	Non
696	39,500	9	1,154	Non
697	40,000	9	1,125	Non
698	39,500	9	1,154	Non
699	40,000	9	1,126	Non
700	40,500	9	1,098	Non
701	40,000	9	1,125	Non
702	40,500	9	1,098	Non
703	41,000	9	1,071	Non
704	41,000	9	1,071	Non
705	40,500	9	1,098	Non
706	41,000	9	1,071	Non
707	41,500	9	1,045	Non
708	42,000	10	1,134	Non
709	41,500	10	1,161	Non
710	41,000	10	1,190	Non
711	41,000	10	1,190	Non
712	41,500	10	1,161	Non
713	41,500	10	1,163	Non
714	41,500	11	1,279	Non
715	41,500	11	1,279	Non
716	41,000	11	1,310	Non
717	41,000	11	1,310	Non
718	41,000	11	1,310	Non
719	40,500	11	1,343	Non
720	40,000	11	1,376	Non
721	40,000	11	1,376	Non
722	39,500	11	1,410	Non
723	39,500	11	1,410	Non
724	40,000	11	1,376	Non
725	40,000	11	1,376	Non
726	39,500	11	1,412	Non
727	39,500	11	1,412	Non
728	40,000	11	1,378	Non
729	40,000	11	1,378	Non
730	40,000	11	1,378	Non
731	40,500	11	1,343	Non
732	40,500	11	1,343	Non
733	40,500	11	1,346	Non
734	40,500	11	1,346	Non
735	40,500	11	1,346	Non
736	40,500	11	1,346	Non
737	40,000	11	1,383	Non
738	40,500	11	1,346	Non
739	40,500	11	1,346	Non
740	41,000	11	1,312	Non
741	41,500	11	1,279	Non
742	41,500	11	1,279	Non
743	42,000	11	1,248	Non
744	42,000	11	1,248	Non
745	42,000	11	1,248	Non
746	42,000	11	1,248	Non
747	42,000	11	1,248	Non
748	41,500	10	1,161	Non
749	41,000	10	1,190	Non
750	41,500	10	1,161	Non
751	41,000	10	1,190	Non
752	40,500	10	1,221	Non
753	40,000	9	1,126	Non
754	40,000	9	1,126	Non
755	40,000	9	1,126	Non
756	40,000	9	1,126	Non
757	39,500	9	1,154	Non
758	39,500	9	1,154	Non
759	39,500	8	1,026	Non
760	39,000	8	1,053	Non
761	39,000	8	1,053	Non
762	39,500	8	1,027	Non
763	39,500	8	1,027	Non
764	39,500	8	1,027	Non
765	39,500	8	1,026	Non
766	39,500	8	1,026	Non
767	39,500	8	1,026	Non
768	39,500	8	1,026	Non
769	40,000	8	1,001	Non
770	39,500	8	1,027	Non
771	39,500	8	1,027	Non
772	39,500	8	1,027	Non
773	39,500	8	1,027	Non
774	39,500	8	1,026	Non
775	39,500	8	1,026	Non
776	39,000	8	1,052	Non
777	39,000	8	1,052	Non
778	39,000	8	1,052	Non
779	38,500	8	1,080	Non
780	38,000	8	1,108	Non
781	38,000	8	1,108	Non
782	37,500	8	1,138	Non
783	37,000	8	1,169	Non
784	37,000	8	1,169	Non
785	37,000	8	1,169	Non
786	37,000	8	1,169	Non
787	37,500	8	1,138	Non
788	37,500	8	1,138	Non
789	37,000	8	1,169	Non
790	37,000	8	1,169	Non
791	36,500	7	1,051	Non
792	36,500	7	1,051	Non
793	37,000	7	1,023	Non
794	37,000	7	1,023	Non
795	37,000	7	1,023	Non
796	36,500	7	1,051	Non
797	37,000	7	1,023	Non
798	37,500	7	0,997	Non
799	37,500	7	0,996	Non
800	37,000	7	1,023	Non
801	37,000	7	1,023	Non
802	37,500	7	0,996	Non
803	38,000	8	1,108	Non
804	38,000	8	1,108	Non
805	38,000	8	1,108	Non
806	38,000	8	1,108	Non
807	38,500	8	1,080	Non
808	38,500	8	1,081	Non
809	38,500	8	1,081	Non
810	38,000	8	1,111	Non
811	37,500	8	1,143	Non
812	38,000	8	1,111	Non
813	38,000	8	1,111	Non
814	38,000	8	1,111	Non
815	38,500	8	1,084	Non
816	39,000	8	1,055	Non
817	39,000	9	1,190	Non
818	39,000	9	1,190	Non
819	39,500	9	1,163	Non
820	39,500	9	1,163	Non
821	40,000	9	1,131	Non
822	39,500	9	1,158	Non
823	39,500	9	1,155	Non
824	40,000	9	1,126	Non
825	40,500	9	1,098	Non
826	40,000	9	1,125	Non
827	40,000	9	1,125	Non
828	40,000	9	1,125	Non
829	40,000	9	1,125	Non
830	40,000	9	1,125	Non
831	40,000	9	1,125	Non
832	39,500	9	1,154	Non
833	39,500	9	1,154	Non
834	40,000	9	1,126	Non
835	39,500	9	1,154	Non
836	39,500	9	1,154	Non
837	39,500	9	1,154	Non
838	39,000	8	1,052	Non
839	38,500	8	1,080	Non
840	38,500	8	1,080	Non
841	39,000	8	1,053	Non
842	39,000	8	1,053	Non
843	38,500	7	0,945	Non
844	38,000	7	0,970	Non
845	38,500	7	0,945	Non
846	39,000	7	0,920	Non
847	39,000	7	0,921	Non
848	39,000	7	0,921	Non
849	39,000	6	0,789	Non
850	38,500	6	0,811	Non
851	38,500	6	0,810	Non
852	38,000	6	0,831	Non
853	38,000	6	0,831	Non
854	38,500	6	0,810	Non
855	38,500	6	0,810	Non
856	38,500	6	0,810	Non
857	39,000	6	0,789	Non
858	39,500	7	0,897	Non
859	39,500	7	0,897	Non
860	39,000	7	0,921	Non
861	38,500	7	0,945	Non
862	38,500	7	0,945	Non
863	38,000	7	0,970	Non
864	38,000	7	0,970	Non
865	38,500	7	0,945	Non
866	38,500	7	0,945	Non
867	38,500	7	0,945	Non
868	38,000	7	0,970	Non
869	38,500	7	0,946	Non
870	38,500	7	0,946	Non
871	38,500	7	0,946	Non
872	38,500	7	0,946	Non
873	38,000	7	0,972	Non
874	38,000	7	0,976	Non
875	38,000	6	0,836	Non
876	37,500	6	0,857	Non
877	38,000	6	0,836	Non
878	38,000	6	0,836	Non
879	37,500	6	0,857	Non
880	38,000	6	0,836	Non
881	38,000	6	0,836	Non
882	38,500	6	0,813	Non
883	38,500	6	0,811	Non
884	38,500	6	0,811	Non
885	38,500	6	0,811	Non
886	38,000	6	0,832	Non
887	38,000	6	0,832	Non
888	38,000	6	0,832	Non
889	38,000	6	0,832	Non
890	37,500	5	0,712	Non
891	37,000	5	0,731	Non
892	37,000	5	0,731	Non
893	37,000	5	0,731	Non
894	37,000	5	0,730	Non
895	37,500	5	0,711	Non
896	37,000	5	0,730	Non
897	37,000	5	0,731	Non
898	37,000	5	0,731	Non
899	36,500	5	0,751	Non
900	36,000	5	0,772	Non
901	36,500	5	0,752	Non
902	36,500	5	0,754	Non
903	36,000	5	0,777	Non
904	36,000	5	0,777	Non
905	36,000	5	0,777	Non
906	35,500	5	0,797	Non
907	35,000	4	0,658	Non
908	34,500	4	0,676	Non
909	35,000	4	0,658	Non
910	35,000	4	0,658	Non
911	35,500	4	0,641	Non
912	35,000	4	0,658	Non
913	34,500	3	0,509	Non
914	34,500	3	0,507	Non
915	35,000	3	0,491	Non
916	35,000	3	0,491	Non
917	35,000	3	0,491	Non
918	35,000	3	0,491	Non
919	35,000	3	0,491	Non
920	35,000	3	0,491	Non
921	34,500	3	0,507	Non
922	34,500	3	0,507	Non
923	34,500	3	0,507	Non
924	34,000	3	0,523	Non
925	34,500	3	0,507	Non
926	35,000	4	0,658	Non
927	35,000	4	0,658	Non
928	35,000	4	0,662	Non
929	35,500	4	0,645	Non
930	35,500	4	0,645	Non
931	35,000	4	0,662	Non
932	35,000	4	0,662	Non
933	34,500	4	0,684	Non
934	34,500	4	0,684	Non
935	34,500	4	0,679	Non
936	35,000	5	0,827	Non
937	35,000	5	0,827	Non
938	34,500	5	0,849	Non
939	34,500	5	0,849	Non
940	34,000	5	0,872	Non
941	33,500	5	0,896	Non
942	34,000	5	0,872	Non
943	33,500	5	0,896	Non
944	34,000	5	0,872	Non
945	33,500	5	0,901	Non
946	34,000	5	0,877	Non
947	34,000	5	0,877	Non
948	34,000	5	0,877	Non
949	34,500	5	0,849	Non
950	34,000	5	0,872	Non
951	34,500	5	0,849	Non
952	34,500	5	0,849	Non
953	35,000	5	0,822	Non
954	34,500	5	0,845	Non
955	34,500	5	0,845	Non
956	34,500	5	0,845	Non
957	34,500	5	0,845	Non
958	35,000	5	0,819	Non
959	34,500	5	0,845	Non
960	34,500	5	0,845	Non
961	34,500	5	0,845	Non
962	34,000	5	0,872	Non
963	34,000	5	0,872	Non
964	34,000	5	0,872	Non
965	34,000	5	0,868	Non
966	34,500	6	1,014	Non
967	34,500	6	1,014	Non
968	34,500	6	1,014	Non
969	34,000	6	1,046	Non
970	34,500	6	1,019	Non
971	35,000	6	0,987	Non
972	35,000	6	0,987	Non
973	35,000	6	0,987	Non
974	34,500	6	1,014	Non
975	35,000	6	0,987	Non
976	35,500	6	0,957	Non
977	35,500	6	0,957	Non
978	36,000	6	0,932	Non
979	36,000	6	0,932	Non
980	36,500	6	0,905	Non
981	37,000	6	0,879	Non
982	37,000	6	0,879	Non
983	37,000	6	0,879	Non
984	37,000	6	0,879	Non
985	37,000	6	0,879	Non
986	37,500	6	0,855	Non
987	37,500	7	0,997	Non
988	37,500	7	0,997	Non
989	37,500	7	0,997	Non
990	37,500	7	0,997	Non
991	37,500	7	0,997	Non
992	37,000	7	1,023	Non
993	37,000	7	1,023	Non
994	37,000	7	1,023	Non
995	36,500	7	1,053	Non
996	37,000	7	1,026	Non
997	37,000	7	1,023	Non
998	36,500	7	1,051	Non
999	36,500	7	1,051	Non
1000	36,500	7	1,051	Non
1001	36,500	7	1,051	Non
1002	36,000	6	0,927	Non
1003	36,000	6	0,927	Non
1004	36,000	6	0,927	Non
1005	36,000	6	0,927	Non
1006	36,000	6	0,927	Non
1007	35,500	6	0,952	Non
1008	35,500	6	0,952	Non
1009	36,000	6	0,927	Non
1010	36,000	6	0,927	Non
1011	36,500	6	0,901	Non
1012	36,500	6	0,901	Non
1013	37,000	6	0,877	Non
1014	37,000	6	0,877	Non
1015	36,500	6	0,902	Non
1016	36,000	5	0,772	Non
1017	35,500	5	0,795	Non
1018	35,500	5	0,795	Non
1019	35,500	5	0,797	Non
1020	35,500	5	0,797	Non
1021	35,000	5	0,819	Non
1022	35,500	5	0,797	Non
1023	35,000	5	0,819	Non
1024	34,500	5	0,842	Non
1025	34,000	5	0,866	Non
1026	34,000	5	0,866	Non
1027	34,000	5	0,866	Non
1028	34,500	5	0,840	Non
1029	35,000	5	0,816	Non
1030	35,000	5	0,816	Non
1031	35,000	5	0,816	Non
1032	35,500	5	0,794	Non
1033	35,000	5	0,817	Non
1034	34,500	5	0,840	Non
1035	34,500	5	0,840	Non
1036	35,000	5	0,817	Non
1037	35,000	6	0,980	Non
1038	35,000	6	0,980	Non
1039	35,000	6	0,980	Non
1040	35,000	6	0,980	Non
1041	34,500	6	1,008	Non
1042	35,000	6	0,980	Non
1043	35,000	6	0,980	Non
1044	35,000	6	0,980	Non
1045	34,500	6	1,010	Non
1046	34,500	6	1,010	Non
1047	34,000	6	1,039	Non
1048	34,000	6	1,039	Non
1049	34,000	6	1,038	Non
1050	34,500	6	1,008	Non
1051	34,000	6	1,038	Non
1052	34,000	6	1,038	Non
1053	34,500	6	1,008	Non
1054	34,000	6	1,039	Non
1055	34,500	6	1,010	Non
1056	35,000	6	0,983	Non
1057	34,500	5	0,845	Non
1058	34,000	5	0,868	Non
1059	34,000	5	0,868	Non
1060	34,500	5	0,842	Non
1061	35,000	5	0,817	Non
1062	35,500	5	0,794	Non
1063	35,500	5	0,794	Non
1064	35,500	5	0,794	Non
1065	35,000	5	0,817	Non
1066	35,000	5	0,817	Non
1067	35,000	5	0,817	Non
1068	35,000	5	0,817	Non
1069	35,000	5	0,816	Non
1070	35,500	5	0,794	Non
1071	35,500	5	0,794	Non
1072	36,000	5	0,772	Non
1073	36,500	6	0,901	Non
1074	36,000	6	0,927	Non
1075	35,500	6	0,952	Non
1076	35,500	6	0,952	Non
1077	35,000	6	0,980	Non
1078	35,000	6	0,980	Non
1079	35,000	6	0,980	Non
1080	34,500	6	1,010	Non
1081	34,500	6	1,010	Non
1082	34,500	7	1,176	Non
1083	34,000	7	1,211	Non
1084	34,500	7	1,176	Non
1085	35,000	7	1,144	Non
1086	35,000	7	1,144	Non
1087	35,000	7	1,144	Non
1088	35,000	7	1,144	Non
1089	35,000	7	1,144	Non
1090	35,000	7	1,144	Non
1091	35,000	7	1,144	Non
1092	35,500	7	1,111	Non
1093	35,500	7	1,111	Non
1094	35,000	7	1,143	Non
1095	34,500	7	1,176	Non
1096	34,500	7	1,176	Non
1097	34,500	7	1,176	Non
1098	34,500	7	1,176	Non
1099	35,000	7	1,144	Non
1100	35,000	7	1,144	Non
1101	34,500	7	1,178	Non
1102	34,500	7	1,178	Non
1103	34,500	7	1,178	Non
1104	35,000	7	1,144	Non
1105	35,000	7	1,144	Non
1106	35,000	7	1,144	Non
1107	35,000	7	1,144	Non
1108	35,000	7	1,144	Non
1109	34,500	7	1,178	Non
1110	35,000	7	1,144	Non
1111	34,500	7	1,178	Non
1112	35,000	7	1,147	Non
1113	35,500	8	1,272	Non
1114	35,000	8	1,307	Non
1115	34,500	8	1,345	Non
1116	34,500	8	1,345	Non
1117	35,000	8	1,306	Non
1118	35,000	8	1,306	Non
1119	35,000	8	1,306	Non
1120	35,000	8	1,306	Non
1121	35,000	8	1,306	Non
1122	35,000	8	1,306	Non
1123	35,500	8	1,270	Non
1124	35,500	8	1,270	Non
1125	35,500	7	1,111	Non
1126	35,000	7	1,144	Non
1127	35,000	7	1,144	Non
1128	35,000	7	1,144	Non
1129	35,000	7	1,144	Non
1130	35,000	7	1,144	Non
1131	35,000	7	1,144	Non
1132	35,000	7	1,144	Non
1133	35,500	7	1,113	Non
1134	35,500	7	1,113	Non
1135	35,000	6	0,980	Non
1136	34,500	6	1,010	Non
1137	35,000	6	0,980	Non
1138	35,500	6	0,954	Non
1139	35,500	6	0,954	Non
1140	35,500	6	0,954	Non
1141	35,500	6	0,954	Non
1142	35,000	6	0,983	Non
1143	35,000	6	0,983	Non
1144	34,500	6	1,014	Non
1145	35,000	6	0,987	Non
1146	35,000	6	0,993	Non
1147	35,000	6	0,993	Non
1148	35,000	6	0,993	Non
1149	34,500	6	1,019	Non
1150	34,500	6	1,019	Non
1151	34,500	6	1,019	Non
1152	35,000	6	0,987	Non
1153	34,500	6	1,014	Non
1154	34,500	6	1,014	Non
1155	35,000	6	0,983	Non
1156	35,500	6	0,954	Non
1157	36,000	6	0,927	Non
1158	35,500	6	0,952	Non
1159	35,500	6	0,952	Non
1160	36,000	6	0,927	Non
1161	36,000	6	0,927	Non
1162	36,000	6	0,927	Non
1163	36,000	6	0,927	Non
1164	36,500	6	0,901	Non
1165	36,500	5	0,751	Non
1166	36,000	5	0,772	Non
1167	36,000	5	0,772	Non
1168	36,000	5	0,772	Non
1169	36,000	5	0,772	Non
1170	36,000	5	0,772	Non
1171	35,500	5	0,794	Non
1172	35,500	5	0,794	Non
1173	35,000	5	0,817	Non
1174	35,000	5	0,817	Non
1175	35,000	5	0,817	Non
1176	34,500	5	0,840	Non
1177	35,000	5	0,816	Non
1178	35,000	5	0,817	Non
1179	35,000	5	0,817	Non
1180	35,000	5	0,816	Non
1181	34,500	5	0,840	Non
1182	35,000	5	0,816	Non
1183	35,000	5	0,816	Non
1184	35,000	5	0,816	Non
1185	35,500	5	0,794	Non
1186	35,000	4	0,654	Non
1187	34,500	4	0,672	Non
1188	34,500	4	0,672	Non
1189	34,500	4	0,672	Non
1190	34,500	4	0,672	Non
1191	34,500	4	0,672	Non
1192	35,000	4	0,654	Non
1193	34,500	4	0,673	Non
1194	34,500	4	0,673	Non
1195	34,500	4	0,673	Non
1196	34,500	4	0,673	Non
1197	34,000	4	0,694	Non
1198	34,000	4	0,694	Non
1199	33,500	4	0,717	Non
1200	33,500	4	0,717	Non
1201	34,000	4	0,697	Non
1202	34,000	4	0,697	Non
1203	34,000	4	0,694	Non
1204	34,000	4	0,694	Non
1205	34,000	4	0,694	Non
1206	34,000	4	0,694	Non
1207	34,000	4	0,694	Non
1208	33,500	4	0,717	Non
1209	33,000	4	0,741	Non
1210	33,000	4	0,741	Non
1211	33,000	4	0,737	Non
1212	32,500	4	0,762	Non
1213	32,500	4	0,766	Non
1214	32,500	4	0,766	Non
1215	32,500	4	0,766	Non
1216	32,500	4	0,766	Non
1217	32,500	4	0,766	Non
1218	32,500	4	0,766	Non
1219	32,500	4	0,772	Non
1220	32,500	4	0,772	Non
1221	33,000	4	0,746	Non
1222	32,500	4	0,772	Non
1223	33,000	4	0,746	Non
1224	33,000	4	0,746	Non
1225	33,500	4	0,721	Non
1226	33,500	4	0,721	Non
1227	33,500	4	0,721	Non
1228	33,000	4	0,741	Non
1229	32,500	4	0,762	Non
1230	32,500	4	0,762	Non
1231	33,000	4	0,741	Non
1232	33,000	4	0,741	Non
1233	33,000	4	0,741	Non
1234	33,500	4	0,721	Non
1235	33,500	4	0,721	Non
1236	33,000	3	0,559	Non
1237	32,500	3	0,575	Non
1238	32,500	3	0,575	Non
1239	32,500	3	0,575	Non
1240	32,500	3	0,575	Non
1241	32,500	3	0,575	Non
1242	32,000	3	0,595	Non
1243	32,500	3	0,575	Non
1244	33,000	4	0,746	Non
1245	33,500	4	0,721	Non
1246	33,000	4	0,741	Non
1247	33,000	4	0,741	Non
1248	33,500	4	0,717	Non
1249	33,000	4	0,737	Non
1250	32,500	4	0,759	Non
1251	32,500	4	0,759	Non
1252	33,000	4	0,737	Non
1253	32,500	4	0,759	Non
1254	33,000	4	0,735	Non
1255	32,500	4	0,758	Non
1256	32,000	4	0,781	Non
1257	32,000	4	0,781	Non
1258	32,000	4	0,781	Non
1259	32,000	4	0,781	Non
1260	31,500	4	0,806	Non
1261	31,000	4	0,833	Non
1262	30,500	4	0,862	Non
1263	31,000	4	0,833	Non
1264	30,500	4	0,860	Non
1265	30,500	4	0,860	Non
1266	30,500	4	0,860	Non
1267	31,000	4	0,833	Non
1268	31,000	4	0,833	Non
1269	30,500	4	0,862	Non
1270	30,000	4	0,893	Non
1271	30,000	4	0,893	Non
1272	29,500	3	0,694	Non
1273	29,000	3	0,717	Non
1274	29,000	3	0,717	Non
1275	29,000	3	0,717	Non
1276	29,000	3	0,717	Non
1277	29,000	3	0,717	Non
1278	29,000	3	0,717	Non
1279	29,500	3	0,691	Non
1280	29,500	3	0,691	Non
1281	29,000	2	0,478	Non
1282	28,500	2	0,494	Non
1283	28,500	2	0,494	Non
1284	28,000	2	0,513	Non
1285	27,500	2	0,533	Non
1286	27,500	2	0,533	Non
1287	27,500	2	0,533	Non
1288	28,000	2	0,513	Non
1289	28,000	2	0,513	Non
1290	28,000	2	0,513	Non
1291	28,000	2	0,513	Non
1292	28,000	2	0,511	Non
1293	28,000	2	0,511	Non
1294	28,000	2	0,511	Non
1295	28,000	2	0,511	Non
1296	28,000	2	0,511	Non
1297	28,000	2	0,511	Non
1298	28,000	2	0,511	Non
1299	28,000	2	0,513	Non
1300	28,000	2	0,513	Non
1301	28,000	2	0,513	Non
1302	27,500	2	0,531	Non
1303	27,500	2	0,531	Non
1304	27,000	2	0,549	Non
1305	27,000	2	0,549	Non
1306	27,000	2	0,549	Non
1307	27,000	2	0,549	Non
1308	27,000	2	0,549	Non
1309	27,000	2	0,549	Non
1310	27,000	2	0,549	Non
1311	27,000	2	0,549	Non
1312	26,500	1	0,286	Non
1313	26,000	1	0,296	Non
1314	26,000	1	0,296	Non
1315	26,000	1	0,296	Non
1316	26,000	1	0,296	Non
1317	25,500	1	0,308	Non
1318	25,500	1	0,308	Non
1319	25,500	1	0,308	Non
1320	25,500	1	0,308	Non
1321	25,500	1	0,308	Non
1322	25,500	1	0,308	Non
1323	25,000	1	0,321	Non
1324	25,500	1	0,309	Non
1325	25,000	1	0,322	Non
1326	25,000	1	0,322	Non
1327	25,000	1	0,322	Non
1328	24,500	1	0,334	Non
1329	24,500	1	0,333	Non
1330	24,500	1	0,333	Non
1331	24,500	1	0,333	Non
1332	25,000	1	0,320	Non
1333	24,500	1	0,333	Non
1334	24,500	1	0,333	Non
1335	24,500	1	0,333	Non
1336	24,500	1	0,333	Non
1337	24,000	1	0,347	Non
1338	23,500	1	0,362	Non
1339	24,000	1	0,348	Non
1340	24,000	1	0,348	Non
1341	24,000	1	0,348	Non
1342	24,000	1	0,348	Non
1343	24,000	1	0,348	Non
1344	24,000	1	0,348	Non
1345	23,500	1	0,364	Non
1346	23,000	1	0,381	Non
1347	23,000	1	0,381	Non
1348	23,500	1	0,364	Non
1349	23,500	1	0,364	Non
1350	23,500	1	0,364	Non
1351	23,000	1	0,379	Non
1352	22,500	1	0,395	Non
1353	22,500	1	0,395	Non
1354	22,500	1	0,395	Non
1355	22,000	1	0,413	Non
1356	22,000	1	0,414	Non
1357	21,500	1	0,435	Non
1358	21,500	1	0,435	Non
1359	22,000	1	0,417	Non
1360	22,000	2	0,828	Non
1361	22,000	2	0,828	Non
1362	22,500	2	0,794	Non
1363	22,500	2	0,794	Non
1364	22,000	2	0,833	Non
1365	21,500	2	0,870	Non
1366	21,500	2	0,870	Non
1367	21,500	2	0,870	Non
1368	21,500	2	0,870	Non
1369	21,500	2	0,870	Non
1370	21,000	2	0,915	Non
1371	21,000	2	0,915	Non
1372	21,000	2	0,915	Non
1373	21,500	2	0,870	Non
1374	22,000	2	0,828	Non
1375	21,500	2	0,870	Non
1376	22,000	2	0,828	Non
1377	22,000	2	0,833	Non
1378	22,000	2	0,833	Non
1379	22,000	2	0,833	Non
1380	21,500	2	0,877	Non
1381	22,000	2	0,833	Non
1382	21,500	2	0,870	Non
1383	21,500	2	0,870	Non
1384	21,500	2	0,870	Non
1385	21,000	2	0,915	Non
1386	21,000	2	0,915	Non
1387	21,500	2	0,877	Non
1388	21,500	2	0,877	Non
1389	22,000	2	0,833	Non
1390	22,000	2	0,833	Non
1391	22,000	2	0,833	Non
1392	22,000	2	0,833	Non
1393	22,500	2	0,794	Non
1394	22,500	2	0,794	Non
1395	22,500	2	0,794	Non
1396	22,500	2	0,800	Non
1397	23,000	2	0,769	Non
1398	23,500	2	0,741	Non
1399	23,500	2	0,741	Non
1400	24,000	2	0,714	Non
1401	23,500	2	0,752	Non
1402	24,000	2	0,726	Non
1403	23,500	2	0,752	Non
1404	23,500	2	0,752	Non
1405	24,000	2	0,726	Non
1406	24,000	2	0,726	Non
1407	24,000	2	0,726	Non
1408	24,000	2	0,726	Non
1409	24,000	2	0,726	Non
1410	24,500	2	0,702	Non
1411	24,000	2	0,726	Non
1412	24,000	2	0,726	Non
1413	23,500	2	0,766	Non
1414	23,500	2	0,766	Non
1415	23,500	2	0,766	Non
1416	24,000	2	0,726	Non
1417	24,500	2	0,690	Non
1418	24,500	2	0,690	Non
1419	24,000	2	0,726	Non
1420	24,000	2	0,726	Non
1421	23,500	2	0,752	Non
1422	23,500	2	0,752	Non
1423	23,000	2	0,780	Non
1424	23,500	2	0,741	Non
1425	23,500	2	0,741	Non
1426	23,500	2	0,741	Non
1427	24,000	2	0,705	Non
1428	24,500	2	0,673	Non
1429	24,500	2	0,673	Non
1430	25,000	2	0,644	Non
1431	25,000	2	0,649	Non
1432	24,500	2	0,673	Non
1433	24,500	2	0,673	Non
1434	24,500	2	0,680	Non
1435	25,000	3	0,974	Non
1436	25,500	3	0,940	Non
1437	25,500	3	0,940	Non
1438	26,000	3	0,900	Non
1439	26,500	3	0,862	Non
1440	26,500	3	0,862	Non
1441	27,000	3	0,828	Non
1442	27,000	3	0,828	Non
1443	27,000	2	0,549	Non
1444	27,000	2	0,552	Non
1445	27,000	2	0,552	Non
1446	27,000	2	0,552	Non
1447	27,500	2	0,531	Non
1448	27,000	2	0,549	Non
1449	27,000	2	0,549	Non
1450	27,000	2	0,549	Non
1451	27,500	2	0,531	Non
1452	27,500	2	0,533	Non
1453	27,500	2	0,533	Non
1454	27,000	2	0,552	Non
1455	27,500	2	0,533	Non
1456	27,500	2	0,533	Non
1457	28,000	2	0,516	Non
1458	28,000	2	0,516	Non
1459	28,000	2	0,516	Non
1460	28,000	2	0,516	Non
1461	28,500	2	0,500	Non
1462	28,500	2	0,500	Non
1463	28,500	2	0,496	Non
1464	28,500	2	0,496	Non
1465	28,500	2	0,496	Non
1466	28,500	2	0,496	Non
1467	28,500	2	0,496	Non
1468	29,000	2	0,478	Non
1469	29,500	2	0,461	Non
1470	29,500	2	0,461	Non
1471	30,000	2	0,445	Non
1472	30,500	2	0,430	Non
1473	30,500	2	0,430	Non
1474	31,000	2	0,416	Non
1475	31,500	2	0,403	Non
1476	32,000	2	0,391	Non
1477	32,500	2	0,380	Non
1478	32,500	2	0,380	Non
1479	32,000	2	0,391	Non
1480	32,000	2	0,391	Non
1481	32,000	2	0,391	Non
1482	32,000	2	0,391	Non
1483	32,500	2	0,379	Non
1484	32,500	2	0,379	Non
1485	32,500	2	0,379	Non
1486	33,000	2	0,367	Non
1487	33,000	2	0,367	Non
1488	33,000	2	0,367	Non
1489	33,500	2	0,357	Non
1490	33,500	2	0,357	Non
1491	33,500	2	0,357	Non
1492	33,000	2	0,367	Non
1493	33,000	2	0,367	Non
1494	33,000	2	0,367	Non
1495	33,000	2	0,367	Non
1496	33,000	2	0,367	Non
1497	32,500	2	0,379	Non
1498	32,500	2	0,379	Non
1499	32,000	2	0,391	Non
1500	32,000	2	0,391	Non
1501	32,000	2	0,391	Non
1502	32,500	2	0,379	Non
1503	33,000	2	0,367	Non
1504	33,000	2	0,367	Non
1505	33,500	2	0,357	Non
1506	34,000	2	0,346	Non
1507	34,500	3	0,504	Non
1508	34,500	3	0,504	Non
1509	34,500	3	0,504	Non
1510	34,500	3	0,505	Non
1511	35,000	4	0,654	Non
1512	35,000	4	0,654	Non
1513	35,500	4	0,636	Non
1514	35,500	4	0,636	Non
1515	35,500	4	0,636	Non
1516	36,000	4	0,618	Non
1517	36,000	4	0,618	Non
1518	36,500	4	0,602	Non
1519	37,000	5	0,731	Non
1520	37,000	5	0,731	Non
1521	37,500	5	0,712	Non
1522	37,500	5	0,712	Non
1523	38,000	5	0,693	Non
1524	38,000	5	0,693	Non
1525	38,000	5	0,693	Non
1526	38,000	5	0,693	Non
1527	38,500	5	0,675	Non
1528	38,500	5	0,675	Non
1529	38,000	5	0,693	Non
1530	38,500	5	0,675	Non
1531	39,000	5	0,658	Non
1532	38,500	5	0,675	Non
1533	38,500	5	0,675	Non
1534	38,500	5	0,675	Non
1535	38,500	5	0,675	Non
1536	39,000	5	0,658	Non
1537	39,000	5	0,658	Non
1538	39,000	5	0,658	Non
1539	39,000	5	0,658	Non
1540	39,000	5	0,658	Non
1541	39,000	5	0,658	Non
1542	39,000	5	0,658	Non
1543	39,500	5	0,641	Non
1544	39,500	5	0,641	Non
1545	39,500	5	0,641	Non
1546	40,000	5	0,625	Non
1547	40,500	5	0,610	Non
1548	40,000	5	0,625	Non
1549	40,000	5	0,625	Non
1550	40,500	5	0,610	Non
1551	40,500	5	0,610	Non
1552	40,500	5	0,610	Non
1553	40,500	5	0,610	Non
1554	41,000	5	0,595	Non
1555	41,000	5	0,595	Non
1556	41,000	5	0,595	Non
1557	41,500	5	0,581	Non
1558	41,500	5	0,581	Non
1559	41,000	4	0,477	Non
1560	41,000	4	0,477	Non
1561	41,000	4	0,477	Non
1562	40,500	4	0,490	Non
1563	41,000	4	0,477	Non
1564	41,500	4	0,465	Non
1565	41,500	4	0,465	Non
1566	41,500	4	0,465	Non
1567	41,500	4	0,465	Non
1568	41,500	4	0,465	Non
1569	42,000	4	0,454	Non
1570	42,500	4	0,443	Non
1571	42,500	4	0,443	Non
1572	43,000	4	0,433	Non
1573	43,000	5	0,541	Non
1574	42,500	5	0,554	Non
1575	42,500	5	0,554	Non
1576	42,000	5	0,567	Non
1577	42,000	5	0,567	Non
1578	42,000	5	0,567	Non
1579	42,000	5	0,567	Non
1580	42,000	5	0,567	Non
1581	41,500	5	0,581	Non
1582	41,500	5	0,581	Non
1583	41,500	5	0,581	Non
1584	41,500	5	0,581	Non
1585	41,500	5	0,581	Non
1586	41,500	5	0,581	Non
1587	41,000	5	0,595	Non
1588	41,500	5	0,581	Non
1589	41,000	5	0,595	Non
1590	41,500	5	0,581	Non
1591	41,500	5	0,581	Non
1592	41,500	5	0,581	Non
1593	41,000	5	0,595	Non
1594	41,000	5	0,595	Non
1595	41,500	5	0,581	Non
1596	41,500	5	0,581	Non
1597	41,000	5	0,595	Non
1598	41,000	5	0,595	Non
1599	41,000	5	0,595	Non
1600	40,500	5	0,611	Non
1601	41,000	5	0,595	Non
1602	41,000	5	0,595	Non
1603	41,500	6	0,698	Non
1604	41,500	6	0,698	Non
1605	41,000	6	0,716	Non
1606	41,000	6	0,716	Non
1607	41,000	6	0,716	Non
1608	41,500	6	0,698	Non
1609	41,500	6	0,698	Non
1610	41,500	6	0,698	Non
1611	42,000	6	0,681	Non
1612	42,500	7	0,776	Non
1613	42,500	7	0,776	Non
1614	43,000	7	0,758	Non
1615	43,000	7	0,758	Non
1616	43,000	7	0,758	Non
1617	43,000	7	0,757	Non
1618	43,000	7	0,757	Non
1619	43,000	7	0,757	Non
1620	43,500	7	0,740	Non
1621	43,500	7	0,740	Non
1622	43,500	7	0,740	Non
1623	43,500	7	0,740	Non
1624	43,500	7	0,741	Non
1625	43,000	7	0,758	Non
1626	43,000	7	0,758	Non
1627	42,500	7	0,776	Non
1628	42,000	7	0,795	Non
1629	42,000	7	0,795	Non
1630	41,500	7	0,816	Non
1631	41,500	7	0,814	Non
1632	41,500	7	0,814	Non
1633	41,500	7	0,814	Non
1634	41,000	6	0,714	Non
1635	41,000	6	0,716	Non
1636	40,500	6	0,733	Non
1637	40,500	6	0,733	Non
1638	40,000	6	0,752	Non
1639	40,000	6	0,752	Non
1640	40,500	6	0,733	Non
1641	40,000	6	0,752	Non
1642	40,500	6	0,733	Non
1643	40,000	6	0,752	Non
1644	39,500	6	0,770	Non
1645	39,500	6	0,770	Non
1646	39,500	6	0,770	Non
1647	39,000	6	0,791	Non
1648	39,500	6	0,770	Non
1649	39,500	6	0,770	Non
1650	39,500	6	0,770	Non
1651	39,000	6	0,789	Non
1652	38,500	6	0,810	Non
1653	38,500	6	0,810	Non
1654	38,500	6	0,810	Non
1655	38,000	6	0,831	Non
1656	38,000	6	0,831	Non
1657	37,500	6	0,853	Non
1658	38,000	6	0,832	Non
1659	38,000	6	0,832	Non
1660	38,000	6	0,832	Non
1661	37,500	6	0,855	Non
1662	38,000	6	0,832	Non
1663	37,500	6	0,853	Non
1664	38,000	6	0,831	Non
1665	38,000	6	0,831	Non
1666	38,500	6	0,810	Non
1667	38,000	6	0,832	Non
1668	37,500	6	0,855	Non
1669	37,000	6	0,879	Non
1670	37,000	6	0,879	Non
1671	37,000	6	0,879	Non
1672	37,000	6	0,879	Non
1673	37,500	6	0,855	Non
1674	37,000	6	0,879	Non
1675	37,000	6	0,879	Non
1676	36,500	6	0,902	Non
