	aa hydrophobes	aa charges (%)	charge net	M	D	C	Q	L	S	I	V	F	G	E	P	N	K	T	W	Y	H	R	A
 sequence entiere	535	22,787	-203,79999999999993	23	57	29	33	73	82	65	73	36	61	58	53	48	60	63	16	35	17	49	52
 
 
Fenetres	hydrophobicite moyenne
1	0,960
2	1,012
3	1,287
4	1,111
5	1,307
6	1,113
7	1,253
8	1,242
9	0,968
10	0,774
11	0,784
12	0,596
13	0,529
14	0,547
15	0,751
16	0,696
17	0,482
18	0,648
19	0,648
20	0,382
21	0,311
22	0,518
23	0,262
24	0,251
25	0,360
26	0,299
27	0,214
28	0,109
29	0,204
30	0,476
31	0,316
32	0,382
33	0,122
34	0,122
35	0,208
36	0,462
37	0,772
38	0,739
39	0,646
40	0,750
41	0,746
42	0,831
43	0,642
44	0,892
45	0,571
46	0,300
47	0,504
48	0,393
49	0,313
50	0,453
51	0,353
52	0,282
53	0,047
54	0,224
55	0,324
56	0,204
57	0,409
58	0,297
59	0,190
60	0,382
61	0,429
62	0,550
63	0,614
64	0,519
65	0,574
66	0,511
67	0,538
68	0,523
69	0,412
70	0,412
71	0,210
72	-0,028
73	0,289
74	0,342
75	0,093
76	0,208
77	0,127
78	0,381
79	0,541
80	0,688
81	0,642
82	0,326
83	0,132
84	0,279
85	0,226
86	0,182
87	0,132
88	0,103
89	0,159
90	0,200
91	0,456
92	0,350
93	0,514
94	0,568
95	0,867
96	0,554
97	0,362
98	0,398
99	0,402
100	0,209
101	0,519
102	0,400
103	0,560
104	0,507
105	0,808
106	0,893
107	0,751
108	0,989
109	0,883
110	0,612
111	0,561
112	0,571
113	0,369
114	0,369
115	0,476
116	0,553
117	0,519
118	0,558
119	0,624
120	0,510
121	0,226
122	0,207
123	0,032
124	-0,074
125	-0,046
126	-0,292
127	-0,022
128	-0,130
129	-0,116
130	-0,016
131	0,046
132	0,230
133	0,259
134	0,013
135	0,323
136	0,039
137	0,180
138	0,451
139	0,471
140	0,530
141	0,246
142	0,146
143	0,251
144	0,250
145	0,364
146	0,311
147	0,248
148	0,128
149	0,282
150	0,368
151	0,353
152	0,246
153	0,247
154	0,407
155	0,321
156	0,373
157	0,392
158	0,232
159	0,161
160	0,447
161	0,447
162	0,176
163	0,122
164	0,232
165	0,123
166	0,326
167	0,230
168	0,191
169	-0,119
170	-0,007
171	0,263
172	0,234
173	0,423
174	0,378
175	0,441
176	0,483
177	0,508
178	0,753
179	0,753
180	0,589
181	0,653
182	0,600
183	0,600
184	0,590
185	0,750
186	0,831
187	0,831
188	0,719
189	0,820
190	0,756
191	0,819
192	0,674
193	0,376
194	0,411
195	0,496
196	0,559
197	0,700
198	0,700
199	0,483
200	0,218
201	0,517
202	0,661
203	0,627
204	0,746
205	0,627
206	0,512
207	0,406
208	0,651
209	0,798
210	0,746
211	0,626
212	0,484
213	0,261
214	0,177
215	0,451
216	0,558
217	0,351
218	0,407
219	0,158
220	0,243
221	0,243
222	0,439
223	0,579
224	0,323
225	0,121
226	0,188
227	-0,058
228	-0,017
229	-0,088
230	-0,169
231	-0,260
232	-0,316
233	-0,361
234	-0,158
235	-0,047
236	0,234
237	0,301
238	0,401
239	0,416
240	0,336
241	0,184
242	0,547
243	0,599
244	0,628
245	0,537
246	0,741
247	0,712
248	0,673
249	0,844
250	0,911
251	0,832
252	0,577
253	0,476
254	0,396
255	0,302
256	0,231
257	0,270
258	-0,013
259	-0,009
260	0,019
261	0,222
262	0,359
263	0,334
264	0,262
265	0,504
266	0,463
267	0,656
268	0,656
269	0,656
270	0,626
271	0,344
272	0,403
273	0,558
274	0,301
275	0,413
276	0,267
277	0,403
278	0,094
279	0,159
280	0,303
281	0,159
282	0,141
283	0,307
284	0,387
285	0,468
286	0,327
287	0,432
288	0,290
289	0,231
290	0,270
291	0,013
292	-0,067
293	-0,151
294	-0,029
295	-0,091
296	0,084
297	-0,057
298	0,139
299	0,139
300	0,158
301	0,091
302	0,202
303	0,264
304	0,219
305	0,082
306	0,109
307	-0,172
308	-0,187
309	-0,040
310	0,107
311	-0,004
312	-0,067
313	0,080
314	0,217
315	0,331
316	0,329
317	0,494
318	0,494
319	0,410
320	0,410
321	0,353
322	0,207
323	-0,031
324	0,076
325	0,388
326	0,303
327	0,157
328	0,361
329	0,299
330	0,148
331	0,289
332	0,351
333	0,351
334	0,351
335	0,544
336	0,526
337	0,576
338	0,638
339	0,959
340	1,010
341	1,203
342	0,982
343	0,811
344	0,622
345	0,708
346	0,346
347	0,240
348	-0,096
349	-0,040
350	-0,200
351	0,084
352	-0,011
353	0,189
354	0,389
355	0,672
356	0,672
357	0,648
358	0,683
359	0,654
360	0,706
361	0,706
362	0,706
363	0,396
364	0,200
365	0,481
366	0,520
367	0,429
368	0,600
369	0,346
370	0,492
371	0,226
372	0,471
373	0,383
374	0,411
375	0,671
376	0,671
377	0,388
378	0,368
379	0,487
380	0,553
381	0,607
382	0,748
383	0,482
384	0,322
385	0,271
386	0,519
387	0,572
388	0,509
389	0,538
390	0,263
391	0,423
392	0,679
393	0,684
394	0,670
395	0,563
396	0,468
397	0,439
398	0,439
399	0,723
400	0,463
401	0,474
402	0,354
403	0,374
404	0,481
405	0,481
406	0,374
407	0,481
408	0,278
409	0,278
410	0,267
411	0,348
412	0,309
413	0,253
414	0,400
415	0,288
416	0,128
417	0,331
418	0,437
419	0,282
420	0,422
421	0,422
422	0,542
423	0,491
424	0,632
425	0,590
426	0,367
427	0,367
428	0,367
429	0,311
430	0,311
431	0,191
432	0,298
433	0,458
434	0,553
435	0,778
436	0,633
437	0,489
438	0,323
439	0,216
440	0,164
441	0,024
442	-0,277
443	-0,372
444	-0,577
445	-0,267
446	-0,161
447	0,113
448	0,221
449	0,442
450	0,422
451	0,463
452	0,610
453	0,543
454	0,358
455	0,442
456	0,187
457	0,191
458	0,141
459	0,366
460	0,626
461	0,460
462	0,638
463	0,552
464	0,608
465	0,564
466	0,671
467	0,578
468	0,307
469	0,008
470	0,069
471	-0,109
472	-0,062
473	-0,269
474	-0,130
475	-0,241
476	-0,241
477	-0,141
478	0,169
479	0,382
480	0,341
481	0,400
482	0,359
483	0,330
484	0,363
485	0,190
486	0,297
487	0,126
488	0,137
489	0,244
490	0,206
491	0,507
492	0,397
493	0,448
494	0,429
495	0,322
496	0,493
497	0,400
498	0,540
499	0,743
500	0,530
501	0,840
502	0,648
503	0,768
504	0,627
505	0,456
506	0,383
507	0,282
508	0,083
509	0,214
510	0,014
511	0,156
512	0,054
513	0,162
514	0,021
515	-0,123
516	0,041
517	-0,030
518	0,062
519	-0,009
520	-0,009
521	0,053
522	0,138
523	0,164
524	0,270
525	0,270
526	0,337
527	0,338
528	0,404
529	0,376
530	0,309
531	0,224
532	0,306
533	0,286
534	0,222
535	0,362
536	0,299
537	0,503
538	0,538
539	0,809
540	0,809
541	0,848
542	0,907
543	0,907
544	0,806
545	0,869
546	0,869
547	1,023
548	1,012
549	1,046
550	1,147
551	1,248
552	1,312
553	1,384
554	1,320
555	1,309
556	1,320
557	1,131
558	0,990
559	1,053
560	1,089
561	0,889
562	0,889
563	0,643
564	0,450
565	0,140
566	0,154
567	0,267
568	0,102
569	-0,154
570	-0,226
571	-0,442
572	-0,444
573	-0,251
574	-0,127
575	0,058
576	0,058
577	-0,043
578	0,042
579	0,128
580	0,427
581	0,429
582	0,429
583	0,494
584	0,296
585	0,484
586	0,439
587	0,468
588	0,560
589	0,507
590	0,531
591	0,422
592	0,357
593	0,386
594	0,303
595	0,344
596	0,230
597	0,203
598	0,097
599	0,158
600	0,112
601	0,233
602	0,219
603	0,041
604	0,311
605	0,431
606	0,241
607	0,141
608	0,354
609	0,234
610	0,133
611	0,148
612	0,152
613	0,153
614	0,114
615	0,424
616	0,410
617	0,111
618	0,332
619	0,433
620	0,404
621	0,506
622	0,306
623	0,239
624	0,238
625	0,323
626	0,362
627	0,362
628	0,398
629	0,393
630	0,359
631	0,247
632	0,507
633	0,198
634	0,387
635	0,538
636	0,398
637	0,117
638	0,011
639	-0,060
640	0,252
641	0,059
642	0,304
643	0,150
644	0,270
645	0,164
646	0,303
647	0,602
648	0,563
649	0,499
650	0,503
651	0,474
652	0,469
653	0,198
654	0,198
655	0,144
656	-0,157
657	-0,159
658	-0,380
659	-0,181
660	-0,099
661	-0,128
662	-0,128
663	0,017
664	0,037
665	0,349
666	0,598
667	0,683
668	0,460
669	0,470
670	0,384
671	0,470
672	0,516
673	0,453
674	0,453
675	0,517
676	0,404
677	0,618
678	0,348
679	0,433
680	0,554
681	0,610
682	0,706
683	0,396
684	0,191
685	0,193
686	0,084
687	0,291
688	0,428
689	0,492
690	0,492
691	0,492
692	0,531
693	0,642
694	0,889
695	0,738
696	0,536
697	0,399
698	0,194
699	0,248
700	0,133
701	0,200
702	0,292
703	0,344
704	0,303
705	0,260
706	0,274
707	0,193
708	0,039
709	0,100
710	0,303
711	0,133
712	0,080
713	0,392
714	0,478
715	0,652
716	0,873
717	0,839
718	1,000
719	0,990
720	0,849
721	0,713
722	0,713
723	0,772
724	0,579
725	0,443
726	0,580
727	0,333
728	0,251
729	0,552
730	0,548
731	0,262
732	0,364
733	0,369
734	0,476
735	0,474
736	0,599
737	0,380
738	0,106
739	0,299
740	0,419
741	0,317
742	0,204
743	0,031
744	0,096
745	0,270
746	0,582
747	0,601
748	0,408
749	0,307
750	0,461
751	0,709
752	0,947
753	0,637
754	0,583
755	0,379
756	0,360
757	0,563
758	0,630
759	0,630
760	0,490
761	0,207
762	0,452
763	0,506
764	0,439
765	0,439
766	0,154
767	0,234
768	-0,026
769	0,013
770	0,160
771	0,131
772	-0,029
773	0,071
774	0,044
775	0,130
776	0,050
777	0,011
778	0,177
779	0,222
780	0,316
781	0,174
782	0,396
783	0,537
784	0,532
785	0,612
786	0,651
787	0,486
788	0,606
789	0,440
790	0,659
791	0,297
792	0,158
793	0,361
794	0,310
795	0,377
796	0,377
797	0,172
798	0,052
799	0,081
800	0,443
801	0,549
802	0,457
803	0,428
804	0,632
805	0,733
806	0,927
807	1,262
808	1,056
809	0,941
810	1,082
811	0,971
812	1,078
813	0,878
814	0,671
815	0,370
816	0,200
817	0,378
818	0,492
819	0,284
820	0,426
821	0,314
822	0,248
823	0,294
824	0,321
825	0,377
826	0,470
827	0,110
828	0,216
829	0,214
830	0,133
831	0,129
832	0,153
833	0,346
834	0,098
835	0,087
836	0,277
837	0,322
838	0,267
839	0,489
840	0,474
841	0,646
842	0,619
843	0,766
844	0,611
845	0,720
846	0,747
847	0,642
848	0,694
849	0,917
850	0,934
851	0,769
852	0,906
853	1,121
854	0,908
855	0,691
856	0,630
857	0,329
858	0,126
859	-0,130
860	-0,157
861	-0,248
862	-0,608
863	-0,384
864	-0,346
865	-0,284
866	0,028
867	0,230
868	0,292
869	0,604
870	0,713
871	0,738
872	0,429
873	0,689
874	0,913
875	0,601
876	0,399
877	0,483
878	0,283
879	0,090
880	0,364
881	0,364
882	0,376
883	0,376
884	0,517
885	0,579
886	0,533
887	0,568
888	0,607
889	0,306
890	0,496
891	0,291
892	0,024
893	0,184
894	0,378
895	0,532
896	0,412
897	0,353
898	0,461
899	0,314
900	0,454
901	0,436
902	0,447
903	0,287
904	0,127
905	0,411
906	0,323
907	0,357
908	0,452
909	0,317
910	0,317
911	0,367
912	0,527
913	0,431
914	0,232
915	0,480
916	0,701
917	0,701
918	0,736
919	0,836
920	0,757
921	0,458
922	0,453
923	0,653
924	0,717
925	0,496
926	0,467
927	0,568
928	0,482
929	0,418
930	0,523
931	0,590
932	0,561
933	0,277
934	0,277
935	0,477
936	0,376
937	0,337
938	0,430
939	0,430
940	0,463
941	0,207
942	0,207
943	0,314
944	0,004
945	-0,140
946	0,106
947	-0,094
948	0,046
949	0,046
950	0,267
951	0,488
952	0,351
953	0,541
954	0,627
955	0,381
956	0,271
957	0,336
958	0,507
959	0,367
960	0,227
961	0,427
962	0,237
963	0,296
964	0,594
965	0,633
966	0,462
967	0,238
968	0,238
969	0,132
970	-0,134
971	-0,024
972	0,021
973	-0,032
974	0,119
975	0,226
