	aa hydrophobes	aa charges (%)	charge net	R	T	N	Y	A	P	I	D	K	F	Q	C	V	S	G	E	L	W	H	M
 sequence entiere	277	21,472	-106,9	31	33	25	14	42	21	32	35	17	14	25	11	28	25	32	22	52	9	10	11
 
 
Fenetres	hydrophobicite moyenne
1	0,188
2	0,214
3	0,076
4	0,076
5	0,246
6	0,341
7	0,269
8	0,210
9	0,106
10	0,077
11	0,298
12	0,437
13	0,749
14	0,440
15	0,407
16	0,306
17	0,466
18	0,490
19	0,248
20	0,112
21	-0,027
22	-0,227
23	-0,227
24	-0,188
25	-0,126
26	-0,332
27	-0,132
28	0,138
29	0,067
30	0,206
31	0,181
32	0,206
33	0,147
34	0,066
35	0,166
36	0,000
37	-0,092
38	-0,026
39	-0,140
40	-0,201
41	-0,140
42	0,073
43	0,409
44	0,569
45	0,534
46	0,462
47	0,638
48	0,638
49	0,723
50	0,723
51	0,563
52	0,228
53	0,014
54	-0,098
55	0,068
56	0,068
57	0,153
58	0,352
59	0,457
60	0,361
61	0,361
62	0,420
63	0,668
64	0,574
65	0,592
66	0,507
67	0,443
68	0,363
69	0,344
70	0,464
71	0,464
72	0,579
73	0,401
74	0,292
75	0,378
76	0,431
77	0,567
78	0,852
79	0,898
80	0,797
81	0,434
82	0,641
83	0,732
84	0,903
85	0,643
86	0,503
87	0,218
88	0,133
89	0,200
90	0,448
91	0,392
92	0,217
93	-0,067
94	0,193
95	0,397
96	0,589
97	0,593
98	0,483
99	0,547
100	0,667
101	0,604
102	0,631
103	0,631
104	0,366
105	0,149
106	0,037
107	0,142
108	-0,128
109	-0,129
110	0,127
111	0,247
112	-0,013
113	0,189
114	0,328
115	0,629
116	0,521
117	0,592
118	0,582
119	0,408
120	0,307
121	0,353
122	0,407
123	0,407
124	0,132
125	0,433
126	0,513
127	0,404
128	0,497
129	0,699
130	0,973
131	0,699
132	0,806
133	0,779
134	0,727
135	0,782
136	0,891
137	0,921
138	0,866
139	0,787
140	1,009
141	1,073
142	1,119
143	0,911
144	0,856
145	0,701
146	0,493
147	0,389
148	0,252
149	0,316
150	0,144
151	0,211
152	0,418
153	0,252
154	0,247
155	0,313
156	0,313
157	0,254
158	-0,031
159	0,077
160	0,106
161	0,159
162	0,444
163	0,552
164	0,444
165	0,640
166	0,853
167	1,138
168	1,030
169	1,137
170	1,083
171	0,912
172	0,751
173	0,863
174	0,707
175	0,718
176	0,708
177	0,679
178	0,539
179	0,592
180	0,752
181	0,966
182	0,880
183	0,900
184	0,700
185	0,426
186	0,460
187	0,352
188	0,078
189	-0,111
190	-0,266
191	-0,204
192	-0,103
193	0,086
194	0,206
195	0,360
196	0,360
197	0,646
198	0,781
199	0,722
200	0,776
201	0,840
202	0,580
203	0,574
204	0,492
205	0,619
206	0,499
207	0,297
208	0,350
209	0,457
210	0,257
211	0,328
212	0,274
213	0,368
214	0,268
215	0,078
216	0,140
217	0,146
218	0,146
219	0,141
220	0,341
221	0,501
222	0,330
223	0,604
224	0,749
225	0,641
226	0,796
227	0,689
228	0,627
229	0,616
230	0,680
231	0,840
232	0,840
233	0,840
234	0,840
235	0,840
236	0,744
237	0,744
238	0,446
239	0,174
240	0,186
241	0,186
242	0,180
243	0,321
244	0,167
245	0,148
246	0,403
247	0,548
248	0,726
249	0,560
250	0,621
251	0,728
252	0,898
253	1,063
254	1,286
255	1,092
256	0,991
257	0,880
258	0,926
259	0,874
260	0,753
261	0,754
262	0,488
263	0,431
264	0,411
265	0,667
266	0,586
267	0,706
268	0,536
269	0,521
270	0,321
271	0,302
272	0,422
273	0,376
274	0,074
275	0,194
276	0,029
277	-0,067
278	-0,138
279	-0,142
280	0,132
281	-0,033
282	0,227
283	0,539
284	0,539
285	0,584
286	0,840
287	1,047
288	1,086
289	0,977
290	0,918
291	0,918
292	0,907
293	0,801
294	0,750
295	0,561
296	0,421
297	0,274
298	0,128
299	0,341
300	0,187
301	0,027
302	0,112
303	0,012
304	-0,098
305	-0,206
306	-0,164
307	0,102
308	-0,111
309	-0,009
310	0,212
311	0,086
312	0,090
313	0,129
314	0,276
315	0,347
316	0,176
317	0,176
318	0,228
319	0,084
320	0,111
321	0,111
322	0,289
323	0,289
324	0,222
325	0,083
326	0,297
327	0,022
328	0,104
329	0,440
330	0,482
331	0,576
332	0,556
333	0,651
334	0,676
335	0,622
336	0,722
337	0,722
338	0,672
339	0,886
340	0,686
341	0,586
342	0,591
343	0,757
344	0,656
345	0,748
346	0,447
347	0,447
348	0,253
349	0,453
350	0,674
351	0,528
352	0,443
353	0,489
354	0,553
355	0,599
356	0,588
357	0,627
358	0,456
359	0,316
360	0,617
361	0,617
362	0,672
363	0,638
364	0,733
365	0,478
366	0,372
367	0,272
368	0,277
369	0,088
370	0,068
371	-0,053
372	-0,161
373	-0,001
374	0,100
375	0,251
376	0,212
377	0,102
378	0,352
379	0,310
380	0,186
381	0,071
382	-0,230
383	-0,158
384	-0,203
385	-0,079
386	0,007
387	-0,043
388	0,159
389	0,468
390	0,553
391	0,864
392	0,792
393	0,957
394	0,857
395	0,916
396	0,603
397	0,356
398	0,132
399	0,061
400	-0,138
401	-0,197
402	-0,289
403	-0,123
404	-0,243
405	0,004
406	0,112
407	0,024
408	0,010
409	0,147
410	0,360
411	0,453
412	0,408
413	0,489
414	0,382
415	0,421
416	0,733
417	0,848
418	0,601
419	0,549
420	0,363
421	0,243
422	0,162
423	0,304
424	0,470
425	0,203
426	0,363
427	0,672
428	0,564
429	0,438
430	0,523
431	0,584
432	0,520
433	0,570
434	0,671
435	0,372
436	0,107
437	0,078
438	0,119
439	0,114
440	0,328
441	0,109
442	-0,253
443	-0,400
444	-0,376
445	-0,229
446	-0,194
447	0,048
448	0,048
449	-0,251
450	0,050
451	0,333
452	0,634
453	0,716
454	0,564
455	0,780
456	0,744
457	0,778
458	1,087
459	1,087
460	0,803
461	0,694
462	0,836
463	0,794
464	0,733
465	0,593
466	0,452
467	0,442
468	0,253
469	0,366
470	0,176
471	0,174
472	0,476
473	0,321
474	0,526
475	0,571
476	0,382
477	0,297
478	0,403
479	0,713
480	0,612
481	0,503
