	aa hydrophobes	aa charges (%)	charge net	T	N	D	W	E	R	A	V	G	S	I	H	M	K	Q	L	F	C	P	Y
 sequence entiere	297	20,859	-95,0	26	19	17	21	33	32	22	29	23	30	23	33	20	20	18	26	29	25	17	26
 
 
Fenetres	hydrophobicite moyenne
1	0,363
2	0,470
3	0,672
4	0,758
5	0,503
6	0,774
7	1,137
8	1,137
9	1,022
10	0,901
11	0,902
12	0,796
13	0,796
14	0,690
15	0,423
16	0,061
17	0,162
18	-0,040
19	-0,164
20	-0,326
21	-0,320
22	-0,391
23	-0,352
24	-0,149
25	-0,041
26	-0,181
27	0,086
28	0,083
29	0,022
30	0,177
31	0,162
32	0,370
33	0,268
34	0,187
35	0,390
36	0,389
37	0,497
38	0,753
39	0,564
40	0,730
41	0,782
42	0,947
43	1,203
44	1,033
45	1,033
46	1,144
47	0,863
48	0,792
49	0,848
50	0,830
51	0,546
52	0,350
53	0,401
54	0,090
55	-0,127
56	0,154
57	0,306
58	0,307
59	0,336
60	0,350
61	0,374
62	0,184
63	0,377
64	0,623
65	0,589
66	0,646
67	0,680
68	0,370
69	0,456
70	0,654
71	0,901
72	0,750
73	0,802
74	0,599
75	0,462
76	0,179
77	0,478
78	0,478
79	0,293
80	0,044
81	0,251
82	0,312
83	0,393
84	0,322
85	0,363
86	0,189
87	0,310
88	0,183
89	0,496
90	0,374
91	0,204
92	0,326
93	0,311
94	0,270
95	0,444
96	0,416
97	0,416
98	0,351
99	0,587
100	0,436
101	0,489
102	0,570
103	0,932
104	0,942
105	0,870
106	1,153
107	1,268
108	1,207
109	1,166
110	1,083
111	1,002
112	0,951
113	0,640
114	0,806
115	0,610
116	0,274
117	0,100
118	0,146
119	0,068
120	0,149
121	0,030
122	0,177
123	0,112
124	0,132
125	0,353
126	0,268
127	0,349
128	0,296
129	0,314
130	0,122
131	0,223
132	0,122
133	0,233
134	0,027
135	0,297
136	0,216
137	0,236
138	0,256
139	0,397
140	0,368
141	0,329
142	0,422
143	0,682
144	0,512
145	0,716
146	0,827
147	0,963
148	1,041
149	0,910
150	1,113
151	0,913
152	0,924
153	0,910
154	0,749
155	0,831
156	0,660
157	0,752
158	0,667
159	0,603
160	0,739
161	0,738
162	0,613
163	0,613
164	0,312
165	0,512
166	0,201
167	0,201
168	0,080
169	-0,060
170	-0,371
171	-0,227
172	-0,122
173	-0,010
174	-0,214
175	-0,173
176	-0,130
177	-0,211
178	-0,100
179	0,027
180	-0,079
181	-0,269
182	-0,354
183	-0,243
184	-0,143
185	-0,077
186	-0,081
187	-0,159
188	-0,139
189	-0,178
190	0,132
191	0,468
192	0,390
193	0,251
194	0,227
195	0,433
196	0,419
197	0,556
198	0,666
199	0,664
200	0,343
201	0,486
202	0,524
203	0,799
204	0,852
205	1,038
206	1,056
207	0,943
208	0,740
209	0,787
210	0,644
211	0,851
212	0,489
213	0,500
214	0,276
215	0,276
216	0,383
217	0,638
218	0,550
219	0,710
220	0,462
221	0,654
222	0,561
223	0,614
224	0,426
225	0,464
226	0,210
227	0,237
228	0,062
229	0,310
230	0,244
231	0,138
232	-0,001
233	0,249
234	0,350
235	0,283
236	0,257
237	0,349
238	0,242
239	0,118
240	0,318
241	0,508
242	0,191
243	0,254
244	0,259
245	0,304
246	0,227
247	0,369
248	0,586
249	0,557
250	0,391
251	0,472
252	0,409
253	0,674
254	0,821
255	0,807
256	0,631
257	0,713
258	0,577
259	0,862
260	1,048
261	1,048
262	0,739
263	0,588
264	0,588
265	0,526
266	0,508
267	0,473
268	0,202
269	0,252
270	0,131
271	0,430
272	0,430
273	0,416
274	0,511
275	0,230
276	0,367
277	0,326
278	0,076
279	0,260
280	0,321
281	0,421
282	0,421
283	0,642
284	0,941
285	0,733
286	0,736
287	0,934
288	0,731
289	0,588
290	0,758
291	0,691
292	0,470
293	0,480
294	0,801
295	0,911
296	0,688
297	0,721
298	0,548
299	0,378
300	0,551
301	0,412
302	0,242
303	-0,012
304	-0,083
305	-0,024
306	0,147
307	0,209
308	0,379
309	0,160
310	0,441
311	0,601
312	0,581
313	0,667
314	0,667
315	0,501
316	0,612
317	0,663
318	0,709
319	0,709
320	0,691
321	0,644
322	0,563
323	0,524
324	0,689
325	0,611
326	0,611
327	0,877
328	0,681
329	0,510
330	0,781
331	0,954
332	1,148
333	0,837
334	1,008
335	0,957
336	0,958
337	1,181
338	1,196
339	1,246
340	1,310
341	1,321
342	1,632
343	1,603
344	1,433
345	1,340
346	1,137
347	1,311
348	1,311
349	1,339
350	1,068
351	0,883
352	0,747
353	0,918
354	0,982
355	1,122
356	1,132
357	0,811
358	0,748
359	0,990
360	1,147
361	1,127
362	0,856
363	0,680
364	0,544
365	0,482
366	0,660
367	0,660
368	0,464
369	0,183
370	0,183
371	0,443
372	0,462
373	0,661
374	0,520
375	0,549
376	0,347
377	0,478
378	0,617
379	0,852
380	0,698
381	0,698
382	0,670
383	0,811
384	0,926
385	1,099
386	1,072
387	1,180
388	1,037
389	0,998
390	1,119
391	0,977
392	0,769
393	0,494
394	0,302
395	0,329
396	0,329
397	0,422
398	0,598
399	0,352
400	0,460
401	0,730
402	0,926
403	1,007
404	0,914
405	0,967
406	0,781
407	0,799
408	0,989
409	0,786
410	0,474
411	0,383
412	0,363
413	0,237
414	0,082
415	0,043
416	-0,217
417	-0,368
418	-0,194
419	0,053
420	-0,112
421	0,049
422	0,176
423	0,278
424	0,502
425	0,744
426	0,951
427	0,732
428	0,484
429	0,604
430	0,657
431	0,557
432	0,557
433	0,244
434	0,069
435	0,013
436	0,314
437	0,341
438	0,236
439	0,247
440	0,247
441	0,139
442	0,331
443	0,416
444	0,442
445	0,282
446	0,301
447	0,287
448	0,016
449	-0,011
450	-0,040
451	-0,086
452	-0,166
453	-0,343
454	-0,484
455	-0,281
456	-0,181
457	-0,114
458	0,104
459	0,133
460	0,113
461	0,284
462	0,243
463	0,491
464	0,369
465	0,389
466	0,389
467	0,211
468	0,217
469	0,198
470	-0,086
471	0,022
472	0,076
473	0,061
474	0,022
475	0,163
476	0,210
477	0,364
478	0,449
479	0,561
480	0,764
481	0,682
