	aa hydrophobes	aa charges (%)	charge net	E	N	V	P	Y	T	I	H	L	G	F	C	D	R	K	Q	M	S	A	W
 sequence entiere	277	21,472	-106,9	22	25	28	21	14	33	32	10	52	32	14	11	35	31	17	25	11	25	42	9
 
 
Fenetres	hydrophobicite moyenne
1	0,457
2	0,717
3	0,783
4	0,848
5	0,968
6	0,890
7	1,050
8	1,210
9	1,039
10	1,223
11	1,034
12	1,206
13	0,920
14	0,749
15	0,608
16	0,309
17	0,053
18	-0,047
19	-0,312
20	-0,283
21	-0,348
22	-0,233
23	-0,287
24	0,024
25	0,334
26	0,538
27	0,798
28	1,053
29	0,958
30	0,880
31	0,847
32	1,060
33	0,790
34	0,790
35	0,653
36	0,460
37	0,300
38	0,567
39	0,471
40	0,476
41	0,458
42	0,529
43	0,217
44	0,104
45	0,143
46	0,303
47	0,037
48	0,240
49	0,320
50	0,183
51	0,218
52	0,218
53	0,466
54	0,346
55	0,292
56	0,249
57	0,192
58	0,088
59	0,189
60	0,183
61	0,484
62	0,484
63	0,584
64	0,638
65	0,762
66	0,717
67	0,930
68	0,966
69	0,966
70	0,706
71	0,566
72	0,586
73	0,586
74	0,707
75	0,707
76	0,552
77	0,631
78	0,517
79	0,583
80	0,476
81	0,612
82	0,503
83	0,503
84	0,668
85	0,521
86	0,471
87	0,471
88	0,504
89	0,631
90	0,540
91	0,494
92	0,558
93	0,559
94	0,706
95	0,694
96	0,969
97	0,828
98	0,949
99	1,040
100	0,981
101	0,981
102	0,671
103	0,773
104	0,474
105	0,219
106	0,438
107	0,502
108	0,411
109	0,411
110	0,348
111	0,647
112	0,699
113	0,838
114	1,103
115	1,186
116	1,014
117	0,824
118	0,883
119	0,662
120	0,508
121	0,314
122	0,261
123	0,251
124	-0,004
125	-0,143
126	-0,100
127	0,064
128	0,038
129	0,174
130	0,154
131	0,378
132	0,389
133	0,370
134	0,514
135	0,717
136	0,707
137	1,008
138	0,751
139	0,771
140	0,601
141	0,289
142	0,403
143	0,558
144	0,457
145	0,156
146	0,047
147	0,132
148	0,137
149	0,103
150	0,230
151	0,116
152	-0,144
153	-0,291
154	0,010
155	-0,094
156	-0,014
157	0,174
158	0,174
159	0,074
160	0,194
161	0,454
162	0,767
163	0,468
164	0,572
165	0,692
166	0,437
167	0,691
168	0,772
169	0,767
170	0,592
171	0,592
172	0,590
173	0,681
174	0,481
175	0,684
176	0,623
177	0,662
178	0,609
179	0,594
180	0,323
181	0,436
182	0,293
183	0,493
184	0,244
185	0,256
186	0,221
187	0,241
188	0,491
189	0,562
190	0,491
191	0,712
192	0,701
193	0,701
194	0,416
195	0,604
196	0,604
197	0,242
198	0,238
199	0,304
200	0,190
201	0,190
202	0,409
203	0,529
204	0,269
205	0,202
206	0,394
207	0,399
208	0,438
209	0,302
210	0,047
211	-0,084
212	-0,090
213	-0,086
214	0,186
215	0,294
216	0,184
217	0,339
218	0,272
219	0,446
220	0,360
221	0,260
222	0,260
223	0,060
224	-0,100
225	0,006
226	-0,183
227	-0,141
228	-0,219
229	-0,113
230	0,064
231	0,019
232	0,014
233	0,186
234	0,104
235	0,293
236	0,518
237	0,503
238	0,422
239	0,230
240	0,257
241	0,149
242	-0,051
243	0,233
244	0,233
245	0,068
246	0,242
247	0,257
248	0,342
249	0,428
250	0,740
251	0,716
252	0,653
253	0,664
254	0,544
255	0,270
256	0,477
257	0,477
258	0,367
259	0,167
260	0,327
261	0,119
262	0,169
263	0,453
264	0,539
265	0,432
266	0,621
267	0,766
268	0,741
269	0,640
270	0,847
271	0,631
272	0,347
273	0,427
274	0,504
275	0,452
276	0,553
277	0,466
278	0,364
279	0,143
280	0,023
281	0,189
282	0,138
283	0,138
284	0,200
285	-0,007
286	0,241
287	0,322
288	0,442
289	0,778
290	0,833
291	0,839
292	0,666
293	0,496
294	0,767
295	0,646
296	0,521
297	0,687
298	0,412
299	0,252
300	0,407
301	0,662
302	0,548
303	0,281
304	0,301
305	0,547
306	0,536
307	0,493
308	0,598
309	0,438
310	0,278
311	0,363
312	0,359
313	0,253
314	0,147
315	0,064
316	0,238
317	0,293
318	0,299
319	0,158
320	0,172
321	0,278
322	0,324
323	0,330
324	0,157
325	-0,036
326	-0,171
327	-0,070
328	0,018
329	0,110
330	0,076
331	0,076
332	0,070
333	0,337
334	0,312
335	0,341
336	0,120
337	0,333
338	0,416
339	0,344
340	0,398
341	0,540
342	0,273
343	0,633
344	0,580
345	0,746
346	0,444
347	0,143
348	0,143
349	0,314
350	0,077
351	0,072
352	-0,042
353	0,171
354	0,291
355	0,539
356	0,651
357	0,637
358	0,324
359	0,426
360	0,697
361	0,760
362	0,742
363	0,518
364	0,270
365	0,459
366	0,478
367	0,670
368	0,550
369	0,326
370	0,377
371	0,201
372	0,414
373	0,662
374	0,469
375	0,570
376	0,404
377	0,378
378	0,652
379	0,378
380	0,378
381	0,223
382	0,002
383	0,087
384	0,132
385	0,218
386	0,364
387	0,110
388	0,134
389	0,114
390	0,251
391	0,270
392	0,186
393	-0,004
394	-0,009
395	0,146
396	0,339
397	0,253
398	0,312
399	0,221
400	0,217
401	0,358
402	0,356
403	0,497
404	0,237
405	0,184
406	0,184
407	0,350
408	0,459
409	0,719
410	0,578
411	0,580
412	0,358
413	0,463
414	0,433
415	0,409
416	0,142
417	-0,047
418	-0,201
419	0,003
420	0,249
421	0,310
422	0,163
423	0,032
424	0,341
425	0,437
426	0,608
427	0,762
428	0,698
429	0,751
430	0,663
431	0,666
432	0,578
433	0,514
434	0,400
435	0,258
436	0,176
437	-0,046
438	-0,034
439	0,214
440	0,513
441	0,513
442	0,407
443	0,407
444	0,412
445	0,340
446	0,340
447	0,054
448	-0,194
449	-0,248
450	0,064
451	-0,036
452	-0,017
453	0,149
454	0,314
455	0,400
456	0,373
457	0,376
458	0,240
459	0,036
460	0,141
461	0,397
462	0,172
463	0,079
464	0,159
465	0,306
466	0,604
467	0,639
468	0,832
469	0,878
470	0,824
471	0,986
472	0,913
473	0,868
474	0,868
475	0,674
476	0,829
477	0,569
478	0,688
479	0,632
480	0,496
481	0,376
