	C+G(%)	CpG(%)	T	C	G	A
 sequence entiere	53,966	7,004	493	547	732	598
 
 
Fenetres	C+G(%)	CpG	Rapport CpG	Ilot CpG
1	48,000	11	0,976	Non
2	48,500	11	0,952	Non
3	48,500	11	0,958	Non
4	48,500	11	0,958	Non
5	48,500	11	0,952	Non
6	48,500	12	1,045	Non
7	49,000	12	1,020	Non
8	48,500	12	1,045	Non
9	48,500	12	1,053	Non
10	49,000	12	1,034	Non
11	49,500	12	1,009	Non
12	50,000	12	0,985	Oui
13	50,000	12	0,985	Oui
14	50,500	12	0,962	Oui
15	50,000	12	0,985	Oui
16	50,500	12	0,969	Oui
17	51,000	12	0,946	Oui
18	50,500	12	0,962	Oui
19	50,000	12	0,979	Oui
20	50,000	12	0,979	Oui
21	50,000	12	0,979	Oui
22	50,500	12	0,957	Oui
23	50,000	12	0,974	Oui
24	50,000	12	0,974	Oui
25	50,500	12	0,957	Oui
26	50,500	12	0,957	Oui
27	51,000	12	0,940	Oui
28	51,000	12	0,936	Oui
29	51,000	12	0,936	Oui
30	51,500	12	0,915	Oui
31	51,500	12	0,912	Oui
32	51,000	12	0,932	Oui
33	51,000	12	0,932	Oui
34	51,000	12	0,932	Oui
35	51,500	12	0,915	Oui
36	51,500	12	0,912	Oui
37	51,500	12	0,912	Oui
38	51,000	12	0,928	Oui
39	51,500	12	0,909	Oui
40	51,500	12	0,909	Oui
41	52,000	12	0,893	Oui
42	52,000	12	0,893	Oui
43	52,000	12	0,896	Oui
44	52,500	12	0,880	Oui
45	53,000	12	0,862	Oui
46	53,000	12	0,862	Oui
47	52,500	12	0,880	Oui
48	53,000	12	0,865	Oui
49	53,000	12	0,865	Oui
50	53,000	12	0,865	Oui
51	53,000	12	0,870	Oui
52	53,000	12	0,870	Oui
53	53,000	12	0,870	Oui
54	53,000	12	0,870	Oui
55	53,500	12	0,855	Oui
56	53,500	12	0,855	Oui
57	53,000	11	0,801	Oui
58	53,000	11	0,801	Oui
59	53,000	11	0,801	Oui
60	53,000	11	0,801	Oui
61	53,000	11	0,801	Oui
62	53,000	11	0,797	Oui
63	53,500	11	0,780	Oui
64	53,500	11	0,777	Oui
65	53,500	11	0,777	Oui
66	54,000	12	0,833	Oui
67	54,000	12	0,830	Oui
68	54,500	13	0,884	Oui
69	54,000	13	0,903	Oui
70	54,500	13	0,888	Oui
71	55,000	13	0,870	Oui
72	55,500	14	0,922	Oui
73	55,500	14	0,922	Oui
74	56,000	14	0,907	Oui
75	55,500	14	0,922	Oui
76	55,500	14	0,922	Oui
77	56,000	14	0,903	Oui
78	55,500	14	0,922	Oui
79	55,500	14	0,922	Oui
80	55,500	14	0,922	Oui
81	55,500	14	0,926	Oui
82	55,500	13	0,860	Oui
83	55,500	14	0,926	Oui
84	55,000	14	0,941	Oui
85	55,000	14	0,941	Oui
86	55,000	14	0,937	Oui
87	55,000	14	0,937	Oui
88	54,500	14	0,952	Oui
89	54,000	14	0,969	Oui
90	53,500	14	0,985	Oui
91	53,500	14	0,982	Oui
92	53,500	14	0,982	Oui
93	54,000	14	0,963	Oui
94	54,000	14	0,963	Oui
95	54,500	14	0,945	Oui
96	54,500	14	0,943	Oui
97	55,000	15	0,993	Oui
98	55,500	15	0,976	Oui
99	56,000	15	0,959	Oui
100	56,000	15	0,962	Oui
101	56,500	15	0,943	Oui
102	57,000	16	0,990	Oui
103	57,000	16	0,990	Oui
104	57,000	16	0,990	Oui
105	57,000	16	0,990	Oui
106	57,000	16	0,990	Oui
107	57,000	16	0,990	Oui
108	57,500	16	0,971	Oui
109	58,000	16	0,954	Oui
110	58,500	16	0,937	Oui
111	58,500	16	0,937	Oui
112	58,500	16	0,937	Oui
113	58,500	16	0,937	Oui
114	59,000	16	0,922	Oui
115	59,500	16	0,907	Oui
116	59,500	16	0,907	Oui
117	59,500	16	0,907	Oui
118	59,000	16	0,922	Oui
119	59,000	16	0,920	Oui
120	58,500	16	0,937	Oui
121	59,000	16	0,922	Oui
122	58,500	16	0,937	Oui
123	58,500	16	0,937	Oui
124	59,000	16	0,920	Oui
125	59,000	16	0,920	Oui
126	59,500	16	0,904	Oui
127	59,000	16	0,920	Oui
128	59,000	16	0,920	Oui
129	59,500	17	0,961	Oui
130	59,000	16	0,920	Oui
131	59,000	16	0,920	Oui
132	58,500	16	0,937	Oui
133	59,000	16	0,922	Oui
134	59,500	16	0,905	Oui
135	59,500	16	0,905	Oui
136	59,500	16	0,905	Oui
137	59,500	16	0,905	Oui
138	59,500	16	0,905	Oui
139	59,500	16	0,904	Oui
140	59,500	16	0,904	Oui
141	60,000	17	0,945	Oui
142	60,000	17	0,947	Oui
143	60,500	17	0,930	Oui
144	60,500	17	0,930	Oui
145	60,500	17	0,930	Oui
146	60,500	17	0,930	Oui
147	60,000	16	0,891	Oui
148	59,500	16	0,905	Oui
149	59,000	16	0,920	Oui
150	58,500	16	0,937	Oui
151	59,000	16	0,922	Oui
152	59,500	16	0,907	Oui
153	59,000	16	0,924	Oui
154	59,000	16	0,924	Oui
155	59,500	16	0,909	Oui
156	59,500	16	0,909	Oui
157	59,500	15	0,852	Oui
158	59,500	16	0,909	Oui
159	59,500	16	0,909	Oui
160	60,000	16	0,893	Oui
161	59,500	16	0,909	Oui
162	60,000	16	0,895	Oui
163	59,500	16	0,909	Oui
164	59,000	16	0,924	Oui
165	59,000	15	0,866	Oui
166	58,500	15	0,880	Oui
167	58,000	15	0,894	Oui
168	58,000	15	0,894	Oui
169	58,500	15	0,880	Oui
170	58,500	15	0,880	Oui
171	58,500	15	0,880	Oui
172	58,000	15	0,894	Oui
173	58,500	15	0,880	Oui
174	58,000	14	0,836	Oui
175	58,000	14	0,836	Oui
176	58,500	14	0,823	Oui
177	58,500	13	0,767	Oui
178	58,000	13	0,779	Oui
179	58,500	13	0,764	Oui
180	59,000	14	0,810	Oui
181	59,000	14	0,810	Oui
182	59,000	14	0,813	Oui
183	58,500	14	0,828	Oui
184	58,000	14	0,845	Oui
185	58,000	14	0,845	Oui
186	58,000	14	0,848	Oui
187	58,000	14	0,848	Oui
188	58,000	14	0,848	Oui
189	58,500	14	0,832	Oui
190	59,000	15	0,878	Oui
191	59,000	15	0,878	Oui
192	59,500	15	0,865	Oui
193	60,000	15	0,853	Oui
194	60,000	14	0,800	Oui
195	59,500	14	0,812	Oui
196	59,000	13	0,769	Oui
197	58,500	13	0,780	Oui
198	58,000	13	0,792	Oui
199	57,500	13	0,804	Oui
200	57,000	13	0,816	Oui
201	57,000	13	0,816	Oui
202	56,500	12	0,769	Oui
203	56,000	12	0,781	Oui
204	55,500	12	0,794	Oui
205	55,500	11	0,728	Oui
206	55,500	12	0,794	Oui
207	55,000	12	0,811	Oui
208	55,500	12	0,794	Oui
209	55,000	12	0,806	Oui
210	55,000	12	0,806	Oui
211	54,500	12	0,824	Oui
212	54,000	12	0,842	Oui
213	53,500	12	0,860	Oui
214	53,000	12	0,880	Oui
215	53,500	12	0,860	Oui
216	53,500	12	0,855	Oui
217	53,500	13	0,932	Oui
218	54,000	13	0,917	Oui
219	54,000	13	0,917	Oui
220	54,000	13	0,912	Oui
221	54,000	13	0,912	Oui
222	54,000	13	0,917	Oui
223	54,500	13	0,903	Oui
224	54,500	13	0,903	Oui
225	54,000	13	0,917	Oui
226	54,500	13	0,903	Oui
227	54,500	13	0,903	Oui
228	54,500	13	0,903	Oui
229	55,000	14	0,957	Oui
230	55,000	14	0,957	Oui
231	54,500	14	0,979	Oui
232	54,500	14	0,979	Oui
233	54,500	14	0,979	Oui
234	55,000	15	1,033	Oui
235	54,500	15	1,049	Oui
236	54,000	15	1,073	Oui
237	54,500	15	1,049	Oui
238	55,000	16	1,102	Oui
239	55,000	16	1,111	Oui
240	55,500	16	1,085	Oui
241	55,000	16	1,102	Oui
242	55,500	16	1,077	Oui
243	55,000	16	1,094	Oui
244	55,000	16	1,094	Oui
245	55,000	16	1,102	Oui
246	55,500	16	1,085	Oui
247	55,500	16	1,085	Oui
248	55,500	16	1,085	Oui
249	55,000	16	1,111	Oui
250	55,000	16	1,111	Oui
251	55,000	16	1,111	Oui
252	55,500	16	1,094	Oui
253	55,500	16	1,094	Oui
254	55,000	16	1,111	Oui
255	54,500	16	1,128	Oui
256	54,000	16	1,145	Oui
257	54,000	16	1,145	Oui
258	54,000	16	1,136	Oui
259	53,500	16	1,154	Oui
260	54,000	16	1,136	Oui
261	54,000	16	1,136	Oui
262	53,500	16	1,163	Oui
263	53,000	16	1,190	Oui
264	52,500	16	1,220	Oui
265	52,500	15	1,143	Oui
266	52,000	15	1,161	Oui
267	52,000	14	1,094	Oui
268	52,000	14	1,094	Oui
269	52,500	14	1,077	Oui
270	52,500	14	1,067	Oui
271	52,000	13	1,016	Oui
272	51,500	13	1,032	Oui
273	51,500	13	1,032	Oui
274	51,000	13	1,048	Oui
275	51,000	13	1,048	Oui
276	50,500	13	1,066	Oui
277	50,500	13	1,066	Oui
278	51,000	14	1,129	Oui
279	51,500	14	1,111	Oui
280	52,000	14	1,094	Oui
281	52,000	14	1,094	Oui
282	52,000	13	1,026	Oui
283	52,000	13	1,026	Oui
284	52,000	13	1,026	Oui
285	52,500	13	1,000	Oui
286	52,000	13	1,026	Oui
287	52,500	13	1,000	Oui
288	53,000	14	1,061	Oui
289	53,000	14	1,061	Oui
290	53,500	14	1,045	Oui
291	53,500	14	1,056	Oui
292	54,000	14	1,029	Oui
293	54,000	14	1,029	Oui
294	54,500	14	1,004	Oui
295	54,500	15	1,087	Oui
296	54,000	14	1,041	Oui
297	54,000	14	1,041	Oui
298	54,000	14	1,029	Oui
299	54,000	14	1,019	Oui
300	54,000	15	1,092	Oui
301	53,500	14	1,045	Oui
302	53,500	14	1,035	Oui
303	53,000	14	1,051	Oui
304	53,500	14	1,026	Oui
305	54,000	14	1,002	Oui
306	54,500	14	0,979	Oui
307	54,500	14	0,979	Oui
308	54,000	14	1,002	Oui
309	53,500	14	1,026	Oui
310	53,500	14	1,035	Oui
311	53,500	14	1,035	Oui
312	53,000	14	1,051	Oui
313	53,500	14	1,026	Oui
314	53,000	14	1,042	Oui
315	53,000	14	1,034	Oui
316	53,500	15	1,090	Oui
317	53,500	15	1,090	Oui
318	53,500	15	1,090	Oui
319	53,000	15	1,116	Oui
320	53,500	15	1,099	Oui
321	53,500	15	1,090	Oui
322	54,000	15	1,065	Oui
323	54,500	15	1,042	Oui
324	54,500	15	1,042	Oui
325	54,500	15	1,042	Oui
326	54,000	15	1,065	Oui
327	54,500	15	1,042	Oui
328	54,000	14	0,994	Oui
329	53,500	14	1,010	Oui
330	53,500	14	1,010	Oui
331	53,500	14	1,004	Oui
332	54,000	15	1,058	Oui
333	54,000	15	1,058	Oui
334	53,500	15	1,082	Oui
335	54,000	15	1,058	Oui
336	54,000	15	1,058	Oui
337	54,000	15	1,058	Oui
338	54,500	15	1,042	Oui
339	54,500	15	1,042	Oui
340	54,000	14	0,994	Oui
341	53,500	14	1,010	Oui
342	53,000	14	1,026	Oui
343	53,000	14	1,026	Oui
344	53,500	15	1,082	Oui
345	54,000	15	1,065	Oui
346	54,000	15	1,073	Oui
347	54,000	15	1,073	Oui
348	54,000	15	1,073	Oui
349	54,000	15	1,073	Oui
350	54,000	15	1,073	Oui
351	54,000	15	1,065	Oui
352	54,000	15	1,058	Oui
353	54,500	15	1,035	Oui
354	55,000	16	1,087	Oui
355	55,000	16	1,087	Oui
356	55,500	16	1,070	Oui
357	55,000	15	1,026	Oui
358	54,500	15	1,042	Oui
359	55,000	15	1,026	Oui
360	55,000	15	1,026	Oui
361	55,000	15	1,026	Oui
362	54,500	15	1,042	Oui
363	55,000	15	1,026	Oui
364	55,500	15	1,003	Oui
365	55,500	16	1,077	Oui
366	56,000	16	1,054	Oui
367	56,000	16	1,054	Oui
368	56,500	16	1,032	Oui
369	56,000	16	1,047	Oui
370	56,000	16	1,047	Oui
371	56,000	16	1,042	Oui
372	56,000	16	1,042	Oui
373	56,000	16	1,042	Oui
374	56,000	16	1,042	Oui
375	56,000	16	1,037	Oui
376	56,000	16	1,032	Oui
377	55,500	16	1,049	Oui
378	55,500	16	1,049	Oui
379	55,500	15	0,987	Oui
380	55,500	15	0,984	Oui
381	56,000	15	0,964	Oui
382	56,000	16	1,029	Oui
383	56,500	16	1,012	Oui
384	57,000	16	0,993	Oui
385	57,500	17	1,038	Oui
386	57,000	17	1,055	Oui
387	57,000	17	1,058	Oui
388	57,500	17	1,038	Oui
389	57,000	16	0,996	Oui
390	56,500	16	1,012	Oui
391	56,000	16	1,029	Oui
392	55,500	16	1,046	Oui
393	55,500	16	1,043	Oui
394	55,500	16	1,041	Oui
395	55,500	16	1,041	Oui
396	56,000	16	1,022	Oui
397	56,000	16	1,022	Oui
398	56,500	16	1,004	Oui
399	56,500	16	1,004	Oui
400	57,000	16	0,986	Oui
401	57,000	17	1,048	Oui
402	57,000	17	1,048	Oui
403	57,500	17	1,029	Oui
404	57,500	17	1,029	Oui
405	57,000	16	0,986	Oui
406	56,500	16	1,003	Oui
407	56,500	16	1,003	Oui
408	56,500	16	1,004	Oui
409	56,500	16	1,004	Oui
410	56,000	16	1,022	Oui
411	56,500	16	1,004	Oui
412	56,500	16	1,004	Oui
413	56,500	16	1,004	Oui
414	57,000	16	0,986	Oui
415	57,000	17	1,049	Oui
416	56,500	16	1,006	Oui
417	56,000	16	1,023	Oui
418	55,500	16	1,041	Oui
419	55,500	16	1,041	Oui
420	55,000	16	1,061	Oui
421	55,000	16	1,061	Oui
422	55,000	16	1,061	Oui
423	55,000	16	1,061	Oui
424	55,000	16	1,061	Oui
425	55,500	16	1,043	Oui
426	55,000	16	1,061	Oui
427	54,500	16	1,080	Oui
428	54,500	15	1,014	Oui
429	54,000	15	1,032	Oui
430	54,000	15	1,034	Oui
431	54,000	15	1,034	Oui
432	54,000	15	1,034	Oui
433	53,500	14	0,985	Oui
434	53,500	14	0,985	Oui
435	54,000	14	0,966	Oui
436	54,000	14	0,966	Oui
437	53,500	13	0,915	Oui
438	53,500	13	0,915	Oui
439	53,000	13	0,931	Oui
440	52,500	13	0,950	Oui
441	53,000	13	0,934	Oui
442	53,000	13	0,938	Oui
443	53,500	13	0,918	Oui
444	53,000	13	0,934	Oui
445	52,500	13	0,950	Oui
446	52,500	13	0,948	Oui
447	52,500	13	0,948	Oui
448	52,500	13	0,945	Oui
449	52,500	13	0,945	Oui
450	53,000	13	0,927	Oui
451	53,000	13	0,926	Oui
452	52,500	13	0,943	Oui
453	53,000	13	0,926	Oui
454	53,000	13	0,926	Oui
455	53,500	13	0,908	Oui
456	53,500	13	0,908	Oui
457	54,000	13	0,892	Oui
458	54,000	13	0,892	Oui
459	54,500	14	0,943	Oui
460	54,000	14	0,961	Oui
461	54,500	14	0,943	Oui
462	55,000	14	0,927	Oui
463	55,000	14	0,927	Oui
464	55,000	14	0,927	Oui
465	55,000	14	0,928	Oui
466	55,500	14	0,911	Oui
467	55,500	14	0,910	Oui
468	55,000	14	0,926	Oui
469	54,500	14	0,943	Oui
470	54,000	14	0,961	Oui
471	54,500	14	0,943	Oui
472	54,500	14	0,943	Oui
473	54,000	14	0,960	Oui
474	54,500	14	0,943	Oui
475	54,500	14	0,943	Oui
476	55,000	14	0,926	Oui
477	55,000	14	0,926	Oui
478	55,000	14	0,926	Oui
479	55,000	14	0,926	Oui
480	54,500	14	0,943	Oui
481	54,500	14	0,943	Oui
482	54,000	14	0,961	Oui
483	53,500	14	0,979	Oui
484	54,000	14	0,961	Oui
485	54,000	14	0,961	Oui
486	54,500	14	0,943	Oui
487	54,500	13	0,876	Oui
488	54,500	14	0,943	Oui
489	54,500	14	0,943	Oui
490	54,500	14	0,945	Oui
491	54,500	15	1,012	Oui
492	54,500	15	1,011	Oui
493	54,000	15	1,029	Oui
494	54,000	14	0,961	Oui
495	53,500	14	0,979	Oui
496	53,500	14	0,979	Oui
497	53,500	14	0,980	Oui
498	53,000	14	0,998	Oui
499	53,000	13	0,927	Oui
500	52,500	13	0,945	Oui
501	52,500	13	0,945	Oui
502	52,000	13	0,963	Oui
503	52,000	13	0,963	Oui
504	52,000	13	0,963	Oui
505	51,500	13	0,981	Oui
506	51,000	13	1,000	Oui
507	51,000	13	1,000	Oui
508	51,000	13	1,000	Oui
509	51,000	13	1,000	Oui
510	50,500	13	1,020	Oui
511	51,000	13	1,001	Oui
512	51,000	13	1,001	Oui
513	51,000	13	1,000	Oui
514	51,500	13	0,980	Oui
515	51,500	12	0,905	Oui
516	51,500	12	0,905	Oui
517	51,500	12	0,905	Oui
518	51,500	12	0,905	Oui
519	52,000	12	0,888	Oui
520	51,500	12	0,905	Oui
521	51,500	12	0,905	Oui
522	51,000	12	0,923	Oui
523	51,000	12	0,923	Oui
524	50,500	12	0,942	Oui
525	50,500	12	0,942	Oui
526	51,000	12	0,923	Oui
527	50,500	12	0,942	Oui
528	51,000	12	0,923	Oui
529	51,000	12	0,923	Oui
530	51,000	12	0,923	Oui
531	51,000	11	0,846	Oui
532	51,000	11	0,846	Oui
533	51,000	11	0,846	Oui
534	51,500	12	0,905	Oui
535	51,000	12	0,923	Oui
536	51,000	12	0,923	Oui
537	50,500	12	0,941	Oui
538	50,000	12	0,960	Oui
539	49,500	12	0,980	Non
540	50,000	12	0,960	Oui
541	50,000	12	0,960	Oui
542	50,000	12	0,960	Oui
543	49,500	11	0,898	Non
544	49,500	11	0,899	Non
545	49,000	11	0,918	Non
546	48,500	11	0,938	Non
547	49,000	11	0,920	Non
548	49,000	11	0,920	Non
549	49,000	11	0,920	Non
550	49,000	11	0,920	Non
551	48,500	11	0,938	Non
552	48,500	11	0,938	Non
553	48,000	10	0,870	Non
554	48,000	10	0,870	Non
555	48,000	10	0,871	Non
556	48,000	11	0,959	Non
557	48,000	11	0,959	Non
558	48,000	11	0,959	Non
559	48,000	11	0,959	Non
560	47,500	11	0,978	Non
561	48,000	11	0,957	Non
562	48,500	11	0,936	Non
563	48,000	11	0,957	Non
564	48,000	10	0,868	Non
565	48,000	10	0,870	Non
566	47,500	10	0,887	Non
567	48,000	10	0,868	Non
568	48,000	10	0,868	Non
569	48,000	10	0,868	Non
570	48,000	10	0,868	Non
571	47,500	10	0,887	Non
572	48,000	10	0,868	Non
573	47,500	10	0,887	Non
574	48,000	10	0,868	Non
575	47,500	10	0,887	Non
576	47,000	10	0,906	Non
577	47,000	10	0,906	Non
578	47,000	10	0,906	Non
579	47,000	10	0,905	Non
580	47,000	11	0,996	Non
581	46,500	10	0,926	Non
582	46,500	10	0,926	Non
583	46,500	10	0,926	Non
584	46,500	9	0,833	Non
585	46,500	9	0,833	Non
586	46,500	9	0,833	Non
587	46,000	9	0,851	Non
588	45,500	9	0,870	Non
589	45,500	9	0,870	Non
590	46,000	9	0,851	Non
591	46,500	10	0,925	Non
592	46,500	10	0,925	Non
593	46,000	10	0,946	Non
594	46,000	10	0,947	Non
595	46,500	10	0,928	Non
596	46,000	10	0,949	Non
597	46,500	10	0,928	Non
598	46,500	11	1,020	Non
599	46,500	11	1,020	Non
600	46,000	10	0,949	Non
601	46,000	10	0,949	Non
602	46,000	10	0,949	Non
603	45,500	10	0,972	Non
604	46,000	10	0,952	Non
605	46,500	10	0,934	Non
606	47,000	10	0,916	Non
607	47,500	10	0,898	Non
608	47,500	10	0,894	Non
609	48,000	10	0,874	Non
610	48,000	10	0,874	Non
611	48,000	10	0,874	Non
612	48,500	10	0,858	Non
613	48,500	10	0,858	Non
614	48,500	9	0,775	Non
615	48,500	9	0,775	Non
616	49,000	9	0,761	Non
617	49,500	9	0,744	Non
618	50,000	9	0,727	Oui
619	50,000	9	0,727	Oui
620	50,500	9	0,714	Oui
621	50,500	9	0,714	Oui
622	50,000	9	0,727	Oui
623	49,500	9	0,741	Non
624	50,000	9	0,725	Oui
625	49,500	9	0,738	Non
626	49,500	9	0,738	Non
627	50,000	9	0,723	Oui
628	50,000	10	0,803	Oui
629	50,000	10	0,803	Oui
630	49,500	10	0,818	Non
631	49,500	10	0,818	Non
632	49,500	10	0,818	Non
633	49,500	10	0,818	Non
634	49,000	10	0,834	Non
635	49,000	10	0,836	Non
636	49,500	10	0,818	Non
637	50,000	11	0,883	Oui
638	49,500	11	0,900	Non
639	49,500	11	0,900	Non
640	50,000	11	0,881	Oui
641	49,500	11	0,899	Non
642	49,000	11	0,917	Non
643	49,000	11	0,917	Non
644	49,500	11	0,898	Non
645	49,500	11	0,898	Non
646	49,000	11	0,917	Non
647	49,000	11	0,917	Non
648	49,000	11	0,918	Non
649	49,500	11	0,900	Non
650	49,500	11	0,900	Non
651	49,000	11	0,920	Non
652	49,500	11	0,900	Non
653	49,000	11	0,920	Non
654	49,000	11	0,920	Non
655	49,000	11	0,920	Non
656	49,500	11	0,902	Non
657	49,500	11	0,900	Non
658	49,500	11	0,902	Non
659	49,500	11	0,902	Non
660	49,500	11	0,902	Non
661	49,500	11	0,900	Non
662	49,000	11	0,918	Non
663	49,000	11	0,918	Non
664	49,000	11	0,918	Non
665	49,000	11	0,917	Non
666	49,000	12	1,001	Non
667	49,000	12	1,003	Non
668	49,000	12	1,003	Non
669	49,000	12	1,003	Non
670	49,500	12	0,982	Non
671	49,500	13	1,066	Non
672	49,500	13	1,066	Non
673	49,500	13	1,066	Non
674	49,500	13	1,064	Non
675	50,000	14	1,124	Oui
676	50,000	13	1,047	Oui
677	49,500	13	1,066	Non
678	49,000	13	1,087	Non
679	49,000	13	1,087	Non
680	49,500	13	1,064	Non
681	49,000	13	1,087	Non
682	49,500	13	1,066	Non
683	49,500	13	1,066	Non
684	49,000	13	1,087	Non
685	49,000	13	1,087	Non
686	49,000	14	1,174	Non
687	48,500	13	1,115	Non
688	48,500	13	1,111	Non
689	49,000	14	1,174	Non
690	49,000	13	1,090	Non
691	48,500	13	1,111	Non
692	48,000	13	1,133	Non
693	48,000	13	1,133	Non
694	47,500	13	1,159	Non
695	47,500	13	1,159	Non
696	47,500	13	1,159	Non
697	47,500	13	1,159	Non
698	47,500	13	1,159	Non
699	47,000	13	1,186	Non
700	47,000	13	1,186	Non
701	47,000	13	1,186	Non
702	47,500	13	1,163	Non
703	47,500	13	1,163	Non
704	47,000	13	1,190	Non
705	47,500	13	1,168	Non
706	48,000	13	1,141	Non
707	48,000	13	1,141	Non
708	48,000	13	1,141	Non
709	48,000	13	1,141	Non
710	48,000	13	1,141	Non
711	48,000	13	1,146	Non
712	48,000	13	1,146	Non
713	48,000	13	1,146	Non
714	47,500	13	1,168	Non
715	47,500	13	1,163	Non
716	47,500	14	1,252	Non
717	47,500	14	1,252	Non
718	47,500	14	1,252	Non
719	47,000	14	1,282	Non
720	47,500	14	1,258	Non
721	47,500	14	1,265	Non
722	48,000	14	1,235	Non
723	48,000	14	1,229	Non
724	48,500	14	1,201	Non
725	49,000	15	1,263	Non
726	49,000	15	1,263	Non
727	49,000	15	1,263	Non
728	48,500	15	1,292	Non
729	48,500	15	1,292	Non
730	49,000	15	1,263	Non
731	48,500	15	1,292	Non
732	48,000	15	1,323	Non
733	48,000	14	1,235	Non
734	48,000	14	1,229	Non
735	48,500	14	1,201	Non
736	48,500	14	1,201	Non
737	49,000	14	1,178	Non
738	49,000	14	1,178	Non
739	49,500	14	1,152	Non
740	49,000	14	1,178	Non
741	49,000	14	1,178	Non
742	49,500	14	1,157	Non
743	49,500	14	1,157	Non
744	49,500	14	1,163	Non
745	50,000	14	1,142	Oui
746	50,500	14	1,116	Oui
747	50,500	15	1,203	Oui
748	51,000	15	1,176	Oui
749	51,500	16	1,233	Oui
750	51,500	16	1,233	Oui
751	52,000	16	1,212	Oui
752	52,000	16	1,220	Oui
753	52,500	16	1,192	Oui
754	52,500	17	1,267	Oui
755	52,500	16	1,200	Oui
756	52,500	16	1,200	Oui
757	53,000	16	1,181	Oui
758	53,000	16	1,181	Oui
759	53,000	16	1,181	Oui
760	53,500	16	1,154	Oui
761	53,000	16	1,173	Oui
762	53,000	16	1,166	Oui
763	53,500	16	1,140	Oui
764	53,000	16	1,159	Oui
765	53,000	16	1,159	Oui
766	53,500	17	1,212	Oui
767	53,000	17	1,232	Oui
768	52,500	17	1,253	Oui
769	52,500	17	1,253	Oui
770	52,500	17	1,253	Oui
771	52,500	17	1,253	Oui
772	52,500	17	1,259	Oui
773	53,000	17	1,239	Oui
774	52,500	17	1,259	Oui
775	53,000	17	1,239	Oui
776	53,000	17	1,239	Oui
777	53,000	17	1,239	Oui
778	53,000	17	1,239	Oui
779	53,000	16	1,166	Oui
780	53,000	17	1,239	Oui
781	53,000	17	1,239	Oui
782	52,500	17	1,259	Oui
783	52,000	17	1,281	Oui
784	52,000	17	1,288	Oui
785	51,500	17	1,318	Oui
786	52,000	17	1,288	Oui
787	52,000	17	1,288	Oui
788	52,500	17	1,267	Oui
789	52,500	17	1,267	Oui
790	52,000	16	1,220	Oui
791	52,000	16	1,220	Oui
792	52,500	16	1,200	Oui
793	53,000	16	1,173	Oui
794	53,000	17	1,246	Oui
795	53,000	17	1,246	Oui
796	53,500	17	1,227	Oui
797	53,000	16	1,181	Oui
798	53,000	16	1,173	Oui
799	53,000	16	1,173	Oui
800	53,500	16	1,147	Oui
801	53,000	16	1,166	Oui
802	53,000	16	1,166	Oui
803	53,000	16	1,166	Oui
804	53,000	16	1,159	Oui
805	52,500	16	1,179	Oui
806	52,500	16	1,174	Oui
807	52,000	16	1,194	Oui
808	52,000	16	1,194	Oui
809	52,000	17	1,274	Oui
810	52,000	17	1,274	Oui
811	52,000	17	1,269	Oui
812	51,500	17	1,292	Oui
813	51,500	17	1,292	Oui
814	51,000	17	1,315	Oui
815	51,000	17	1,312	Oui
816	50,500	17	1,336	Oui
817	50,500	17	1,340	Oui
818	50,000	17	1,369	Oui
819	50,000	17	1,369	Oui
820	50,000	17	1,369	Oui
821	50,000	17	1,369	Oui
822	50,000	17	1,369	Oui
823	50,000	17	1,369	Oui
824	49,500	17	1,399	Non
825	50,000	17	1,374	Oui
826	50,500	17	1,349	Oui
827	50,500	16	1,276	Oui
828	50,500	16	1,276	Oui
829	51,000	16	1,248	Oui
830	51,000	16	1,248	Oui
831	51,500	16	1,226	Oui
832	52,000	16	1,205	Oui
833	52,000	16	1,205	Oui
834	52,500	16	1,185	Oui
835	52,000	16	1,205	Oui
836	51,500	15	1,156	Oui
837	51,500	15	1,149	Oui
838	52,000	16	1,205	Oui
839	52,000	16	1,205	Oui
840	52,000	16	1,212	Oui
841	52,500	16	1,192	Oui
842	52,500	16	1,192	Oui
843	52,000	16	1,220	Oui
844	52,000	16	1,220	Oui
845	52,000	16	1,220	Oui
846	52,000	16	1,220	Oui
847	52,000	16	1,220	Oui
848	52,000	16	1,220	Oui
849	51,500	16	1,240	Oui
850	51,500	16	1,240	Oui
851	52,000	17	1,296	Oui
852	52,000	17	1,296	Oui
853	52,500	18	1,350	Oui
854	52,500	18	1,350	Oui
855	52,500	18	1,341	Oui
856	52,000	18	1,364	Oui
857	51,500	17	1,318	Oui
858	51,500	17	1,310	Oui
859	51,500	17	1,303	Oui
860	52,000	17	1,274	Oui
861	52,000	18	1,356	Oui
862	52,500	18	1,333	Oui
863	53,000	18	1,311	Oui
864	53,500	18	1,290	Oui
865	53,500	17	1,219	Oui
866	53,000	17	1,239	Oui
867	52,500	17	1,259	Oui
868	53,000	17	1,232	Oui
869	53,000	17	1,232	Oui
870	53,000	16	1,159	Oui
871	53,000	16	1,154	Oui
872	53,500	17	1,206	Oui
873	54,000	17	1,186	Oui
874	53,500	16	1,140	Oui
875	53,000	16	1,159	Oui
876	53,000	16	1,159	Oui
877	53,000	16	1,159	Oui
878	53,500	16	1,140	Oui
879	53,000	16	1,159	Oui
880	52,500	16	1,185	Oui
881	53,000	16	1,166	Oui
882	52,500	16	1,185	Oui
883	52,500	16	1,185	Oui
884	52,500	16	1,185	Oui
885	52,500	15	1,118	Oui
886	52,500	15	1,118	Oui
887	52,500	15	1,118	Oui
888	52,000	14	1,067	Oui
889	51,500	14	1,085	Oui
890	51,500	14	1,093	Oui
891	52,000	14	1,075	Oui
892	52,000	14	1,075	Oui
893	52,500	14	1,050	Oui
894	53,000	15	1,107	Oui
895	53,000	15	1,107	Oui
896	53,000	15	1,107	Oui
897	53,000	15	1,107	Oui
898	53,500	15	1,082	Oui
899	54,000	16	1,136	Oui
900	54,000	16	1,136	Oui
901	54,000	16	1,136	Oui
902	53,500	16	1,154	Oui
903	53,500	16	1,154	Oui
904	53,500	16	1,154	Oui
905	53,000	16	1,173	Oui
906	52,500	16	1,200	Oui
907	52,500	16	1,200	Oui
908	52,500	16	1,200	Oui
909	52,500	16	1,200	Oui
910	53,000	16	1,181	Oui
911	53,000	16	1,181	Oui
912	53,000	16	1,181	Oui
913	52,500	16	1,200	Oui
914	53,000	16	1,173	Oui
915	53,000	16	1,181	Oui
916	52,500	16	1,200	Oui
917	53,000	16	1,173	Oui
918	53,500	17	1,227	Oui
919	54,000	17	1,207	Oui
920	54,000	17	1,207	Oui
921	54,000	17	1,207	Oui
922	54,000	17	1,216	Oui
923	53,500	17	1,245	Oui
924	53,000	16	1,201	Oui
925	53,000	16	1,201	Oui
926	53,000	16	1,201	Oui
927	53,000	16	1,201	Oui
928	53,500	16	1,172	Oui
929	53,500	16	1,172	Oui
930	53,500	16	1,183	Oui
931	53,500	16	1,183	Oui
932	54,000	16	1,165	Oui
933	53,500	16	1,194	Oui
934	53,500	16	1,194	Oui
935	53,000	16	1,225	Oui
936	53,000	16	1,225	Oui
937	53,000	16	1,225	Oui
938	53,000	16	1,225	Oui
939	53,000	16	1,238	Oui
940	53,000	16	1,238	Oui
941	53,500	16	1,220	Oui
942	53,500	16	1,220	Oui
943	54,000	16	1,189	Oui
944	54,000	16	1,176	Oui
945	53,500	16	1,194	Oui
946	53,500	15	1,131	Oui
947	53,000	15	1,148	Oui
948	53,000	14	1,072	Oui
949	53,000	14	1,061	Oui
950	53,500	14	1,035	Oui
951	53,500	15	1,109	Oui
952	53,000	15	1,126	Oui
953	52,500	14	1,077	Oui
954	52,500	14	1,067	Oui
955	52,500	14	1,058	Oui
956	52,500	14	1,050	Oui
957	52,500	14	1,043	Oui
958	52,500	14	1,043	Oui
959	52,500	14	1,043	Oui
960	52,000	14	1,067	Oui
961	52,000	14	1,067	Oui
962	51,500	14	1,093	Oui
963	51,500	14	1,093	Oui
964	51,500	14	1,093	Oui
965	51,500	13	1,015	Oui
966	51,000	13	1,032	Oui
967	51,500	13	1,015	Oui
968	51,500	13	1,015	Oui
969	52,000	13	0,998	Oui
970	52,500	13	0,975	Oui
971	52,500	13	0,975	Oui
972	52,000	13	0,991	Oui
973	52,000	13	0,985	Oui
974	52,000	13	0,985	Oui
975	52,000	13	0,985	Oui
976	52,000	13	0,985	Oui
977	52,000	13	0,985	Oui
978	52,000	13	0,985	Oui
979	51,500	12	0,930	Oui
980	51,500	12	0,930	Oui
981	51,500	12	0,930	Oui
982	51,500	12	0,930	Oui
983	52,000	12	0,909	Oui
984	52,000	12	0,904	Oui
985	52,500	12	0,884	Oui
986	52,000	12	0,904	Oui
987	52,500	12	0,884	Oui
988	52,500	13	0,958	Oui
989	52,500	13	0,958	Oui
990	52,500	13	0,958	Oui
991	52,000	13	0,975	Oui
992	51,500	13	0,992	Oui
993	51,500	12	0,920	Oui
994	51,500	12	0,920	Oui
995	51,000	12	0,936	Oui
996	51,000	12	0,936	Oui
997	51,500	12	0,920	Oui
998	51,500	12	0,924	Oui
999	51,500	12	0,924	Oui
1000	51,000	12	0,946	Oui
1001	51,500	12	0,930	Oui
1002	52,000	12	0,909	Oui
1003	52,000	12	0,909	Oui
1004	52,000	12	0,915	Oui
1005	52,000	12	0,915	Oui
1006	52,000	12	0,922	Oui
1007	52,500	12	0,900	Oui
1008	52,000	11	0,845	Oui
1009	52,000	11	0,845	Oui
1010	52,500	11	0,831	Oui
1011	52,000	11	0,852	Oui
1012	52,500	11	0,838	Oui
1013	53,000	11	0,818	Oui
1014	53,000	11	0,818	Oui
1015	53,000	11	0,818	Oui
1016	53,000	11	0,818	Oui
1017	52,500	11	0,831	Oui
1018	53,000	11	0,818	Oui
1019	53,000	11	0,818	Oui
1020	53,000	11	0,812	Oui
1021	53,500	11	0,794	Oui
1022	53,500	11	0,794	Oui
1023	54,000	11	0,776	Oui
1024	54,500	12	0,833	Oui
1025	54,500	12	0,828	Oui
1026	54,000	12	0,842	Oui
1027	53,500	12	0,855	Oui
1028	53,000	12	0,870	Oui
1029	53,000	12	0,874	Oui
1030	53,500	12	0,860	Oui
1031	53,500	12	0,855	Oui
1032	53,000	12	0,870	Oui
1033	53,000	12	0,870	Oui
1034	52,500	12	0,884	Oui
1035	52,500	12	0,884	Oui
1036	53,000	12	0,865	Oui
1037	53,000	12	0,870	Oui
1038	53,000	12	0,865	Oui
1039	53,500	13	0,922	Oui
1040	53,500	13	0,918	Oui
1041	53,000	13	0,934	Oui
1042	53,500	13	0,918	Oui
1043	53,500	13	0,918	Oui
1044	53,500	13	0,922	Oui
1045	53,500	13	0,922	Oui
1046	54,000	13	0,907	Oui
1047	54,000	13	0,907	Oui
1048	53,500	13	0,922	Oui
1049	53,500	13	0,922	Oui
1050	53,500	12	0,855	Oui
1051	53,500	12	0,855	Oui
1052	53,500	11	0,789	Oui
1053	53,000	11	0,801	Oui
1054	53,000	11	0,801	Oui
1055	53,000	11	0,806	Oui
1056	53,500	11	0,789	Oui
1057	53,500	11	0,789	Oui
1058	53,500	11	0,789	Oui
1059	53,000	11	0,806	Oui
1060	53,000	10	0,738	Oui
1061	52,500	10	0,750	Oui
1062	52,000	10	0,762	Oui
1063	52,000	10	0,762	Oui
1064	52,000	10	0,758	Oui
1065	52,000	11	0,839	Oui
1066	52,000	11	0,839	Oui
1067	52,500	11	0,825	Oui
1068	52,500	11	0,825	Oui
1069	52,500	11	0,825	Oui
1070	52,000	11	0,845	Oui
1071	51,500	10	0,787	Oui
1072	51,000	10	0,800	Oui
1073	51,000	10	0,800	Oui
1074	51,000	10	0,800	Oui
1075	51,500	10	0,781	Oui
1076	51,500	10	0,775	Oui
1077	51,500	10	0,775	Oui
1078	51,000	10	0,788	Oui
1079	51,500	10	0,775	Oui
1080	51,500	10	0,775	Oui
1081	51,500	10	0,775	Oui
1082	52,000	10	0,758	Oui
1083	52,500	10	0,741	Oui
1084	53,000	11	0,801	Oui
1085	53,000	11	0,797	Oui
1086	53,000	11	0,793	Oui
1087	53,000	11	0,793	Oui
1088	53,000	11	0,793	Oui
1089	53,500	11	0,780	Oui
1090	53,500	11	0,780	Oui
1091	53,000	11	0,793	Oui
1092	53,500	11	0,777	Oui
1093	53,500	11	0,780	Oui
1094	53,500	11	0,777	Oui
1095	53,500	11	0,777	Oui
1096	54,000	11	0,764	Oui
1097	53,500	11	0,780	Oui
1098	53,000	10	0,725	Oui
1099	53,000	10	0,725	Oui
1100	53,000	10	0,725	Oui
1101	53,500	10	0,713	Oui
1102	54,000	10	0,698	Oui
1103	54,000	10	0,698	Oui
1104	54,500	10	0,686	Oui
1105	54,500	10	0,686	Oui
1106	55,000	10	0,675	Oui
1107	55,500	10	0,661	Oui
1108	55,500	10	0,661	Oui
1109	56,000	10	0,648	Oui
1110	55,500	10	0,658	Oui
1111	55,000	10	0,669	Oui
1112	55,000	10	0,669	Oui
1113	55,000	10	0,669	Oui
1114	54,500	9	0,615	Oui
1115	54,000	9	0,625	Oui
1116	54,000	9	0,625	Oui
1117	53,500	8	0,567	Non
1118	53,500	8	0,565	Non
1119	53,500	8	0,563	Non
1120	53,000	8	0,573	Non
1121	52,500	8	0,583	Non
1122	52,500	8	0,582	Non
1123	53,000	9	0,643	Oui
1124	53,500	9	0,632	Oui
1125	53,500	9	0,630	Oui
1126	53,500	9	0,630	Oui
1127	54,000	10	0,688	Oui
1128	53,500	10	0,702	Oui
1129	54,000	10	0,690	Oui
1130	54,000	10	0,690	Oui
1131	54,500	10	0,676	Oui
1132	54,000	10	0,688	Oui
1133	54,500	10	0,676	Oui
1134	54,500	10	0,678	Oui
1135	54,500	10	0,678	Oui
1136	55,000	10	0,665	Oui
1137	54,500	10	0,676	Oui
1138	55,000	10	0,663	Oui
1139	54,500	10	0,675	Oui
1140	55,000	10	0,663	Oui
1141	55,000	10	0,663	Oui
1142	55,000	10	0,662	Oui
1143	54,500	10	0,675	Oui
1144	54,000	10	0,688	Oui
1145	54,000	10	0,688	Oui
1146	54,000	10	0,688	Oui
1147	54,000	10	0,688	Oui
1148	53,500	10	0,702	Oui
1149	53,000	10	0,716	Oui
1150	53,000	9	0,644	Oui
1151	52,500	9	0,656	Oui
1152	53,000	9	0,644	Oui
1153	53,500	9	0,632	Oui
1154	53,500	10	0,704	Oui
1155	53,500	10	0,706	Oui
1156	53,500	10	0,709	Oui
1157	53,000	10	0,725	Oui
1158	53,000	10	0,725	Oui
1159	53,000	10	0,725	Oui
1160	53,500	10	0,709	Oui
1161	54,000	11	0,767	Oui
1162	54,000	11	0,767	Oui
1163	54,000	11	0,767	Oui
1164	54,000	11	0,767	Oui
1165	54,000	11	0,767	Oui
1166	54,500	12	0,824	Oui
1167	54,000	12	0,837	Oui
1168	54,500	12	0,824	Oui
1169	54,500	12	0,824	Oui
1170	54,500	12	0,828	Oui
1171	54,500	12	0,828	Oui
1172	55,000	12	0,811	Oui
1173	55,000	13	0,883	Oui
1174	55,000	13	0,883	Oui
1175	54,500	13	0,897	Oui
1176	55,000	13	0,883	Oui
1177	55,500	13	0,870	Oui
1178	56,000	13	0,851	Oui
1179	56,000	13	0,851	Oui
1180	56,000	13	0,851	Oui
1181	56,500	13	0,833	Oui
1182	57,000	13	0,816	Oui
1183	57,000	14	0,884	Oui
1184	56,500	14	0,903	Oui
1185	56,500	14	0,909	Oui
1186	57,000	14	0,895	Oui
1187	57,000	13	0,831	Oui
1188	57,000	14	0,895	Oui
1189	57,000	14	0,895	Oui
1190	57,500	14	0,882	Oui
1191	57,500	14	0,882	Oui
1192	58,000	14	0,863	Oui
1193	58,000	14	0,858	Oui
1194	57,500	14	0,871	Oui
1195	58,000	14	0,858	Oui
1196	58,000	14	0,858	Oui
1197	58,000	14	0,858	Oui
1198	57,500	14	0,871	Oui
1199	58,000	14	0,858	Oui
1200	58,500	14	0,840	Oui
1201	58,500	15	0,900	Oui
1202	58,500	15	0,906	Oui
1203	59,000	15	0,893	Oui
1204	58,500	15	0,906	Oui
1205	59,000	15	0,893	Oui
1206	58,500	15	0,906	Oui
1207	58,500	15	0,912	Oui
1208	59,000	15	0,899	Oui
1209	58,500	15	0,912	Oui
1210	58,500	15	0,912	Oui
1211	58,500	15	0,912	Oui
1212	58,000	15	0,925	Oui
1213	58,000	15	0,932	Oui
1214	58,000	15	0,932	Oui
1215	58,000	15	0,939	Oui
1216	58,500	15	0,926	Oui
1217	59,000	15	0,913	Oui
1218	58,500	15	0,926	Oui
1219	58,500	15	0,926	Oui
1220	58,500	15	0,934	Oui
1221	58,000	15	0,956	Oui
1222	58,500	15	0,934	Oui
1223	58,500	14	0,872	Oui
1224	58,500	15	0,934	Oui
1225	58,000	15	0,956	Oui
1226	58,500	15	0,934	Oui
1227	58,500	15	0,934	Oui
1228	58,500	15	0,934	Oui
1229	58,000	15	0,947	Oui
1230	57,500	15	0,960	Oui
1231	57,000	15	0,983	Oui
1232	57,000	15	0,983	Oui
1233	57,500	15	0,969	Oui
1234	57,500	15	0,969	Oui
1235	58,000	15	0,956	Oui
1236	57,500	14	0,913	Oui
1237	57,000	14	0,926	Oui
1238	57,000	13	0,860	Oui
1239	57,000	13	0,852	Oui
1240	56,500	13	0,872	Oui
1241	56,500	13	0,872	Oui
1242	56,000	13	0,884	Oui
1243	56,000	13	0,884	Oui
1244	56,000	13	0,884	Oui
1245	56,500	13	0,864	Oui
1246	56,500	14	0,930	Oui
1247	57,000	14	0,909	Oui
1248	57,000	14	0,909	Oui
1249	57,000	14	0,909	Oui
1250	57,000	14	0,902	Oui
1251	56,500	14	0,915	Oui
1252	56,000	14	0,929	Oui
1253	56,500	14	0,915	Oui
1254	56,500	14	0,915	Oui
1255	56,500	14	0,909	Oui
1256	56,500	14	0,909	Oui
1257	56,500	14	0,909	Oui
1258	56,000	14	0,929	Oui
1259	56,000	14	0,929	Oui
1260	56,000	14	0,929	Oui
1261	56,000	14	0,929	Oui
1262	56,000	14	0,929	Oui
1263	55,500	14	0,943	Oui
1264	55,000	13	0,895	Oui
1265	55,000	13	0,895	Oui
1266	55,500	13	0,882	Oui
1267	55,000	13	0,895	Oui
1268	55,000	13	0,902	Oui
1269	55,500	13	0,889	Oui
1270	55,500	13	0,889	Oui
1271	55,500	13	0,889	Oui
1272	56,000	13	0,876	Oui
1273	55,500	13	0,889	Oui
1274	56,000	13	0,876	Oui
1275	56,000	13	0,884	Oui
1276	55,500	13	0,906	Oui
1277	56,000	13	0,893	Oui
1278	56,500	13	0,872	Oui
1279	56,000	13	0,884	Oui
1280	56,000	13	0,884	Oui
1281	56,000	13	0,884	Oui
1282	56,000	13	0,893	Oui
1283	56,000	12	0,824	Oui
1284	56,000	13	0,893	Oui
1285	56,000	13	0,903	Oui
1286	55,500	13	0,926	Oui
1287	56,000	13	0,913	Oui
1288	56,000	13	0,913	Oui
1289	56,000	13	0,913	Oui
1290	56,000	13	0,913	Oui
1291	56,500	13	0,890	Oui
1292	56,500	12	0,822	Oui
1293	56,500	12	0,813	Oui
1294	56,000	12	0,833	Oui
1295	56,000	12	0,833	Oui
1296	56,000	12	0,833	Oui
1297	56,000	12	0,833	Oui
1298	56,000	12	0,833	Oui
1299	56,000	12	0,833	Oui
1300	56,500	12	0,822	Oui
1301	56,500	12	0,822	Oui
1302	56,500	12	0,832	Oui
1303	56,500	12	0,832	Oui
1304	56,500	12	0,832	Oui
1305	57,000	12	0,811	Oui
1306	57,000	12	0,802	Oui
1307	57,000	13	0,878	Oui
1308	57,000	13	0,878	Oui
1309	57,000	13	0,889	Oui
1310	57,500	13	0,877	Oui
1311	58,000	13	0,855	Oui
1312	58,500	14	0,909	Oui
1313	58,500	14	0,909	Oui
1314	58,500	14	0,909	Oui
1315	58,500	14	0,909	Oui
1316	58,500	14	0,909	Oui
1317	59,000	14	0,887	Oui
1318	59,000	14	0,887	Oui
1319	58,500	14	0,909	Oui
1320	58,500	14	0,909	Oui
1321	59,000	14	0,897	Oui
1322	59,000	13	0,833	Oui
1323	59,000	14	0,897	Oui
1324	58,500	14	0,909	Oui
1325	58,500	14	0,909	Oui
1326	58,500	14	0,920	Oui
1327	58,500	14	0,909	Oui
1328	59,000	15	0,962	Oui
1329	59,000	15	0,950	Oui
1330	59,000	16	1,014	Oui
1331	59,000	16	1,026	Oui
1332	59,500	16	1,001	Oui
1333	59,000	16	1,014	Oui
1334	59,000	16	1,003	Oui
1335	59,000	16	1,003	Oui
1336	59,000	16	1,014	Oui
1337	59,500	16	1,001	Oui
1338	59,500	16	1,001	Oui
1339	60,000	16	0,977	Oui
1340	60,000	17	1,038	Oui
1341	60,000	17	1,027	Oui
1342	59,500	17	1,051	Oui
1343	60,000	17	1,038	Oui
1344	60,500	17	1,014	Oui
1345	61,000	18	1,060	Oui
1346	60,500	18	1,073	Oui
1347	60,500	18	1,073	Oui
1348	60,500	18	1,073	Oui
1349	60,500	18	1,073	Oui
1350	60,500	18	1,073	Oui
1351	60,500	18	1,073	Oui
1352	60,000	18	1,087	Oui
1353	60,000	17	1,038	Oui
1354	59,500	17	1,051	Oui
1355	59,000	17	1,065	Oui
1356	58,500	17	1,079	Oui
1357	58,500	17	1,079	Oui
1358	59,000	17	1,065	Oui
1359	58,500	17	1,079	Oui
1360	58,500	16	1,016	Oui
1361	58,000	16	1,030	Oui
1362	58,000	16	1,030	Oui
1363	58,000	16	1,030	Oui
1364	58,500	17	1,079	Oui
1365	58,000	16	1,041	Oui
1366	57,500	16	1,055	Oui
1367	58,000	16	1,041	Oui
1368	58,000	16	1,030	Oui
1369	57,500	16	1,044	Oui
1370	57,500	16	1,034	Oui
1371	58,000	17	1,083	Oui
1372	58,000	16	1,030	Oui
1373	57,500	16	1,044	Oui
1374	57,500	16	1,044	Oui
1375	57,500	16	1,044	Oui
1376	57,500	16	1,044	Oui
1377	57,500	16	1,034	Oui
1378	57,500	17	1,109	Oui
1379	57,500	17	1,109	Oui
1380	57,500	17	1,098	Oui
1381	57,000	17	1,124	Oui
1382	57,000	16	1,069	Oui
1383	57,000	16	1,058	Oui
1384	57,500	17	1,109	Oui
1385	57,000	17	1,124	Oui
1386	57,000	17	1,114	Oui
1387	56,500	16	1,073	Oui
1388	56,500	16	1,063	Oui
1389	56,500	16	1,063	Oui
1390	56,000	16	1,079	Oui
1391	56,500	16	1,063	Oui
1392	56,000	16	1,088	Oui
1393	56,000	16	1,099	Oui
1394	56,500	16	1,073	Oui
1395	56,500	16	1,063	Oui
1396	56,500	16	1,054	Oui
1397	56,500	17	1,120	Oui
1398	57,000	17	1,104	Oui
1399	57,000	17	1,104	Oui
1400	57,000	16	1,039	Oui
1401	57,000	17	1,104	Oui
1402	57,000	17	1,104	Oui
1403	57,000	17	1,104	Oui
1404	57,500	17	1,088	Oui
1405	57,000	17	1,104	Oui
1406	57,500	17	1,079	Oui
1407	57,500	18	1,143	Oui
1408	57,500	18	1,143	Oui
1409	57,500	18	1,143	Oui
1410	57,000	18	1,159	Oui
1411	57,000	18	1,159	Oui
1412	57,000	18	1,159	Oui
1413	57,000	18	1,151	Oui
1414	57,500	19	1,197	Oui
1415	57,000	19	1,215	Oui
1416	57,000	19	1,215	Oui
1417	57,000	19	1,207	Oui
1418	57,000	19	1,207	Oui
1419	57,500	19	1,189	Oui
1420	57,500	19	1,189	Oui
1421	57,500	19	1,189	Oui
1422	57,000	19	1,215	Oui
1423	57,000	18	1,159	Oui
1424	57,000	18	1,159	Oui
1425	57,500	18	1,134	Oui
1426	57,000	18	1,159	Oui
1427	57,000	18	1,159	Oui
1428	57,500	18	1,134	Oui
1429	58,000	19	1,180	Oui
1430	58,500	19	1,164	Oui
1431	58,500	19	1,164	Oui
1432	59,000	19	1,139	Oui
1433	58,500	19	1,155	Oui
1434	58,500	19	1,155	Oui
1435	58,500	19	1,155	Oui
1436	58,500	19	1,155	Oui
1437	59,000	19	1,131	Oui
1438	58,500	19	1,155	Oui
1439	58,500	19	1,155	Oui
1440	59,000	19	1,131	Oui
1441	59,000	19	1,131	Oui
1442	59,000	19	1,131	Oui
1443	59,000	19	1,131	Oui
1444	58,500	19	1,147	Oui
1445	58,500	18	1,087	Oui
1446	58,500	19	1,147	Oui
1447	58,000	19	1,172	Oui
1448	58,500	19	1,155	Oui
1449	59,000	19	1,131	Oui
1450	58,500	19	1,155	Oui
1451	58,500	19	1,155	Oui
1452	59,000	19	1,139	Oui
1453	58,500	19	1,155	Oui
1454	59,000	19	1,139	Oui
1455	59,000	19	1,147	Oui
1456	59,000	19	1,157	Oui
1457	59,000	19	1,157	Oui
1458	59,500	19	1,132	Oui
1459	59,500	19	1,132	Oui
1460	59,000	19	1,147	Oui
1461	59,500	19	1,123	Oui
1462	59,500	19	1,123	Oui
1463	60,000	19	1,108	Oui
1464	60,500	19	1,093	Oui
1465	60,500	19	1,093	Oui
1466	60,000	19	1,108	Oui
1467	60,000	19	1,108	Oui
1468	60,000	19	1,108	Oui
1469	60,000	19	1,108	Oui
1470	60,500	19	1,093	Oui
1471	61,000	19	1,070	Oui
1472	60,500	19	1,084	Oui
1473	61,000	19	1,070	Oui
1474	61,000	19	1,062	Oui
1475	61,000	20	1,118	Oui
1476	61,500	20	1,103	Oui
1477	61,500	20	1,103	Oui
1478	61,500	20	1,103	Oui
1479	62,000	20	1,081	Oui
1480	62,500	21	1,120	Oui
1481	62,000	21	1,135	Oui
1482	62,000	21	1,128	Oui
1483	61,500	20	1,096	Oui
1484	61,500	20	1,096	Oui
1485	61,000	20	1,111	Oui
1486	61,500	20	1,096	Oui
1487	61,500	20	1,089	Oui
1488	61,500	20	1,089	Oui
1489	61,500	20	1,083	Oui
1490	61,000	20	1,099	Oui
1491	60,500	20	1,120	Oui
1492	60,000	20	1,143	Oui
1493	59,500	20	1,166	Oui
1494	59,500	20	1,166	Oui
1495	59,500	20	1,166	Oui
1496	59,000	20	1,183	Oui
1497	59,500	20	1,159	Oui
1498	59,500	20	1,159	Oui
1499	59,000	20	1,176	Oui
1500	59,000	20	1,171	Oui
1501	58,500	20	1,188	Oui
1502	58,500	20	1,183	Oui
1503	58,500	20	1,183	Oui
1504	58,000	20	1,202	Oui
1505	57,500	20	1,225	Oui
1506	57,500	19	1,169	Oui
1507	57,500	19	1,164	Oui
1508	58,000	20	1,207	Oui
1509	57,500	20	1,225	Oui
1510	57,000	20	1,245	Oui
1511	57,000	19	1,183	Oui
1512	57,000	19	1,179	Oui
1513	57,000	19	1,179	Oui
1514	57,500	19	1,160	Oui
1515	57,500	19	1,160	Oui
1516	58,000	19	1,142	Oui
1517	57,500	19	1,164	Oui
1518	57,000	19	1,188	Oui
1519	57,500	19	1,164	Oui
1520	57,500	19	1,164	Oui
1521	57,000	19	1,183	Oui
1522	56,500	18	1,143	Oui
1523	56,000	18	1,161	Oui
1524	56,500	18	1,139	Oui
1525	56,500	17	1,075	Oui
1526	56,500	18	1,139	Oui
1527	56,500	17	1,075	Oui
1528	56,000	17	1,093	Oui
1529	56,000	16	1,029	Oui
1530	56,000	16	1,026	Oui
1531	56,000	16	1,023	Oui
1532	55,500	16	1,043	Oui
1533	56,000	16	1,026	Oui
1534	56,000	16	1,029	Oui
1535	56,500	16	1,012	Oui
1536	56,000	16	1,029	Oui
1537	56,000	16	1,029	Oui
1538	55,500	16	1,049	Oui
1539	55,000	15	1,004	Oui
1540	55,000	15	1,004	Oui
1541	55,000	15	1,008	Oui
1542	55,500	15	0,992	Oui
1543	55,500	15	0,992	Oui
1544	55,500	14	0,926	Oui
1545	55,000	14	0,941	Oui
1546	55,000	14	0,941	Oui
1547	55,500	14	0,926	Oui
1548	55,500	14	0,926	Oui
1549	56,000	14	0,911	Oui
1550	55,500	14	0,931	Oui
1551	56,000	14	0,917	Oui
1552	56,000	14	0,917	Oui
1553	56,000	14	0,917	Oui
1554	56,000	14	0,917	Oui
1555	56,500	14	0,897	Oui
1556	56,500	14	0,897	Oui
1557	56,500	14	0,897	Oui
1558	56,000	14	0,911	Oui
1559	56,500	14	0,893	Oui
1560	56,500	15	0,962	Oui
1561	56,500	15	0,962	Oui
1562	57,000	15	0,947	Oui
1563	56,500	14	0,903	Oui
1564	56,500	14	0,903	Oui
1565	57,000	14	0,889	Oui
1566	57,000	14	0,889	Oui
1567	57,000	14	0,884	Oui
1568	57,000	14	0,884	Oui
1569	57,000	14	0,884	Oui
1570	56,500	13	0,838	Oui
1571	56,000	13	0,851	Oui
1572	56,000	13	0,846	Oui
1573	56,500	14	0,897	Oui
1574	57,000	14	0,884	Oui
1575	57,500	14	0,866	Oui
1576	57,000	14	0,879	Oui
1577	57,000	13	0,816	Oui
1578	56,500	13	0,829	Oui
1579	57,000	13	0,812	Oui
1580	56,500	13	0,829	Oui
1581	56,500	13	0,829	Oui
1582	56,500	13	0,825	Oui
1583	56,500	12	0,762	Oui
1584	56,000	12	0,774	Oui
1585	56,500	12	0,762	Oui
1586	56,000	12	0,777	Oui
1587	56,500	12	0,765	Oui
1588	56,500	12	0,769	Oui
1589	57,000	12	0,758	Oui
1590	57,000	12	0,758	Oui
1591	57,000	12	0,754	Oui
1592	57,000	12	0,754	Oui
1593	56,500	12	0,765	Oui
1594	56,500	12	0,769	Oui
1595	56,000	12	0,786	Oui
1596	56,000	11	0,725	Oui
1597	55,500	11	0,736	Oui
1598	55,000	11	0,747	Oui
1599	54,500	11	0,759	Oui
1600	54,500	10	0,690	Oui
1601	54,000	10	0,701	Oui
1602	54,000	10	0,698	Oui
1603	53,500	10	0,709	Oui
1604	53,000	10	0,721	Oui
1605	53,000	10	0,721	Oui
1606	53,000	9	0,649	Oui
1607	52,500	9	0,660	Oui
1608	52,500	9	0,658	Oui
1609	53,000	9	0,644	Oui
1610	53,000	9	0,644	Oui
1611	53,500	9	0,633	Oui
1612	54,000	9	0,623	Oui
1613	54,000	8	0,553	Non
1614	54,000	9	0,623	Oui
1615	54,500	9	0,612	Oui
1616	54,000	9	0,623	Oui
1617	54,000	9	0,625	Oui
1618	54,000	9	0,625	Oui
1619	53,500	9	0,636	Oui
1620	53,000	9	0,647	Oui
1621	53,500	9	0,633	Oui
1622	54,000	10	0,692	Oui
1623	53,500	10	0,704	Oui
1624	53,000	10	0,716	Oui
1625	52,500	10	0,731	Oui
1626	52,500	10	0,731	Oui
1627	52,500	10	0,731	Oui
1628	52,500	9	0,658	Oui
1629	52,500	9	0,656	Oui
1630	52,500	10	0,729	Oui
1631	53,000	10	0,716	Oui
1632	52,500	10	0,731	Oui
1633	52,500	10	0,731	Oui
1634	53,000	10	0,718	Oui
1635	53,000	10	0,716	Oui
1636	53,500	11	0,774	Oui
1637	53,000	11	0,790	Oui
1638	53,500	11	0,777	Oui
1639	53,500	11	0,777	Oui
1640	53,000	11	0,793	Oui
1641	53,000	11	0,793	Oui
1642	53,500	11	0,777	Oui
1643	53,500	11	0,777	Oui
1644	54,000	11	0,761	Oui
1645	54,000	11	0,764	Oui
1646	54,000	11	0,764	Oui
1647	54,500	11	0,748	Oui
1648	54,500	11	0,746	Oui
1649	54,500	12	0,816	Oui
1650	54,500	12	0,816	Oui
1651	55,000	12	0,803	Oui
1652	54,500	12	0,816	Oui
1653	54,500	12	0,816	Oui
1654	54,500	12	0,814	Oui
1655	54,000	12	0,828	Oui
1656	54,000	12	0,826	Oui
1657	54,500	13	0,879	Oui
1658	54,500	13	0,881	Oui
1659	54,500	13	0,881	Oui
1660	55,000	13	0,867	Oui
1661	55,000	13	0,870	Oui
1662	55,000	13	0,870	Oui
1663	54,500	13	0,884	Oui
1664	54,000	13	0,899	Oui
1665	54,000	13	0,899	Oui
1666	54,000	13	0,899	Oui
1667	54,500	13	0,881	Oui
1668	54,000	13	0,897	Oui
1669	53,500	13	0,912	Oui
1670	53,500	13	0,910	Oui
1671	53,000	13	0,929	Oui
1672	53,000	13	0,929	Oui
1673	53,000	13	0,929	Oui
1674	53,000	12	0,859	Oui
1675	53,000	12	0,859	Oui
1676	52,500	12	0,875	Oui
1677	52,500	12	0,873	Oui
1678	52,000	12	0,891	Oui
1679	51,500	11	0,833	Oui
1680	51,000	11	0,849	Oui
1681	51,000	11	0,849	Oui
1682	50,500	11	0,867	Oui
1683	51,000	11	0,849	Oui
1684	50,500	11	0,865	Oui
1685	51,000	11	0,849	Oui
1686	51,000	11	0,849	Oui
1687	50,500	11	0,867	Oui
1688	50,500	11	0,867	Oui
1689	50,500	11	0,870	Oui
1690	51,000	11	0,854	Oui
1691	51,500	11	0,836	Oui
1692	52,000	12	0,896	Oui
1693	52,000	12	0,896	Oui
1694	52,500	12	0,880	Oui
1695	53,000	12	0,862	Oui
1696	53,500	13	0,918	Oui
1697	53,000	13	0,938	Oui
1698	53,000	13	0,938	Oui
1699	53,500	13	0,918	Oui
1700	53,000	13	0,938	Oui
1701	53,000	13	0,938	Oui
1702	53,000	13	0,938	Oui
1703	53,500	14	0,993	Oui
1704	53,500	14	0,993	Oui
1705	53,500	14	0,993	Oui
1706	53,500	14	0,993	Oui
1707	53,000	13	0,942	Oui
1708	52,500	13	0,958	Oui
1709	53,000	13	0,942	Oui
1710	53,500	13	0,927	Oui
1711	53,500	13	0,932	Oui
1712	53,500	13	0,932	Oui
1713	53,500	13	0,932	Oui
1714	53,500	13	0,927	Oui
1715	54,000	14	0,982	Oui
1716	53,500	14	0,998	Oui
1717	54,000	14	0,982	Oui
1718	54,500	14	0,966	Oui
1719	54,000	14	0,988	Oui
1720	54,000	14	0,988	Oui
1721	54,000	14	0,988	Oui
1722	54,500	14	0,972	Oui
1723	55,000	14	0,957	Oui
1724	54,500	14	0,979	Oui
1725	54,500	13	0,909	Oui
1726	54,500	14	0,979	Oui
1727	54,500	14	0,987	Oui
1728	55,000	14	0,972	Oui
1729	55,000	14	0,972	Oui
1730	55,000	15	1,050	Oui
1731	54,500	15	1,076	Oui
1732	54,500	15	1,076	Oui
1733	54,500	15	1,076	Oui
1734	54,000	15	1,092	Oui
1735	54,000	15	1,092	Oui
1736	54,000	15	1,092	Oui
1737	53,500	15	1,109	Oui
1738	53,500	15	1,109	Oui
1739	54,000	15	1,082	Oui
1740	53,500	15	1,099	Oui
1741	53,500	15	1,099	Oui
1742	53,500	15	1,099	Oui
1743	53,500	15	1,099	Oui
1744	53,000	15	1,126	Oui
1745	53,000	15	1,126	Oui
1746	53,500	15	1,109	Oui
1747	53,000	15	1,126	Oui
1748	53,500	15	1,099	Oui
1749	53,000	15	1,116	Oui
1750	53,000	15	1,116	Oui
1751	52,500	15	1,134	Oui
1752	52,500	15	1,134	Oui
1753	52,500	15	1,125	Oui
1754	53,000	15	1,100	Oui
1755	53,000	16	1,181	Oui
1756	53,500	16	1,154	Oui
1757	54,000	16	1,129	Oui
1758	54,500	17	1,181	Oui
1759	54,500	16	1,119	Oui
1760	54,500	16	1,111	Oui
1761	54,500	16	1,111	Oui
1762	54,000	16	1,129	Oui
1763	54,500	16	1,104	Oui
1764	54,500	16	1,098	Oui
1765	54,000	16	1,116	Oui
1766	54,500	16	1,093	Oui
1767	54,000	16	1,116	Oui
1768	53,500	16	1,140	Oui
1769	53,500	16	1,140	Oui
1770	53,500	16	1,140	Oui
1771	54,000	16	1,122	Oui
1772	53,500	15	1,075	Oui
1773	53,500	15	1,069	Oui
1774	53,500	16	1,140	Oui
1775	53,000	16	1,166	Oui
1776	53,000	16	1,166	Oui
1777	52,500	16	1,192	Oui
1778	52,500	16	1,192	Oui
1779	52,000	16	1,220	Oui
1780	52,000	16	1,220	Oui
1781	52,000	16	1,220	Oui
1782	52,000	16	1,220	Oui
1783	51,500	16	1,249	Oui
1784	52,000	16	1,220	Oui
1785	52,000	17	1,296	Oui
1786	52,000	17	1,296	Oui
1787	52,000	17	1,296	Oui
1788	52,000	17	1,288	Oui
1789	51,500	17	1,310	Oui
1790	52,000	17	1,288	Oui
1791	52,000	17	1,288	Oui
1792	52,000	17	1,288	Oui
1793	52,000	17	1,288	Oui
1794	52,000	17	1,281	Oui
1795	52,000	17	1,281	Oui
1796	52,000	17	1,281	Oui
1797	52,000	17	1,281	Oui
1798	52,500	17	1,259	Oui
1799	53,000	17	1,232	Oui
1800	53,000	17	1,232	Oui
1801	53,500	17	1,206	Oui
1802	53,500	18	1,283	Oui
1803	54,000	18	1,262	Oui
1804	54,000	18	1,262	Oui
1805	54,500	18	1,242	Oui
1806	54,500	18	1,250	Oui
1807	54,500	18	1,250	Oui
1808	54,500	18	1,259	Oui
1809	54,000	18	1,288	Oui
1810	54,500	18	1,259	Oui
1811	54,000	18	1,278	Oui
1812	53,500	18	1,299	Oui
1813	53,000	17	1,255	Oui
1814	52,500	17	1,275	Oui
1815	52,500	17	1,267	Oui
1816	53,000	17	1,239	Oui
1817	52,500	17	1,259	Oui
1818	52,500	17	1,259	Oui
1819	53,000	17	1,239	Oui
1820	53,500	17	1,212	Oui
1821	53,500	16	1,140	Oui
1822	53,500	17	1,212	Oui
1823	53,500	17	1,212	Oui
1824	54,000	17	1,192	Oui
1825	54,000	17	1,192	Oui
1826	54,500	17	1,173	Oui
1827	54,500	17	1,173	Oui
1828	54,000	17	1,199	Oui
1829	53,500	16	1,154	Oui
1830	53,500	16	1,154	Oui
1831	53,000	16	1,173	Oui
1832	53,500	16	1,154	Oui
1833	54,000	16	1,136	Oui
1834	53,500	16	1,154	Oui
1835	53,500	15	1,082	Oui
1836	53,000	15	1,100	Oui
1837	53,500	15	1,082	Oui
1838	53,500	15	1,082	Oui
1839	53,500	15	1,082	Oui
1840	54,000	15	1,058	Oui
1841	54,000	15	1,058	Oui
1842	54,000	15	1,065	Oui
1843	54,000	15	1,065	Oui
1844	53,500	14	1,017	Oui
1845	53,500	14	1,010	Oui
1846	53,500	15	1,082	Oui
1847	53,000	15	1,107	Oui
1848	53,000	14	1,042	Oui
1849	52,500	14	1,058	Oui
1850	53,000	14	1,034	Oui
1851	52,500	14	1,050	Oui
1852	52,500	14	1,050	Oui
1853	53,000	14	1,026	Oui
1854	52,500	14	1,050	Oui
1855	52,500	14	1,050	Oui
1856	52,500	13	0,983	Oui
1857	52,000	13	0,998	Oui
1858	52,000	13	0,991	Oui
1859	52,000	13	0,991	Oui
1860	51,500	13	1,008	Oui
1861	51,500	13	1,002	Oui
1862	52,000	14	1,061	Oui
1863	52,500	14	1,043	Oui
1864	53,000	14	1,020	Oui
1865	52,500	14	1,037	Oui
1866	52,500	14	1,037	Oui
1867	52,500	14	1,037	Oui
1868	52,500	14	1,037	Oui
1869	53,000	14	1,020	Oui
1870	53,000	14	1,026	Oui
1871	53,500	14	1,010	Oui
1872	53,500	14	1,010	Oui
1873	53,000	14	1,026	Oui
1874	52,500	14	1,043	Oui
1875	52,500	14	1,037	Oui
1876	52,500	14	1,037	Oui
1877	52,500	14	1,043	Oui
1878	52,500	14	1,043	Oui
1879	52,500	14	1,043	Oui
1880	53,000	14	1,026	Oui
1881	53,500	14	1,010	Oui
1882	53,500	14	1,010	Oui
1883	53,500	14	1,010	Oui
1884	53,500	14	1,010	Oui
1885	53,500	14	1,010	Oui
1886	53,500	14	1,004	Oui
1887	54,000	14	0,982	Oui
1888	54,500	14	0,961	Oui
1889	54,500	14	0,956	Oui
1890	54,000	14	0,972	Oui
1891	54,000	13	0,907	Oui
1892	54,000	13	0,907	Oui
1893	54,500	13	0,892	Oui
1894	54,500	13	0,892	Oui
1895	54,500	12	0,828	Oui
1896	54,000	12	0,842	Oui
1897	54,500	12	0,828	Oui
1898	54,500	12	0,828	Oui
1899	54,000	12	0,847	Oui
1900	54,000	12	0,847	Oui
1901	54,000	12	0,847	Oui
1902	53,500	11	0,794	Oui
1903	53,500	11	0,794	Oui
1904	54,000	11	0,776	Oui
1905	54,000	11	0,776	Oui
1906	54,000	11	0,771	Oui
1907	54,000	11	0,771	Oui
1908	54,000	11	0,771	Oui
1909	54,000	11	0,771	Oui
1910	54,000	11	0,767	Oui
1911	54,000	12	0,837	Oui
1912	54,000	12	0,837	Oui
1913	54,500	13	0,892	Oui
1914	54,000	12	0,842	Oui
1915	53,500	12	0,855	Oui
1916	53,500	12	0,855	Oui
1917	53,500	12	0,851	Oui
1918	53,500	12	0,847	Oui
1919	53,500	12	0,847	Oui
1920	54,000	12	0,833	Oui
1921	54,500	12	0,816	Oui
1922	54,500	13	0,884	Oui
1923	54,500	13	0,881	Oui
1924	54,500	13	0,881	Oui
1925	54,000	12	0,830	Oui
1926	54,000	12	0,828	Oui
1927	54,000	12	0,826	Oui
1928	53,500	12	0,840	Oui
1929	53,000	11	0,786	Oui
1930	53,000	11	0,786	Oui
1931	53,000	11	0,786	Oui
1932	53,500	11	0,772	Oui
1933	53,000	11	0,786	Oui
1934	53,500	11	0,772	Oui
1935	53,500	11	0,772	Oui
1936	53,500	11	0,772	Oui
1937	54,000	11	0,759	Oui
1938	54,500	11	0,746	Oui
1939	54,500	11	0,748	Oui
1940	54,500	11	0,748	Oui
1941	54,500	11	0,748	Oui
1942	54,500	11	0,746	Oui
1943	54,000	11	0,759	Oui
1944	54,500	11	0,744	Oui
1945	54,500	11	0,744	Oui
1946	54,000	11	0,757	Oui
1947	54,000	11	0,757	Oui
1948	54,000	11	0,759	Oui
1949	54,500	11	0,744	Oui
1950	54,500	11	0,744	Oui
1951	55,000	11	0,731	Oui
1952	55,000	11	0,731	Oui
1953	54,500	11	0,746	Oui
1954	54,000	10	0,692	Oui
1955	53,500	10	0,704	Oui
1956	53,500	10	0,706	Oui
1957	53,000	9	0,649	Oui
1958	53,000	9	0,647	Oui
1959	53,000	9	0,644	Oui
1960	53,000	10	0,718	Oui
1961	53,500	10	0,706	Oui
1962	53,500	10	0,706	Oui
1963	53,500	10	0,709	Oui
1964	53,500	10	0,709	Oui
1965	54,000	11	0,767	Oui
1966	54,000	11	0,771	Oui
1967	54,500	11	0,759	Oui
1968	55,000	11	0,747	Oui
1969	55,000	11	0,747	Oui
1970	55,500	11	0,731	Oui
1971	55,000	11	0,743	Oui
1972	55,000	11	0,743	Oui
1973	55,000	10	0,679	Oui
1974	55,000	10	0,679	Oui
1975	55,500	10	0,665	Oui
1976	56,000	10	0,651	Oui
1977	56,500	11	0,705	Oui
1978	57,000	11	0,694	Oui
1979	57,000	11	0,694	Oui
1980	57,000	11	0,694	Oui
1981	57,000	11	0,694	Oui
1982	57,000	11	0,699	Oui
1983	57,000	11	0,699	Oui
1984	56,500	10	0,649	Oui
1985	56,000	10	0,659	Oui
1986	56,500	10	0,645	Oui
1987	56,500	11	0,709	Oui
1988	56,000	11	0,725	Oui
1989	56,000	11	0,725	Oui
1990	55,500	11	0,736	Oui
1991	55,500	11	0,741	Oui
1992	56,000	11	0,730	Oui
1993	56,500	11	0,714	Oui
1994	56,500	11	0,714	Oui
1995	57,000	12	0,767	Oui
1996	56,500	12	0,779	Oui
1997	56,500	12	0,779	Oui
1998	56,000	12	0,791	Oui
1999	55,500	12	0,808	Oui
2000	55,500	12	0,808	Oui
2001	55,000	11	0,758	Oui
2002	54,500	11	0,769	Oui
2003	54,500	11	0,764	Oui
2004	55,000	12	0,821	Oui
2005	55,000	12	0,815	Oui
2006	54,500	12	0,828	Oui
2007	55,000	12	0,815	Oui
2008	55,000	12	0,815	Oui
2009	55,000	12	0,815	Oui
2010	55,000	12	0,821	Oui
2011	55,000	12	0,821	Oui
2012	55,500	12	0,808	Oui
2013	55,500	12	0,808	Oui
2014	55,500	12	0,808	Oui
2015	55,500	12	0,814	Oui
2016	55,500	12	0,821	Oui
2017	56,000	12	0,802	Oui
2018	56,500	12	0,784	Oui
2019	56,500	13	0,850	Oui
2020	56,500	13	0,850	Oui
2021	56,500	12	0,784	Oui
2022	56,000	12	0,796	Oui
2023	56,000	12	0,796	Oui
2024	56,000	12	0,796	Oui
2025	56,500	12	0,784	Oui
2026	56,500	12	0,784	Oui
2027	56,500	12	0,784	Oui
2028	57,000	12	0,773	Oui
2029	57,000	12	0,773	Oui
2030	57,000	12	0,773	Oui
2031	57,000	12	0,773	Oui
2032	56,500	12	0,784	Oui
2033	56,500	12	0,779	Oui
2034	56,500	12	0,779	Oui
2035	56,500	12	0,784	Oui
2036	57,000	12	0,773	Oui
2037	57,000	12	0,773	Oui
2038	56,500	12	0,784	Oui
2039	56,500	12	0,784	Oui
2040	56,500	12	0,784	Oui
2041	57,000	13	0,837	Oui
2042	57,000	13	0,837	Oui
2043	57,000	13	0,837	Oui
2044	57,000	13	0,837	Oui
2045	56,500	12	0,791	Oui
2046	56,000	12	0,802	Oui
2047	56,000	12	0,802	Oui
2048	55,500	12	0,814	Oui
2049	55,500	12	0,814	Oui
2050	55,500	12	0,821	Oui
2051	55,500	12	0,821	Oui
2052	55,500	12	0,821	Oui
2053	55,500	12	0,828	Oui
2054	55,500	12	0,828	Oui
2055	55,500	12	0,828	Oui
2056	55,500	12	0,821	Oui
2057	56,000	12	0,802	Oui
2058	55,500	12	0,821	Oui
2059	56,000	12	0,809	Oui
2060	56,000	12	0,809	Oui
2061	56,000	11	0,741	Oui
2062	56,000	12	0,809	Oui
2063	55,500	12	0,821	Oui
2064	55,000	12	0,840	Oui
2065	55,500	12	0,821	Oui
2066	56,000	13	0,876	Oui
2067	55,500	13	0,897	Oui
2068	55,500	13	0,897	Oui
2069	55,500	13	0,897	Oui
2070	55,500	13	0,897	Oui
2071	55,500	13	0,897	Oui
2072	56,000	13	0,876	Oui
2073	56,500	14	0,930	Oui
2074	57,000	14	0,917	Oui
2075	57,000	14	0,917	Oui
2076	57,000	14	0,917	Oui
2077	57,000	14	0,909	Oui
2078	57,500	15	0,960	Oui
2079	58,000	15	0,947	Oui
2080	58,000	15	0,939	Oui
2081	58,000	15	0,932	Oui
2082	58,000	15	0,932	Oui
2083	58,000	15	0,939	Oui
2084	58,500	15	0,919	Oui
2085	58,000	15	0,932	Oui
2086	57,500	15	0,952	Oui
2087	57,500	15	0,960	Oui
2088	57,000	15	0,983	Oui
2089	56,500	15	1,006	Oui
2090	56,500	15	1,006	Oui
2091	56,000	15	1,020	Oui
2092	55,500	15	1,035	Oui
2093	55,500	15	1,026	Oui
2094	55,000	15	1,041	Oui
2095	55,000	15	1,033	Oui
2096	55,500	16	1,085	Oui
2097	55,000	16	1,102	Oui
2098	55,500	16	1,077	Oui
2099	56,000	16	1,054	Oui
2100	56,000	16	1,054	Oui
2101	56,000	16	1,054	Oui
2102	56,000	16	1,054	Oui
2103	56,000	16	1,047	Oui
2104	55,500	16	1,070	Oui
2105	55,500	16	1,070	Oui
2106	55,500	16	1,077	Oui
2107	56,000	16	1,061	Oui
2108	56,000	16	1,061	Oui
2109	56,000	16	1,061	Oui
2110	56,000	15	0,995	Oui
2111	56,000	15	0,988	Oui
2112	56,000	15	0,995	Oui
2113	56,000	15	0,995	Oui
2114	56,500	15	0,973	Oui
2115	56,500	15	0,973	Oui
2116	56,500	15	0,973	Oui
2117	56,000	15	0,995	Oui
2118	56,000	15	0,995	Oui
2119	56,000	15	0,995	Oui
2120	55,500	15	1,010	Oui
2121	55,500	14	0,943	Oui
2122	55,500	15	1,010	Oui
2123	55,500	15	1,018	Oui
2124	55,500	15	1,018	Oui
2125	56,000	15	0,995	Oui
2126	56,000	16	1,070	Oui
2127	55,500	16	1,094	Oui
2128	55,500	16	1,094	Oui
2129	56,000	16	1,079	Oui
2130	56,000	16	1,079	Oui
2131	56,500	16	1,063	Oui
2132	56,500	16	1,063	Oui
2133	56,500	16	1,063	Oui
2134	56,500	16	1,063	Oui
2135	56,000	16	1,079	Oui
2136	56,500	16	1,054	Oui
2137	56,500	17	1,120	Oui
2138	56,500	17	1,120	Oui
2139	56,500	17	1,120	Oui
2140	57,000	17	1,095	Oui
2141	57,000	18	1,159	Oui
2142	57,000	18	1,159	Oui
2143	57,000	18	1,159	Oui
2144	56,500	18	1,186	Oui
2145	56,500	18	1,186	Oui
2146	57,000	18	1,159	Oui
2147	57,000	18	1,159	Oui
2148	56,500	18	1,176	Oui
2149	56,500	18	1,176	Oui
2150	56,500	18	1,176	Oui
2151	56,000	18	1,194	Oui
2152	56,000	18	1,194	Oui
2153	56,500	18	1,168	Oui
2154	56,500	18	1,168	Oui
2155	56,500	18	1,168	Oui
2156	56,500	18	1,168	Oui
2157	57,000	18	1,143	Oui
2158	56,500	18	1,168	Oui
2159	56,000	17	1,128	Oui
2160	56,000	17	1,120	Oui
2161	56,000	18	1,186	Oui
2162	56,500	18	1,168	Oui
2163	56,500	18	1,161	Oui
2164	56,500	18	1,168	Oui
2165	56,500	18	1,168	Oui
2166	56,000	18	1,186	Oui
2167	56,000	18	1,178	Oui
2168	55,500	18	1,197	Oui
2169	56,000	18	1,178	Oui
2170	56,000	18	1,178	Oui
2171	56,500	19	1,225	Oui
