	C+G(%)	CpG(%)	A	T	C	G
 sequence entiere	49,114	5,907	612	594	574	590
 
 
Fenetres	C+G(%)	CpG	Rapport CpG	Ilot CpG
1	57,000	20	1,235	Oui
2	57,000	20	1,235	Oui
3	57,000	20	1,235	Oui
4	57,000	20	1,237	Oui
5	56,500	20	1,261	Oui
6	57,000	20	1,237	Oui
7	57,000	20	1,237	Oui
8	57,000	20	1,237	Oui
9	57,000	19	1,179	Oui
10	57,000	19	1,175	Oui
11	57,000	19	1,175	Oui
12	56,500	19	1,195	Oui
13	57,000	19	1,173	Oui
14	57,000	19	1,173	Oui
15	56,500	19	1,195	Oui
16	56,500	19	1,195	Oui
17	57,000	20	1,237	Oui
18	57,000	20	1,237	Oui
19	57,000	20	1,237	Oui
20	57,000	20	1,237	Oui
21	57,000	20	1,237	Oui
22	57,000	19	1,175	Oui
23	56,500	19	1,195	Oui
24	56,500	19	1,195	Oui
25	56,000	19	1,215	Oui
26	55,500	19	1,236	Oui
27	56,000	19	1,213	Oui
28	55,500	19	1,236	Oui
29	55,500	19	1,239	Oui
30	55,000	19	1,263	Oui
31	55,500	19	1,242	Oui
32	55,500	19	1,242	Oui
33	55,000	18	1,200	Oui
34	55,000	18	1,196	Oui
35	55,000	18	1,196	Oui
36	55,000	18	1,196	Oui
37	55,000	18	1,196	Oui
38	55,000	17	1,130	Oui
39	54,500	17	1,149	Oui
40	54,000	17	1,170	Oui
41	54,000	17	1,170	Oui
42	54,000	17	1,170	Oui
43	53,500	17	1,190	Oui
44	53,500	17	1,190	Oui
45	53,500	17	1,190	Oui
46	53,500	17	1,189	Oui
47	53,500	18	1,261	Oui
48	53,000	18	1,286	Oui
49	53,000	18	1,289	Oui
50	53,000	17	1,221	Oui
51	52,500	17	1,243	Oui
52	52,500	17	1,243	Oui
53	52,000	17	1,269	Oui
54	52,500	17	1,243	Oui
55	52,500	17	1,243	Oui
56	52,500	17	1,243	Oui
57	52,500	17	1,243	Oui
58	52,500	17	1,243	Oui
59	53,000	18	1,293	Oui
60	53,000	18	1,293	Oui
61	53,500	18	1,267	Oui
62	54,000	19	1,314	Oui
63	53,500	19	1,337	Oui
64	53,000	19	1,365	Oui
65	53,000	19	1,370	Oui
66	52,500	18	1,326	Oui
67	52,500	18	1,321	Oui
68	52,500	18	1,321	Oui
69	53,000	18	1,298	Oui
70	53,500	18	1,277	Oui
71	53,500	18	1,277	Oui
72	54,000	18	1,256	Oui
73	54,000	18	1,256	Oui
74	54,500	18	1,230	Oui
75	54,500	18	1,224	Oui
76	54,500	18	1,230	Oui
77	54,500	18	1,224	Oui
78	54,500	18	1,224	Oui
79	54,500	18	1,224	Oui
80	54,000	18	1,250	Oui
81	53,500	18	1,277	Oui
82	53,500	18	1,283	Oui
83	53,000	17	1,239	Oui
84	53,000	17	1,239	Oui
85	53,500	17	1,212	Oui
86	53,500	17	1,212	Oui
87	53,000	17	1,239	Oui
88	53,000	17	1,239	Oui
89	53,000	17	1,239	Oui
90	52,500	17	1,259	Oui
91	53,000	17	1,232	Oui
92	53,000	17	1,232	Oui
93	52,500	16	1,185	Oui
94	52,500	16	1,185	Oui
95	53,000	16	1,166	Oui
96	52,500	16	1,185	Oui
97	52,000	16	1,212	Oui
98	52,000	16	1,212	Oui
99	52,000	16	1,205	Oui
100	52,000	16	1,199	Oui
101	52,000	16	1,199	Oui
102	51,500	16	1,220	Oui
103	51,500	16	1,216	Oui
104	51,500	16	1,216	Oui
105	51,500	16	1,216	Oui
106	51,000	16	1,242	Oui
107	50,500	16	1,270	Oui
108	50,500	16	1,276	Oui
109	51,000	16	1,254	Oui
110	51,000	16	1,248	Oui
111	50,500	16	1,276	Oui
112	50,500	16	1,276	Oui
113	50,500	16	1,270	Oui
114	50,500	16	1,270	Oui
115	50,500	16	1,270	Oui
116	50,000	16	1,299	Oui
117	50,500	16	1,270	Oui
118	51,000	17	1,326	Oui
119	51,500	17	1,303	Oui
120	51,500	17	1,303	Oui
121	51,500	16	1,226	Oui
122	51,500	16	1,220	Oui
123	52,000	16	1,194	Oui
124	52,500	16	1,170	Oui
125	52,000	16	1,190	Oui
126	51,500	16	1,212	Oui
127	51,500	16	1,212	Oui
128	51,000	16	1,238	Oui
129	51,500	16	1,216	Oui
130	51,000	15	1,165	Oui
131	51,000	15	1,165	Oui
132	51,000	15	1,165	Oui
133	51,500	15	1,144	Oui
134	52,000	15	1,124	Oui
135	52,500	15	1,105	Oui
136	52,000	14	1,055	Oui
137	51,500	14	1,073	Oui
138	51,000	14	1,097	Oui
139	51,000	14	1,097	Oui
140	51,500	14	1,073	Oui
141	52,000	14	1,049	Oui
142	51,500	14	1,073	Oui
143	51,000	14	1,097	Oui
144	51,500	14	1,073	Oui
145	51,500	13	0,996	Oui
146	51,500	13	0,992	Oui
147	51,500	14	1,068	Oui
148	51,500	14	1,068	Oui
149	52,000	14	1,049	Oui
150	51,500	14	1,068	Oui
151	51,000	14	1,087	Oui
152	50,500	14	1,107	Oui
153	51,000	14	1,087	Oui
154	51,000	14	1,083	Oui
155	50,500	14	1,103	Oui
156	50,000	14	1,124	Oui
157	49,500	13	1,066	Non
158	49,000	13	1,087	Non
159	49,000	13	1,087	Non
160	48,500	12	1,026	Non
161	48,500	12	1,023	Non
162	48,500	12	1,026	Non
163	48,000	12	1,046	Non
164	48,500	12	1,026	Non
165	49,000	12	1,006	Non
166	49,000	12	1,003	Non
167	49,500	12	0,982	Non
168	49,500	12	0,982	Non
169	49,500	12	0,982	Non
170	49,500	12	0,980	Non
171	49,500	12	0,980	Non
172	50,000	12	0,960	Oui
173	50,000	11	0,880	Oui
174	49,500	11	0,898	Non
175	49,500	11	0,898	Non
176	50,000	11	0,880	Oui
177	50,500	12	0,941	Oui
178	50,000	11	0,880	Oui
179	49,500	11	0,898	Non
180	50,000	11	0,880	Oui
181	50,000	10	0,800	Oui
182	50,000	10	0,800	Oui
183	50,000	10	0,800	Oui
184	50,000	10	0,800	Oui
185	50,000	10	0,800	Oui
186	50,000	10	0,800	Oui
187	49,500	9	0,735	Non
188	49,000	9	0,750	Non
189	48,500	9	0,766	Non
190	48,500	9	0,767	Non
191	48,500	9	0,767	Non
192	48,500	9	0,767	Non
193	48,000	9	0,783	Non
194	48,500	9	0,766	Non
195	49,000	10	0,834	Non
196	49,000	10	0,834	Non
197	48,500	10	0,851	Non
198	48,500	10	0,851	Non
199	48,500	10	0,851	Non
200	49,000	10	0,833	Non
201	49,000	11	0,917	Non
202	49,000	11	0,917	Non
203	49,500	11	0,899	Non
204	49,500	11	0,899	Non
205	49,500	11	0,899	Non
206	49,000	11	0,918	Non
207	49,000	11	0,918	Non
208	49,000	11	0,918	Non
209	48,500	11	0,936	Non
210	48,500	11	0,936	Non
211	48,500	11	0,936	Non
212	49,000	11	0,918	Non
213	48,500	11	0,938	Non
214	49,000	11	0,918	Non
215	49,000	11	0,918	Non
216	49,000	10	0,836	Non
217	48,500	10	0,853	Non
218	48,500	10	0,853	Non
219	48,500	10	0,853	Non
220	48,500	10	0,853	Non
221	48,500	10	0,853	Non
222	48,000	10	0,871	Non
223	48,000	10	0,871	Non
224	48,500	10	0,855	Non
225	48,500	10	0,855	Non
226	49,000	10	0,839	Non
227	49,000	10	0,839	Non
228	49,000	10	0,839	Non
229	49,000	10	0,839	Non
230	49,500	10	0,820	Non
231	49,500	10	0,818	Non
232	49,000	10	0,834	Non
233	49,500	10	0,818	Non
234	49,000	10	0,836	Non
235	49,500	10	0,818	Non
236	49,500	10	0,818	Non
237	49,500	10	0,818	Non
238	49,500	10	0,820	Non
239	49,500	10	0,820	Non
240	50,000	10	0,805	Oui
241	50,000	10	0,805	Oui
242	50,000	10	0,805	Oui
243	50,500	10	0,788	Oui
244	50,500	10	0,788	Oui
245	50,500	10	0,788	Oui
246	50,000	9	0,725	Oui
247	49,500	9	0,738	Non
248	49,500	9	0,738	Non
249	49,500	9	0,736	Non
250	49,500	10	0,818	Non
251	49,500	10	0,818	Non
252	49,000	10	0,836	Non
253	49,000	10	0,836	Non
254	49,000	10	0,836	Non
255	49,000	10	0,836	Non
256	48,500	10	0,853	Non
257	48,500	10	0,853	Non
258	48,500	9	0,769	Non
259	48,500	9	0,767	Non
260	48,500	9	0,767	Non
261	48,000	8	0,697	Non
262	47,500	8	0,711	Non
263	47,500	8	0,711	Non
264	47,500	8	0,711	Non
265	47,500	8	0,710	Non
266	47,500	8	0,710	Non
267	47,000	8	0,726	Non
268	47,000	8	0,726	Non
269	47,000	8	0,726	Non
270	47,000	8	0,726	Non
271	47,000	8	0,726	Non
272	46,500	8	0,741	Non
273	47,000	8	0,725	Non
274	46,500	8	0,741	Non
275	46,000	7	0,663	Non
276	46,000	7	0,662	Non
277	45,500	7	0,677	Non
278	46,000	7	0,663	Non
279	46,000	7	0,663	Non
280	46,500	7	0,648	Non
281	46,500	7	0,648	Non
282	46,000	7	0,662	Non
283	46,500	7	0,648	Non
284	46,000	7	0,662	Non
285	46,000	7	0,662	Non
286	46,500	7	0,648	Non
287	46,500	7	0,648	Non
288	47,000	7	0,634	Non
289	47,000	7	0,634	Non
290	47,000	7	0,634	Non
291	47,000	7	0,634	Non
292	47,000	7	0,634	Non
293	47,000	7	0,634	Non
294	46,500	7	0,648	Non
295	46,000	7	0,662	Non
296	46,000	7	0,662	Non
297	46,500	7	0,648	Non
298	46,500	7	0,648	Non
299	46,000	7	0,662	Non
300	46,000	7	0,662	Non
301	46,500	8	0,741	Non
302	47,000	8	0,726	Non
303	46,500	8	0,742	Non
304	47,000	8	0,727	Non
305	47,000	8	0,727	Non
306	47,000	8	0,727	Non
307	47,500	8	0,713	Non
308	47,000	8	0,727	Non
309	47,000	8	0,727	Non
310	46,500	8	0,744	Non
311	47,000	8	0,730	Non
312	47,500	8	0,713	Non
313	47,000	8	0,730	Non
314	47,000	8	0,730	Non
315	47,500	8	0,716	Non
316	48,000	8	0,702	Non
317	47,500	7	0,629	Non
318	47,500	7	0,626	Non
319	47,500	8	0,716	Non
320	47,000	8	0,730	Non
321	47,000	8	0,730	Non
322	46,500	8	0,747	Non
323	46,500	8	0,747	Non
324	46,000	8	0,765	Non
325	46,500	8	0,747	Non
326	47,000	8	0,730	Non
327	47,000	9	0,824	Non
328	47,000	9	0,824	Non
329	46,500	9	0,840	Non
330	47,000	9	0,824	Non
331	46,500	9	0,840	Non
332	46,500	9	0,840	Non
333	46,500	9	0,837	Non
334	46,500	10	0,930	Non
335	46,500	10	0,928	Non
336	46,500	10	0,928	Non
337	46,500	10	0,928	Non
338	47,000	10	0,909	Non
339	47,000	10	0,909	Non
340	47,000	10	0,909	Non
341	46,500	10	0,930	Non
342	46,500	10	0,930	Non
343	46,500	10	0,930	Non
344	46,500	10	0,934	Non
345	46,500	10	0,938	Non
346	46,000	9	0,865	Non
347	46,000	9	0,865	Non
348	45,500	9	0,882	Non
349	45,000	9	0,900	Non
350	45,500	9	0,882	Non
351	46,000	9	0,861	Non
352	46,000	9	0,861	Non
353	45,500	9	0,878	Non
354	45,000	9	0,900	Non
355	45,000	9	0,900	Non
356	45,000	9	0,900	Non
357	45,500	9	0,882	Non
358	46,000	9	0,865	Non
359	46,000	9	0,865	Non
360	46,500	9	0,844	Non
361	46,000	8	0,769	Non
362	46,000	8	0,765	Non
363	46,000	8	0,765	Non
364	46,000	8	0,762	Non
365	45,500	8	0,777	Non
366	45,000	8	0,796	Non
367	45,000	8	0,800	Non
368	45,000	8	0,800	Non
369	44,500	8	0,816	Non
370	44,500	8	0,816	Non
371	45,000	8	0,796	Non
372	44,500	8	0,816	Non
373	44,500	8	0,816	Non
374	44,500	8	0,816	Non
375	44,500	8	0,816	Non
376	44,500	7	0,714	Non
377	44,000	7	0,729	Non
378	44,000	7	0,729	Non
379	44,500	7	0,714	Non
380	44,500	7	0,711	Non
381	44,000	7	0,727	Non
382	43,500	7	0,745	Non
383	43,500	7	0,745	Non
384	43,000	7	0,761	Non
385	43,500	7	0,745	Non
386	43,000	7	0,761	Non
387	43,000	7	0,761	Non
388	43,000	7	0,761	Non
389	43,000	7	0,761	Non
390	42,500	7	0,778	Non
391	43,000	7	0,761	Non
392	43,000	7	0,761	Non
393	43,000	7	0,761	Non
394	43,000	6	0,655	Non
395	42,500	6	0,669	Non
396	43,000	6	0,655	Non
397	43,500	6	0,638	Non
398	44,000	7	0,729	Non
399	43,500	7	0,748	Non
400	43,500	6	0,641	Non
401	43,500	6	0,638	Non
402	44,000	7	0,729	Non
403	44,000	7	0,727	Non
404	44,000	8	0,830	Non
405	44,500	8	0,813	Non
406	45,000	8	0,796	Non
407	45,500	8	0,777	Non
408	45,000	8	0,794	Non
409	45,500	8	0,775	Non
410	45,500	9	0,875	Non
411	46,000	9	0,857	Non
412	45,500	9	0,875	Non
413	45,500	9	0,875	Non
414	45,500	9	0,875	Non
415	45,500	9	0,875	Non
416	45,500	9	0,875	Non
417	45,500	9	0,875	Non
418	46,000	9	0,854	Non
419	46,000	9	0,854	Non
420	46,500	9	0,835	Non
421	47,000	10	0,909	Non
422	47,500	10	0,889	Non
423	47,500	10	0,889	Non
424	47,500	10	0,887	Non
425	47,500	10	0,887	Non
426	47,000	10	0,906	Non
427	47,000	10	0,906	Non
428	47,500	11	0,976	Non
429	47,000	11	0,996	Non
430	46,500	11	1,019	Non
431	46,500	11	1,020	Non
432	47,000	11	1,000	Non
433	47,000	11	1,000	Non
434	47,500	11	0,980	Non
435	47,500	11	0,980	Non
436	47,500	11	0,980	Non
437	47,500	11	0,980	Non
438	47,000	11	1,000	Non
439	47,000	11	1,000	Non
440	46,500	11	1,020	Non
441	47,000	11	0,998	Non
442	47,000	11	0,998	Non
443	46,500	11	1,020	Non
444	46,500	11	1,020	Non
445	46,500	11	1,019	Non
446	47,000	11	0,996	Non
447	47,000	11	0,996	Non
448	47,000	11	0,996	Non
449	47,000	10	0,907	Non
450	47,000	10	0,907	Non
451	47,000	10	0,907	Non
452	47,500	10	0,889	Non
453	48,000	10	0,871	Non
454	48,000	10	0,871	Non
455	48,500	10	0,853	Non
456	49,000	11	0,920	Non
457	49,500	11	0,902	Non
458	49,000	11	0,920	Non
459	48,500	11	0,940	Non
460	48,500	11	0,940	Non
461	49,000	11	0,922	Non
462	49,000	11	0,922	Non
463	49,500	11	0,902	Non
464	49,500	11	0,902	Non
465	49,000	11	0,922	Non
466	49,000	11	0,922	Non
467	49,500	11	0,902	Non
468	50,000	11	0,883	Oui
469	49,500	11	0,900	Non
470	49,000	11	0,918	Non
471	49,000	11	0,918	Non
472	49,500	11	0,900	Non
473	49,500	11	0,902	Non
474	50,000	11	0,883	Oui
475	50,500	12	0,946	Oui
476	50,500	12	0,949	Oui
477	50,500	12	0,949	Oui
478	50,500	12	0,946	Oui
479	51,000	13	1,006	Oui
480	51,000	13	1,009	Oui
481	51,500	13	0,992	Oui
482	52,000	13	0,975	Oui
483	51,500	13	0,992	Oui
484	51,500	13	0,992	Oui
485	51,000	13	1,014	Oui
486	50,500	13	1,037	Oui
487	51,000	13	1,019	Oui
488	51,000	13	1,019	Oui
489	50,500	13	1,037	Oui
490	50,500	13	1,037	Oui
491	50,000	13	1,061	Oui
492	50,500	13	1,037	Oui
493	50,500	13	1,037	Oui
494	50,500	13	1,037	Oui
495	51,000	13	1,019	Oui
496	51,000	13	1,019	Oui
497	51,000	13	1,019	Oui
498	51,500	13	1,002	Oui
499	51,500	13	1,002	Oui
500	51,000	12	0,946	Oui
501	51,000	12	0,946	Oui
502	51,000	12	0,940	Oui
503	51,000	12	0,940	Oui
504	51,000	12	0,940	Oui
505	51,000	12	0,940	Oui
506	51,000	12	0,940	Oui
507	50,500	12	0,957	Oui
508	50,500	12	0,957	Oui
509	50,500	12	0,957	Oui
510	50,500	12	0,957	Oui
511	50,000	12	0,974	Oui
512	49,500	12	0,997	Non
513	50,000	12	0,974	Oui
514	50,500	12	0,952	Oui
515	50,000	12	0,970	Oui
516	49,500	12	0,988	Non
517	50,000	12	0,970	Oui
518	50,000	11	0,893	Oui
519	50,000	11	0,893	Oui
520	50,000	11	0,893	Oui
521	49,500	11	0,914	Non
522	50,000	11	0,898	Oui
523	50,000	11	0,903	Oui
524	50,500	11	0,888	Oui
525	50,500	11	0,894	Oui
526	50,500	10	0,813	Oui
527	50,500	10	0,807	Oui
528	50,500	10	0,807	Oui
529	51,000	10	0,788	Oui
530	50,500	10	0,802	Oui
531	50,500	10	0,802	Oui
532	51,000	10	0,784	Oui
533	50,500	9	0,722	Oui
534	50,500	9	0,722	Oui
535	50,500	9	0,722	Oui
536	50,500	9	0,722	Oui
537	50,500	9	0,722	Oui
538	50,000	9	0,734	Oui
539	50,000	9	0,734	Oui
540	49,500	9	0,752	Non
541	49,500	9	0,752	Non
542	49,500	9	0,752	Non
543	49,500	9	0,752	Non
544	49,500	9	0,748	Non
545	49,000	9	0,761	Non
546	49,000	9	0,761	Non
547	49,000	9	0,761	Non
548	49,000	9	0,761	Non
549	49,000	9	0,761	Non
550	49,000	9	0,761	Non
551	49,000	9	0,765	Non
552	49,000	9	0,765	Non
553	49,500	9	0,752	Non
554	50,000	9	0,739	Oui
555	50,500	9	0,726	Oui
556	51,000	9	0,709	Oui
557	50,500	9	0,722	Oui
558	50,000	9	0,734	Oui
559	50,500	9	0,722	Oui
560	50,000	9	0,739	Oui
561	50,000	9	0,739	Oui
562	50,000	9	0,744	Oui
563	50,000	9	0,744	Oui
564	50,000	9	0,750	Oui
565	50,000	9	0,750	Oui
566	50,000	9	0,750	Oui
567	50,000	9	0,750	Oui
568	50,500	9	0,738	Oui
569	51,000	9	0,720	Oui
570	50,500	9	0,738	Oui
571	50,000	9	0,757	Oui
572	50,000	9	0,757	Oui
573	50,000	9	0,764	Oui
574	50,000	9	0,764	Oui
575	50,000	9	0,764	Oui
576	50,000	9	0,764	Oui
577	50,500	10	0,835	Oui
578	51,000	10	0,814	Oui
579	51,000	10	0,806	Oui
580	51,000	10	0,806	Oui
581	51,500	10	0,787	Oui
582	52,000	10	0,768	Oui
583	52,500	10	0,750	Oui
584	52,500	10	0,750	Oui
585	52,500	10	0,750	Oui
586	53,000	10	0,738	Oui
587	53,000	10	0,738	Oui
588	53,500	10	0,722	Oui
589	53,500	10	0,722	Oui
590	53,500	10	0,722	Oui
591	53,500	10	0,717	Oui
592	54,000	10	0,701	Oui
593	54,000	10	0,701	Oui
594	53,500	10	0,713	Oui
595	53,500	10	0,713	Oui
596	53,000	10	0,725	Oui
597	53,000	9	0,656	Oui
598	52,500	9	0,667	Oui
599	53,000	9	0,656	Oui
600	52,500	9	0,671	Oui
601	52,000	8	0,610	Oui
602	52,000	8	0,610	Oui
603	52,000	7	0,538	Non
604	52,000	7	0,534	Non
605	51,500	7	0,543	Non
606	51,500	7	0,543	Non
607	51,000	7	0,556	Non
608	51,500	7	0,546	Non
609	51,500	6	0,472	Non
610	51,500	6	0,468	Non
611	51,500	7	0,546	Non
612	52,000	7	0,538	Non
613	52,000	7	0,538	Non
614	52,000	7	0,538	Non
615	52,500	7	0,525	Non
616	52,500	7	0,522	Non
617	52,500	7	0,522	Non
618	52,000	7	0,534	Non
619	52,000	7	0,534	Non
620	51,500	6	0,468	Non
621	51,000	6	0,476	Non
622	50,500	6	0,488	Non
623	51,000	6	0,480	Non
624	50,500	6	0,492	Non
625	50,500	6	0,492	Non
626	50,500	6	0,492	Non
627	50,000	5	0,420	Non
628	50,000	5	0,417	Non
629	50,000	5	0,417	Non
630	50,500	5	0,407	Non
631	50,500	6	0,488	Non
632	50,500	6	0,484	Non
633	50,000	6	0,493	Non
634	50,000	6	0,493	Non
635	49,500	6	0,505	Non
636	49,500	6	0,505	Non
637	50,000	6	0,493	Non
638	50,000	6	0,493	Non
639	50,000	6	0,493	Non
640	50,000	6	0,493	Non
641	50,000	6	0,493	Non
642	50,500	7	0,565	Non
643	50,500	7	0,565	Non
644	50,500	7	0,565	Non
645	50,500	7	0,565	Non
646	50,500	7	0,565	Non
647	50,500	7	0,565	Non
648	51,000	7	0,556	Non
649	50,500	7	0,565	Non
650	50,500	7	0,565	Non
651	50,500	7	0,565	Non
652	50,500	7	0,565	Non
653	50,000	7	0,575	Non
654	50,000	7	0,579	Non
655	50,000	6	0,500	Non
656	50,000	6	0,496	Non
657	50,000	6	0,493	Non
658	50,500	6	0,481	Non
659	51,000	7	0,552	Non
660	51,500	7	0,539	Non
661	51,500	8	0,616	Oui
662	52,000	8	0,606	Oui
663	52,000	8	0,610	Oui
664	52,000	8	0,610	Oui
665	52,500	8	0,596	Non
666	52,500	8	0,596	Non
667	52,000	8	0,610	Oui
668	52,000	8	0,614	Oui
669	52,000	8	0,614	Oui
670	52,500	8	0,605	Oui
671	53,000	8	0,595	Non
672	53,000	8	0,595	Non
673	52,500	8	0,605	Oui
674	52,000	7	0,542	Non
675	52,000	7	0,538	Non
676	52,000	7	0,534	Non
677	52,000	7	0,534	Non
678	51,500	6	0,468	Non
679	51,500	6	0,468	Non
680	51,000	6	0,476	Non
681	50,500	6	0,484	Non
682	50,500	6	0,481	Non
683	51,000	7	0,552	Non
684	51,000	7	0,552	Non
685	51,500	7	0,543	Non
686	51,500	7	0,543	Non
687	51,500	7	0,539	Non
688	51,500	7	0,536	Non
689	51,500	7	0,536	Non
690	51,500	7	0,536	Non
691	51,500	7	0,536	Non
692	51,500	7	0,536	Non
693	51,500	7	0,536	Non
694	52,000	7	0,525	Non
695	52,000	7	0,523	Non
696	52,500	7	0,512	Non
697	52,000	7	0,521	Non
698	52,000	7	0,519	Non
699	52,000	7	0,519	Non
700	52,500	7	0,509	Non
701	52,500	7	0,508	Non
702	52,000	7	0,519	Non
703	52,000	7	0,519	Non
704	52,000	7	0,518	Non
705	52,000	7	0,518	Non
706	52,500	7	0,508	Non
707	52,500	7	0,508	Non
708	53,000	7	0,499	Non
709	53,000	7	0,498	Non
710	53,000	7	0,498	Non
711	53,000	7	0,498	Non
712	53,000	7	0,498	Non
713	53,000	7	0,499	Non
714	53,000	7	0,499	Non
715	53,500	7	0,490	Non
716	54,000	7	0,481	Non
717	54,000	8	0,549	Non
718	53,500	8	0,559	Non
719	53,500	8	0,559	Non
720	54,000	8	0,549	Non
721	54,000	8	0,549	Non
722	54,000	8	0,549	Non
723	54,000	8	0,549	Non
724	53,500	8	0,559	Non
725	53,500	8	0,559	Non
726	53,000	8	0,570	Non
727	52,500	8	0,581	Non
728	53,000	8	0,570	Non
729	53,000	8	0,570	Non
730	53,000	8	0,570	Non
731	53,500	8	0,560	Non
732	53,000	8	0,571	Non
733	53,000	8	0,571	Non
734	52,500	8	0,582	Non
735	52,500	8	0,583	Non
736	53,000	8	0,573	Non
737	53,000	8	0,573	Non
738	53,500	8	0,563	Non
739	54,000	8	0,553	Non
740	54,000	8	0,553	Non
741	54,500	8	0,542	Non
742	54,500	8	0,542	Non
743	54,500	8	0,542	Non
744	54,000	8	0,553	Non
745	54,000	8	0,553	Non
746	54,000	8	0,553	Non
747	53,500	8	0,563	Non
748	54,000	8	0,552	Non
749	54,500	8	0,541	Non
750	54,500	8	0,540	Non
751	54,000	8	0,549	Non
752	54,500	8	0,540	Non
753	54,000	8	0,549	Non
754	54,000	8	0,549	Non
755	54,000	8	0,549	Non
756	54,000	8	0,549	Non
757	54,500	8	0,539	Non
758	55,000	9	0,595	Non
759	54,500	9	0,606	Oui
760	54,500	9	0,606	Oui
761	54,500	9	0,606	Oui
762	54,500	9	0,606	Oui
763	55,000	9	0,595	Non
764	55,000	9	0,595	Non
765	55,500	10	0,649	Oui
766	55,500	10	0,649	Oui
767	55,500	10	0,649	Oui
768	55,500	10	0,649	Oui
769	55,500	10	0,649	Oui
770	56,000	11	0,702	Oui
771	56,000	11	0,702	Oui
772	56,000	11	0,702	Oui
773	55,500	11	0,714	Oui
774	56,000	11	0,702	Oui
775	55,500	11	0,714	Oui
776	55,500	10	0,649	Oui
777	55,500	10	0,649	Oui
778	55,500	10	0,649	Oui
779	55,500	11	0,715	Oui
780	55,500	11	0,715	Oui
781	55,500	11	0,715	Oui
782	55,000	11	0,728	Oui
783	55,000	11	0,728	Oui
784	55,000	11	0,728	Oui
785	55,000	11	0,728	Oui
786	54,500	11	0,741	Oui
787	54,500	11	0,741	Oui
788	54,500	11	0,741	Oui
789	54,500	11	0,741	Oui
790	55,000	11	0,728	Oui
791	54,500	11	0,741	Oui
792	54,000	11	0,755	Oui
793	54,500	11	0,742	Oui
794	54,500	11	0,742	Oui
795	55,000	11	0,729	Oui
796	55,000	11	0,729	Oui
797	55,000	11	0,728	Oui
798	55,500	11	0,715	Oui
799	55,500	12	0,780	Oui
800	55,500	12	0,780	Oui
801	56,000	12	0,766	Oui
802	55,500	12	0,780	Oui
803	55,500	12	0,780	Oui
804	55,000	12	0,794	Oui
805	55,000	12	0,794	Oui
806	54,500	12	0,809	Oui
807	54,500	12	0,809	Oui
808	54,500	12	0,809	Oui
809	54,000	12	0,823	Oui
810	54,000	11	0,755	Oui
811	53,500	11	0,769	Oui
812	53,500	11	0,769	Oui
813	54,000	11	0,755	Oui
814	54,000	11	0,757	Oui
815	53,500	11	0,772	Oui
816	53,500	11	0,774	Oui
817	53,500	11	0,774	Oui
818	54,000	11	0,759	Oui
819	54,500	12	0,814	Oui
820	55,000	12	0,800	Oui
821	55,000	12	0,800	Oui
822	55,500	12	0,784	Oui
823	55,000	12	0,798	Oui
824	55,500	12	0,784	Oui
825	55,500	12	0,784	Oui
826	55,500	12	0,784	Oui
827	56,000	12	0,771	Oui
828	55,500	12	0,787	Oui
829	55,500	12	0,787	Oui
830	55,500	11	0,721	Oui
831	55,500	11	0,719	Oui
832	55,500	11	0,719	Oui
833	55,500	11	0,719	Oui
834	55,000	11	0,731	Oui
835	55,500	11	0,719	Oui
836	56,000	11	0,705	Oui
837	55,500	11	0,719	Oui
838	56,000	11	0,705	Oui
839	56,000	11	0,705	Oui
840	56,000	11	0,705	Oui
841	56,000	10	0,643	Oui
842	55,500	10	0,654	Oui
843	55,500	10	0,654	Oui
844	55,500	10	0,654	Oui
845	55,000	10	0,667	Oui
846	54,500	10	0,680	Oui
847	54,500	10	0,680	Oui
848	54,500	10	0,678	Oui
849	54,500	10	0,678	Oui
850	54,500	10	0,678	Oui
851	54,500	10	0,678	Oui
852	54,000	10	0,690	Oui
853	54,500	10	0,676	Oui
854	54,000	10	0,688	Oui
855	54,000	10	0,688	Oui
856	54,000	10	0,688	Oui
857	53,500	10	0,702	Oui
858	53,000	9	0,644	Oui
859	53,000	9	0,643	Oui
860	53,000	9	0,644	Oui
861	53,000	9	0,643	Oui
862	53,000	9	0,642	Oui
863	52,500	9	0,654	Oui
864	52,500	9	0,654	Oui
865	52,000	9	0,667	Oui
866	52,500	9	0,654	Oui
867	53,000	10	0,713	Oui
868	53,000	10	0,712	Oui
869	53,000	10	0,712	Oui
870	53,000	10	0,712	Oui
871	53,000	11	0,783	Oui
872	52,500	11	0,798	Oui
873	52,500	11	0,798	Oui
874	52,500	11	0,798	Oui
875	52,000	11	0,814	Oui
876	51,500	11	0,830	Oui
877	52,000	11	0,814	Oui
878	52,500	12	0,871	Oui
879	52,000	12	0,888	Oui
880	52,000	12	0,888	Oui
881	52,500	12	0,871	Oui
882	52,500	11	0,798	Oui
883	52,000	11	0,814	Oui
884	52,500	11	0,798	Oui
885	52,000	11	0,814	Oui
886	52,500	11	0,798	Oui
887	52,500	11	0,798	Oui
888	52,500	11	0,798	Oui
889	53,000	12	0,855	Oui
890	53,000	12	0,855	Oui
891	53,000	12	0,855	Oui
892	53,000	12	0,855	Oui
893	53,500	12	0,839	Oui
894	53,000	12	0,855	Oui
895	53,000	12	0,855	Oui
896	52,500	12	0,871	Oui
897	52,500	12	0,871	Oui
898	52,500	12	0,873	Oui
899	52,500	12	0,873	Oui
900	52,500	12	0,875	Oui
901	52,000	12	0,893	Oui
902	52,000	12	0,893	Oui
903	52,000	12	0,893	Oui
904	51,500	12	0,912	Oui
905	52,000	12	0,893	Oui
906	51,500	12	0,912	Oui
907	52,000	12	0,893	Oui
908	52,000	13	0,967	Oui
909	52,000	13	0,971	Oui
910	52,000	13	0,971	Oui
911	52,500	13	0,954	Oui
912	52,500	13	0,954	Oui
913	52,000	13	0,971	Oui
914	51,500	13	0,988	Oui
915	51,000	13	1,006	Oui
916	51,000	12	0,928	Oui
917	50,500	12	0,946	Oui
918	50,500	12	0,946	Oui
919	50,000	12	0,966	Oui
920	49,500	12	0,988	Non
921	50,000	12	0,970	Oui
922	50,000	12	0,970	Oui
923	49,500	12	0,988	Non
924	50,000	12	0,970	Oui
925	50,000	12	0,970	Oui
926	50,000	12	0,970	Oui
927	50,000	12	0,970	Oui
928	49,500	12	0,988	Non
929	49,000	12	1,006	Non
930	49,000	12	1,006	Non
931	48,500	12	1,026	Non
932	49,000	12	1,006	Non
933	49,500	12	0,984	Non
934	50,000	12	0,963	Oui
935	50,000	13	1,044	Oui
936	49,500	13	1,064	Non
937	49,500	13	1,064	Non
938	49,500	13	1,062	Non
939	49,500	13	1,061	Non
940	49,500	13	1,061	Non
941	49,000	13	1,083	Non
942	49,500	13	1,061	Non
943	50,000	14	1,120	Oui
944	50,500	14	1,098	Oui
945	51,000	15	1,154	Oui
946	51,000	15	1,154	Oui
947	51,000	15	1,154	Oui
948	50,500	15	1,177	Oui
949	50,500	15	1,179	Oui
950	50,000	15	1,204	Oui
951	50,000	15	1,204	Oui
952	49,500	15	1,227	Non
953	49,500	15	1,227	Non
954	49,000	15	1,254	Non
955	49,000	15	1,258	Non
956	48,500	15	1,286	Non
957	48,500	14	1,206	Non
958	48,000	14	1,229	Non
959	48,500	14	1,206	Non
960	49,000	14	1,184	Non
961	49,000	14	1,184	Non
962	49,000	14	1,184	Non
963	48,500	14	1,206	Non
964	48,000	13	1,146	Non
965	47,500	13	1,168	Non
966	47,500	13	1,168	Non
967	47,000	13	1,190	Non
968	46,500	13	1,214	Non
969	46,500	12	1,126	Non
970	46,500	12	1,120	Non
971	46,500	12	1,120	Non
972	46,500	12	1,120	Non
973	47,000	12	1,094	Non
974	46,500	12	1,120	Non
975	47,000	12	1,094	Non
976	46,500	12	1,116	Non
977	46,500	12	1,113	Non
978	46,000	11	1,044	Non
979	46,000	11	1,044	Non
980	46,000	11	1,044	Non
981	45,500	11	1,069	Non
982	45,500	11	1,069	Non
983	45,000	11	1,095	Non
984	45,500	11	1,069	Non
985	45,500	12	1,171	Non
986	46,000	12	1,143	Non
987	46,000	12	1,143	Non
988	45,500	12	1,171	Non
989	45,500	12	1,171	Non
990	45,000	12	1,195	Non
991	45,500	12	1,171	Non
992	46,000	12	1,148	Non
993	46,000	12	1,143	Non
994	46,000	12	1,143	Non
995	46,000	12	1,143	Non
996	46,500	12	1,116	Non
997	46,000	12	1,143	Non
998	46,000	11	1,048	Non
999	46,000	11	1,044	Non
1000	46,000	11	1,044	Non
1001	45,500	11	1,066	Non
1002	45,500	11	1,066	Non
1003	45,000	11	1,089	Non
1004	45,000	11	1,089	Non
1005	45,000	11	1,089	Non
1006	45,000	11	1,089	Non
1007	45,000	11	1,089	Non
1008	44,500	11	1,112	Non
1009	45,000	11	1,087	Non
1010	44,500	11	1,111	Non
1011	45,000	11	1,087	Non
1012	45,000	11	1,086	Non
1013	44,500	11	1,111	Non
1014	44,500	11	1,111	Non
1015	45,000	11	1,087	Non
1016	44,500	11	1,112	Non
1017	44,500	11	1,112	Non
1018	44,500	10	1,011	Non
1019	44,500	11	1,112	Non
1020	44,000	11	1,139	Non
1021	44,500	11	1,112	Non
1022	44,500	11	1,112	Non
1023	45,000	12	1,186	Non
1024	45,000	12	1,186	Non
1025	45,000	12	1,186	Non
1026	45,000	12	1,186	Non
1027	45,000	12	1,186	Non
1028	45,500	12	1,161	Non
1029	45,500	12	1,161	Non
1030	45,500	12	1,161	Non
1031	45,500	13	1,256	Non
1032	45,000	13	1,284	Non
1033	45,000	13	1,284	Non
1034	45,500	13	1,256	Non
1035	45,500	13	1,257	Non
1036	45,000	13	1,285	Non
1037	45,000	13	1,285	Non
1038	44,500	13	1,313	Non
1039	45,000	13	1,284	Non
1040	45,500	13	1,256	Non
1041	45,500	13	1,257	Non
1042	46,000	13	1,231	Non
1043	46,000	13	1,231	Non
1044	46,000	13	1,231	Non
1045	46,000	13	1,231	Non
1046	46,000	13	1,231	Non
1047	46,000	13	1,231	Non
1048	45,500	13	1,257	Non
1049	45,500	13	1,257	Non
1050	45,500	13	1,260	Non
1051	45,500	13	1,260	Non
1052	45,500	13	1,260	Non
1053	45,000	13	1,286	Non
1054	45,000	13	1,286	Non
1055	45,000	13	1,286	Non
1056	45,000	13	1,285	Non
1057	45,000	13	1,285	Non
1058	45,000	13	1,285	Non
1059	44,500	12	1,212	Non
1060	44,000	12	1,240	Non
1061	44,000	12	1,240	Non
1062	43,500	12	1,268	Non
1063	44,000	12	1,240	Non
1064	44,500	13	1,313	Non
1065	45,000	13	1,284	Non
1066	44,500	12	1,212	Non
1067	44,000	12	1,240	Non
1068	43,500	12	1,268	Non
1069	44,000	12	1,240	Non
1070	43,500	11	1,164	Non
1071	43,500	11	1,163	Non
1072	43,500	11	1,163	Non
1073	44,000	11	1,136	Non
1074	44,500	12	1,212	Non
1075	45,000	12	1,185	Non
1076	45,000	12	1,185	Non
1077	45,000	11	1,086	Non
1078	44,500	11	1,111	Non
1079	45,000	11	1,086	Non
1080	45,000	11	1,086	Non
1081	44,500	11	1,111	Non
1082	44,500	11	1,111	Non
1083	45,000	11	1,087	Non
1084	45,000	11	1,087	Non
1085	45,500	11	1,064	Non
1086	45,500	11	1,063	Non
1087	45,500	11	1,063	Non
1088	45,000	10	0,988	Non
1089	45,000	10	0,988	Non
1090	45,000	10	0,988	Non
1091	45,000	10	0,988	Non
1092	44,500	10	1,010	Non
1093	44,000	10	1,034	Non
1094	44,000	10	1,034	Non
1095	44,000	10	1,035	Non
1096	44,500	10	1,013	Non
1097	44,500	10	1,013	Non
1098	44,000	10	1,035	Non
1099	44,500	10	1,013	Non
1100	44,500	10	1,013	Non
1101	44,500	10	1,013	Non
1102	44,500	10	1,013	Non
1103	45,000	10	0,990	Non
1104	45,000	10	0,990	Non
1105	44,500	10	1,013	Non
1106	44,500	10	1,013	Non
1107	44,500	9	0,912	Non
1108	44,000	9	0,932	Non
1109	43,500	9	0,952	Non
1110	44,000	9	0,930	Non
1111	43,500	9	0,951	Non
1112	44,000	9	0,930	Non
1113	44,000	9	0,930	Non
1114	44,000	9	0,930	Non
1115	44,000	9	0,930	Non
1116	44,000	9	0,932	Non
1117	44,500	9	0,912	Non
1118	44,500	9	0,912	Non
1119	45,000	9	0,893	Non
1120	45,000	9	0,893	Non
1121	45,000	9	0,893	Non
1122	44,500	9	0,912	Non
1123	44,500	9	0,912	Non
1124	44,500	9	0,910	Non
1125	44,500	10	1,011	Non
1126	45,000	10	0,990	Non
1127	45,000	10	0,990	Non
1128	45,500	10	0,967	Non
1129	45,500	10	0,967	Non
1130	45,500	10	0,967	Non
1131	46,000	10	0,946	Non
1132	45,500	10	0,966	Non
1133	45,500	10	0,966	Non
1134	45,000	9	0,889	Non
1135	44,500	9	0,909	Non
1136	45,000	9	0,889	Non
1137	45,500	10	0,966	Non
1138	45,000	10	0,988	Non
1139	45,000	10	0,990	Non
1140	45,500	10	0,969	Non
1141	46,000	10	0,947	Non
1142	46,000	9	0,852	Non
1143	46,000	10	0,947	Non
1144	46,000	9	0,854	Non
1145	46,000	9	0,854	Non
1146	46,500	9	0,835	Non
1147	47,000	10	0,909	Non
1148	47,500	10	0,891	Non
1149	47,500	10	0,891	Non
1150	48,000	10	0,874	Non
1151	48,000	10	0,874	Non
1152	48,000	10	0,874	Non
1153	48,000	10	0,874	Non
1154	48,000	10	0,874	Non
1155	48,000	10	0,874	Non
1156	48,500	10	0,858	Non
1157	48,000	10	0,874	Non
1158	48,000	10	0,874	Non
1159	48,000	10	0,874	Non
1160	47,500	10	0,891	Non
1161	48,000	10	0,871	Non
1162	48,000	10	0,870	Non
1163	48,000	10	0,870	Non
1164	48,000	10	0,870	Non
1165	48,500	10	0,853	Non
1166	48,500	10	0,853	Non
1167	48,500	10	0,853	Non
1168	49,000	10	0,834	Non
1169	49,000	11	0,918	Non
1170	48,500	11	0,938	Non
1171	48,500	11	0,938	Non
1172	49,000	11	0,918	Non
1173	49,000	11	0,918	Non
1174	49,000	11	0,918	Non
1175	48,500	11	0,938	Non
1176	49,000	11	0,918	Non
1177	49,000	11	0,918	Non
1178	49,500	12	0,982	Non
1179	49,000	12	1,001	Non
1180	49,000	12	1,003	Non
1181	49,000	12	1,003	Non
1182	49,000	12	1,003	Non
1183	49,500	12	0,984	Non
1184	49,000	11	0,922	Non
1185	48,500	11	0,940	Non
1186	48,500	11	0,940	Non
1187	48,500	11	0,940	Non
1188	48,500	11	0,940	Non
1189	48,500	11	0,940	Non
1190	48,500	11	0,940	Non
1191	48,500	11	0,940	Non
1192	48,000	11	0,959	Non
1193	48,000	11	0,959	Non
1194	48,000	11	0,959	Non
1195	48,000	11	0,957	Non
1196	47,500	11	0,978	Non
1197	48,000	11	0,959	Non
1198	48,000	11	0,959	Non
1199	48,000	12	1,049	Non
1200	48,000	12	1,049	Non
1201	48,500	12	1,026	Non
1202	49,000	13	1,090	Non
1203	49,000	13	1,090	Non
1204	49,000	13	1,090	Non
1205	49,000	13	1,090	Non
1206	49,500	13	1,066	Non
1207	49,500	13	1,066	Non
1208	49,500	13	1,066	Non
1209	49,000	13	1,090	Non
1210	49,000	13	1,090	Non
1211	49,000	13	1,087	Non
1212	49,000	14	1,174	Non
1213	49,000	14	1,174	Non
1214	48,500	14	1,197	Non
1215	48,000	14	1,224	Non
1216	48,000	14	1,224	Non
1217	48,500	14	1,197	Non
1218	48,500	14	1,201	Non
1219	48,500	14	1,197	Non
1220	48,500	14	1,197	Non
1221	48,000	14	1,220	Non
1222	47,500	13	1,159	Non
1223	47,000	13	1,182	Non
1224	46,500	13	1,206	Non
1225	46,500	13	1,206	Non
1226	46,500	13	1,206	Non
1227	46,000	13	1,231	Non
1228	46,000	13	1,231	Non
1229	46,000	13	1,231	Non
1230	45,500	12	1,163	Non
1231	45,500	12	1,161	Non
1232	46,000	13	1,231	Non
1233	46,500	13	1,206	Non
1234	46,500	13	1,206	Non
1235	46,500	13	1,206	Non
1236	46,500	13	1,206	Non
1237	47,000	13	1,182	Non
1238	47,000	13	1,182	Non
1239	47,000	13	1,182	Non
1240	46,500	13	1,209	Non
1241	46,000	13	1,238	Non
1242	46,000	13	1,238	Non
1243	46,500	14	1,307	Non
1244	47,000	14	1,277	Non
1245	47,500	14	1,248	Non
1246	47,500	14	1,248	Non
1247	47,500	14	1,248	Non
1248	47,500	14	1,248	Non
1249	47,500	14	1,248	Non
1250	47,500	14	1,248	Non
1251	48,000	15	1,311	Non
1252	48,000	15	1,311	Non
1253	48,500	15	1,286	Non
1254	48,500	15	1,286	Non
1255	48,500	15	1,286	Non
1256	48,000	15	1,311	Non
1257	48,500	15	1,286	Non
1258	48,500	15	1,286	Non
1259	49,000	15	1,263	Non
1260	49,500	15	1,235	Non
1261	49,500	15	1,235	Non
1262	50,000	15	1,208	Oui
1263	49,500	14	1,152	Non
1264	49,500	14	1,152	Non
1265	49,000	14	1,174	Non
1266	49,000	14	1,174	Non
1267	49,000	14	1,174	Non
1268	49,000	14	1,174	Non
1269	48,500	14	1,197	Non
1270	49,000	14	1,174	Non
1271	48,500	14	1,201	Non
1272	49,000	14	1,174	Non
1273	48,500	13	1,115	Non
1274	48,000	13	1,136	Non
1275	47,500	13	1,163	Non
1276	48,000	13	1,141	Non
1277	47,500	13	1,168	Non
1278	48,000	13	1,141	Non
1279	48,000	13	1,136	Non
1280	48,500	13	1,111	Non
1281	49,000	13	1,087	Non
1282	49,000	14	1,171	Non
1283	49,000	14	1,168	Non
1284	49,000	15	1,252	Non
1285	49,000	15	1,250	Non
1286	48,500	15	1,277	Non
1287	48,000	15	1,304	Non
1288	48,000	15	1,304	Non
1289	47,500	15	1,333	Non
1290	48,000	15	1,307	Non
1291	48,000	15	1,307	Non
1292	48,000	15	1,307	Non
1293	48,500	15	1,279	Non
1294	49,000	15	1,252	Non
1295	48,500	15	1,277	Non
1296	48,000	15	1,303	Non
1297	48,500	15	1,276	Non
1298	49,000	16	1,333	Non
1299	49,000	16	1,333	Non
1300	49,000	16	1,333	Non
1301	49,500	16	1,306	Non
1302	49,500	16	1,306	Non
1303	49,000	16	1,333	Non
1304	49,000	16	1,333	Non
1305	49,500	16	1,307	Non
1306	50,000	16	1,282	Oui
1307	49,500	16	1,309	Non
1308	49,500	16	1,309	Non
1309	49,500	16	1,309	Non
1310	49,000	16	1,338	Non
1311	49,500	16	1,309	Non
1312	49,000	16	1,335	Non
1313	49,000	16	1,335	Non
1314	49,500	16	1,307	Non
1315	49,500	16	1,307	Non
1316	49,500	16	1,307	Non
1317	49,000	16	1,333	Non
1318	49,000	16	1,333	Non
1319	49,000	16	1,333	Non
1320	49,000	16	1,333	Non
1321	48,500	16	1,361	Non
1322	48,500	16	1,361	Non
1323	49,000	16	1,333	Non
1324	49,000	15	1,252	Non
1325	49,000	15	1,250	Non
1326	49,000	16	1,333	Non
1327	49,000	16	1,333	Non
1328	49,000	16	1,333	Non
1329	49,000	16	1,333	Non
1330	49,000	16	1,333	Non
1331	49,000	16	1,333	Non
1332	49,000	16	1,333	Non
1333	48,500	16	1,362	Non
1334	49,000	16	1,333	Non
1335	49,000	16	1,333	Non
1336	48,500	15	1,277	Non
1337	48,500	15	1,276	Non
1338	49,000	15	1,249	Non
1339	48,500	15	1,276	Non
1340	48,500	15	1,277	Non
1341	48,000	15	1,303	Non
1342	47,500	14	1,241	Non
1343	47,000	14	1,268	Non
1344	47,000	14	1,270	Non
1345	46,500	14	1,299	Non
1346	46,500	13	1,204	Non
1347	46,500	13	1,206	Non
1348	46,000	13	1,234	Non
1349	45,500	13	1,263	Non
1350	45,000	13	1,294	Non
1351	45,500	13	1,263	Non
1352	46,000	13	1,234	Non
1353	46,500	13	1,209	Non
1354	47,000	13	1,186	Non
1355	46,500	13	1,214	Non
1356	46,500	13	1,220	Non
1357	46,500	13	1,220	Non
1358	46,500	13	1,220	Non
1359	46,000	13	1,250	Non
1360	46,000	13	1,250	Non
1361	45,500	13	1,275	Non
1362	45,000	13	1,300	Non
1363	45,000	13	1,300	Non
1364	45,000	13	1,300	Non
1365	45,000	13	1,300	Non
1366	45,000	13	1,300	Non
1367	45,500	13	1,268	Non
1368	45,500	12	1,171	Non
1369	45,500	13	1,268	Non
1370	46,000	13	1,243	Non
1371	46,500	14	1,307	Non
1372	46,500	14	1,302	Non
1373	46,500	14	1,299	Non
1374	46,500	14	1,299	Non
1375	47,000	14	1,270	Non
1376	47,000	14	1,268	Non
1377	46,500	13	1,203	Non
1378	46,000	13	1,229	Non
1379	46,000	13	1,229	Non
1380	46,000	13	1,229	Non
1381	46,000	13	1,229	Non
1382	46,500	13	1,204	Non
1383	46,000	13	1,231	Non
1384	46,000	13	1,231	Non
1385	46,500	13	1,206	Non
1386	46,000	13	1,231	Non
1387	46,500	13	1,204	Non
1388	46,500	13	1,204	Non
1389	47,000	13	1,178	Non
1390	47,000	13	1,178	Non
1391	46,500	13	1,204	Non
1392	46,500	13	1,204	Non
1393	46,000	13	1,229	Non
1394	46,000	13	1,229	Non
1395	45,500	13	1,256	Non
1396	45,500	13	1,256	Non
1397	45,500	13	1,257	Non
1398	45,500	13	1,256	Non
1399	45,000	13	1,285	Non
1400	45,500	13	1,257	Non
1401	45,000	12	1,186	Non
1402	45,000	12	1,186	Non
1403	45,000	12	1,186	Non
1404	45,500	12	1,159	Non
1405	46,000	12	1,135	Non
1406	45,500	12	1,159	Non
1407	45,500	12	1,159	Non
1408	46,000	12	1,134	Non
1409	46,500	12	1,110	Non
1410	47,000	13	1,177	Non
1411	47,000	12	1,086	Non
1412	46,500	12	1,110	Non
1413	47,000	12	1,086	Non
1414	47,000	12	1,086	Non
1415	47,500	12	1,064	Non
1416	47,500	12	1,064	Non
1417	47,500	11	0,975	Non
1418	47,500	12	1,064	Non
1419	47,500	12	1,064	Non
1420	47,500	12	1,064	Non
1421	47,500	12	1,064	Non
1422	47,500	12	1,064	Non
1423	47,500	12	1,064	Non
1424	48,000	12	1,042	Non
1425	48,000	12	1,042	Non
1426	48,500	12	1,020	Non
1427	48,500	12	1,020	Non
1428	48,000	12	1,042	Non
1429	48,500	12	1,020	Non
1430	48,500	12	1,020	Non
1431	48,500	11	0,935	Non
1432	48,500	11	0,935	Non
1433	48,000	11	0,955	Non
1434	47,500	11	0,975	Non
1435	47,500	11	0,975	Non
1436	47,500	11	0,975	Non
1437	47,000	11	0,996	Non
1438	47,000	11	0,996	Non
1439	46,500	11	1,018	Non
1440	47,000	11	0,996	Non
1441	47,500	12	1,064	Non
1442	47,500	11	0,975	Non
1443	47,000	11	0,996	Non
1444	47,000	11	0,996	Non
1445	46,500	11	1,019	Non
1446	47,000	11	0,996	Non
1447	47,000	11	0,996	Non
1448	47,000	11	0,996	Non
1449	47,000	11	0,996	Non
1450	47,000	10	0,906	Non
1451	47,000	10	0,905	Non
1452	47,000	10	0,905	Non
1453	46,500	10	0,925	Non
1454	46,500	10	0,925	Non
1455	46,500	10	0,926	Non
1456	46,500	10	0,926	Non
1457	46,000	10	0,947	Non
1458	46,500	10	0,926	Non
1459	46,000	10	0,947	Non
1460	46,000	10	0,947	Non
1461	45,500	10	0,967	Non
1462	45,000	10	0,988	Non
1463	45,000	10	0,988	Non
1464	45,000	10	0,990	Non
1465	45,000	10	0,990	Non
1466	45,000	10	0,990	Non
1467	45,500	10	0,969	Non
1468	46,000	11	1,042	Non
1469	46,000	11	1,042	Non
1470	45,500	11	1,066	Non
1471	45,500	11	1,066	Non
1472	45,500	11	1,064	Non
1473	46,000	11	1,042	Non
1474	46,000	11	1,042	Non
1475	46,500	11	1,019	Non
1476	46,000	11	1,042	Non
1477	46,000	11	1,042	Non
1478	45,500	11	1,064	Non
1479	45,500	11	1,063	Non
1480	45,500	11	1,063	Non
1481	45,000	10	0,988	Non
1482	44,500	10	1,010	Non
1483	44,000	9	0,930	Non
1484	43,500	9	0,951	Non
1485	43,500	9	0,952	Non
1486	44,000	9	0,932	Non
1487	44,500	9	0,910	Non
1488	44,500	9	0,910	Non
1489	44,500	9	0,910	Non
1490	44,500	9	0,910	Non
1491	44,500	9	0,910	Non
1492	44,500	9	0,910	Non
1493	44,000	9	0,932	Non
1494	44,000	9	0,934	Non
1495	44,500	9	0,915	Non
1496	44,500	9	0,915	Non
1497	44,500	8	0,816	Non
1498	44,000	8	0,833	Non
1499	44,000	8	0,830	Non
1500	44,000	9	0,934	Non
1501	43,500	9	0,957	Non
1502	44,000	9	0,938	Non
1503	44,000	9	0,938	Non
1504	44,500	9	0,918	Non
1505	44,000	9	0,938	Non
1506	44,000	9	0,934	Non
1507	44,000	9	0,934	Non
1508	44,000	9	0,934	Non
1509	44,000	9	0,934	Non
1510	44,500	9	0,915	Non
1511	44,500	9	0,915	Non
1512	45,000	9	0,893	Non
1513	45,500	9	0,872	Non
1514	45,000	9	0,893	Non
1515	45,500	9	0,872	Non
1516	45,500	10	0,969	Non
1517	45,500	10	0,969	Non
1518	45,500	10	0,969	Non
1519	45,500	10	0,967	Non
1520	45,500	10	0,967	Non
1521	45,500	10	0,967	Non
1522	46,000	10	0,946	Non
1523	46,000	11	1,040	Non
1524	46,000	11	1,040	Non
1525	46,000	10	0,945	Non
1526	45,500	10	0,966	Non
1527	45,500	10	0,966	Non
1528	45,500	10	0,966	Non
1529	45,500	10	0,966	Non
1530	45,500	10	0,966	Non
1531	45,000	10	0,988	Non
1532	45,000	10	0,988	Non
1533	45,000	10	0,988	Non
1534	45,000	10	0,988	Non
1535	45,000	10	0,988	Non
1536	45,000	10	0,988	Non
1537	44,500	10	1,010	Non
1538	44,000	10	1,034	Non
1539	44,000	10	1,034	Non
1540	44,000	10	1,034	Non
1541	44,500	10	1,010	Non
1542	45,000	11	1,087	Non
1543	45,500	11	1,063	Non
1544	45,000	11	1,087	Non
1545	45,000	11	1,087	Non
1546	45,000	11	1,086	Non
1547	45,000	11	1,086	Non
1548	45,000	11	1,086	Non
1549	45,500	11	1,063	Non
1550	45,500	11	1,063	Non
1551	45,000	11	1,086	Non
1552	44,500	11	1,111	Non
1553	44,500	11	1,111	Non
1554	44,000	11	1,137	Non
1555	44,500	11	1,111	Non
1556	44,000	11	1,137	Non
1557	44,000	11	1,137	Non
1558	44,500	11	1,112	Non
1559	45,000	11	1,087	Non
1560	45,500	11	1,063	Non
1561	46,000	11	1,040	Non
1562	46,000	11	1,040	Non
1563	46,000	11	1,040	Non
1564	46,000	11	1,040	Non
1565	45,500	11	1,063	Non
1566	46,000	11	1,040	Non
1567	45,500	11	1,064	Non
1568	45,000	10	0,988	Non
1569	44,500	10	1,011	Non
1570	44,500	9	0,909	Non
1571	44,000	9	0,930	Non
1572	44,000	9	0,930	Non
1573	44,000	9	0,932	Non
1574	44,000	9	0,932	Non
1575	43,500	9	0,954	Non
1576	43,500	9	0,957	Non
1577	44,000	9	0,938	Non
1578	44,500	10	1,016	Non
1579	44,500	10	1,016	Non
1580	44,500	10	1,020	Non
1581	45,000	11	1,095	Non
1582	45,000	11	1,091	Non
1583	45,500	11	1,069	Non
1584	46,000	11	1,048	Non
1585	45,500	11	1,069	Non
1586	46,000	11	1,044	Non
1587	46,000	11	1,048	Non
1588	46,500	11	1,027	Non
1589	46,500	12	1,120	Non
1590	47,000	12	1,094	Non
1591	47,000	12	1,094	Non
1592	47,500	12	1,073	Non
1593	47,500	12	1,073	Non
1594	48,000	12	1,053	Non
1595	48,500	13	1,115	Non
1596	49,000	13	1,090	Non
1597	48,500	12	1,026	Non
1598	48,500	12	1,029	Non
1599	48,500	12	1,029	Non
1600	48,500	12	1,026	Non
1601	48,500	12	1,026	Non
1602	48,000	12	1,049	Non
1603	48,500	12	1,029	Non
1604	48,500	12	1,034	Non
1605	48,500	13	1,115	Non
1606	49,000	13	1,094	Non
1607	49,500	14	1,152	Non
1608	49,500	14	1,152	Non
1609	49,500	13	1,066	Non
1610	49,000	13	1,090	Non
1611	49,000	13	1,090	Non
1612	49,500	13	1,070	Non
1613	49,000	13	1,094	Non
1614	49,500	13	1,070	Non
1615	49,500	13	1,070	Non
1616	49,500	13	1,070	Non
1617	49,000	12	1,006	Non
1618	49,000	12	1,006	Non
1619	48,500	12	1,026	Non
1620	49,000	12	1,006	Non
1621	49,000	12	1,006	Non
1622	49,000	12	1,006	Non
1623	49,000	12	1,006	Non
1624	48,500	12	1,029	Non
1625	49,000	12	1,006	Non
1626	49,000	12	1,006	Non
1627	49,000	12	1,006	Non
1628	49,000	12	1,006	Non
1629	48,500	12	1,026	Non
1630	49,000	12	1,003	Non
1631	48,500	12	1,026	Non
1632	48,500	12	1,029	Non
1633	48,500	12	1,029	Non
1634	49,000	12	1,010	Non
1635	48,500	12	1,029	Non
1636	49,000	12	1,010	Non
1637	49,500	12	0,992	Non
1638	49,500	12	0,992	Non
1639	49,500	12	0,992	Non
1640	49,000	11	0,926	Non
1641	49,000	11	0,930	Non
1642	48,500	11	0,952	Non
1643	49,000	11	0,935	Non
1644	48,500	11	0,958	Non
1645	48,500	11	0,958	Non
1646	48,000	11	0,976	Non
1647	48,500	11	0,958	Non
1648	48,500	11	0,958	Non
1649	49,000	11	0,935	Non
1650	48,500	11	0,952	Non
1651	48,500	11	0,947	Non
1652	48,500	11	0,947	Non
1653	49,000	11	0,930	Non
1654	49,000	11	0,930	Non
1655	49,000	11	0,930	Non
1656	49,000	11	0,930	Non
1657	49,000	11	0,930	Non
1658	48,500	11	0,952	Non
1659	48,500	11	0,952	Non
1660	48,000	11	0,970	Non
1661	48,500	11	0,952	Non
1662	48,500	11	0,952	Non
1663	48,500	11	0,952	Non
1664	48,000	11	0,970	Non
1665	48,500	11	0,952	Non
1666	48,500	11	0,952	Non
1667	48,000	10	0,882	Non
1668	48,000	10	0,887	Non
1669	48,000	10	0,887	Non
1670	48,000	10	0,887	Non
1671	48,000	10	0,887	Non
1672	47,500	10	0,909	Non
1673	47,000	10	0,926	Non
1674	47,500	10	0,909	Non
1675	47,000	10	0,932	Non
1676	47,500	10	0,909	Non
1677	47,500	10	0,909	Non
1678	47,500	10	0,909	Non
1679	47,500	10	0,916	Non
1680	47,000	10	0,940	Non
1681	47,000	10	0,940	Non
1682	47,000	10	0,940	Non
1683	47,500	10	0,923	Non
1684	47,500	10	0,923	Non
1685	47,000	10	0,948	Non
1686	47,000	10	0,958	Non
1687	46,500	10	0,975	Non
1688	46,500	10	0,975	Non
1689	46,500	10	0,975	Non
1690	46,500	10	0,985	Non
1691	47,000	10	0,969	Non
1692	47,000	10	0,969	Non
1693	47,000	10	0,969	Non
1694	47,000	10	0,969	Non
1695	47,000	10	0,969	Non
1696	47,000	10	0,969	Non
1697	46,500	10	0,997	Non
1698	47,000	10	0,980	Non
1699	46,500	9	0,897	Non
1700	46,500	9	0,897	Non
1701	47,000	9	0,872	Non
1702	47,000	9	0,872	Non
1703	47,500	9	0,847	Non
1704	47,500	9	0,847	Non
1705	47,500	9	0,847	Non
1706	47,500	9	0,847	Non
1707	47,500	9	0,847	Non
1708	48,000	9	0,833	Non
1709	48,000	9	0,833	Non
1710	47,500	9	0,857	Non
1711	47,500	9	0,847	Non
1712	47,000	9	0,862	Non
1713	47,000	9	0,853	Non
1714	47,500	9	0,839	Non
1715	47,500	8	0,746	Non
1716	47,000	8	0,766	Non
1717	47,500	8	0,753	Non
1718	47,500	8	0,753	Non
1719	47,500	8	0,746	Non
1720	48,000	8	0,733	Non
1721	48,000	8	0,733	Non
1722	47,500	7	0,652	Non
1723	47,500	7	0,659	Non
1724	47,000	7	0,670	Non
1725	47,000	7	0,670	Non
1726	47,500	8	0,746	Non
1727	47,500	8	0,746	Non
1728	47,000	8	0,759	Non
1729	47,000	8	0,759	Non
1730	47,000	8	0,759	Non
1731	47,500	8	0,746	Non
1732	47,500	8	0,746	Non
1733	48,000	8	0,733	Non
1734	47,500	8	0,746	Non
1735	47,500	8	0,746	Non
1736	48,000	8	0,726	Non
1737	48,000	8	0,726	Non
1738	48,000	8	0,726	Non
1739	48,000	8	0,726	Non
1740	48,000	8	0,720	Non
1741	48,000	7	0,625	Non
1742	47,500	7	0,641	Non
1743	47,000	7	0,653	Non
1744	47,000	7	0,653	Non
1745	47,000	7	0,653	Non
1746	46,500	7	0,665	Non
1747	46,000	7	0,677	Non
1748	46,000	7	0,677	Non
1749	46,000	7	0,677	Non
1750	46,000	7	0,677	Non
1751	46,500	7	0,660	Non
1752	46,500	7	0,660	Non
1753	46,000	7	0,677	Non
1754	46,000	7	0,677	Non
1755	46,000	7	0,673	Non
1756	46,500	7	0,660	Non
1757	47,000	7	0,648	Non
1758	46,500	7	0,665	Non
1759	46,500	7	0,665	Non
1760	46,500	8	0,755	Non
1761	46,000	8	0,769	Non
1762	46,500	8	0,755	Non
1763	46,500	8	0,755	Non
1764	47,000	8	0,741	Non
1765	47,000	8	0,741	Non
1766	47,000	8	0,741	Non
1767	47,000	8	0,741	Non
1768	47,500	8	0,723	Non
1769	48,000	8	0,705	Non
1770	47,500	8	0,723	Non
1771	47,500	8	0,723	Non
1772	47,000	8	0,741	Non
1773	46,500	8	0,755	Non
1774	47,000	8	0,736	Non
1775	47,500	8	0,723	Non
1776	47,500	9	0,809	Non
1777	47,000	8	0,733	Non
1778	46,500	8	0,750	Non
1779	46,500	8	0,750	Non
1780	46,000	7	0,670	Non
1781	46,000	7	0,670	Non
1782	46,000	7	0,670	Non
1783	46,000	7	0,670	Non
1784	46,000	8	0,762	Non
1785	46,000	8	0,762	Non
1786	45,500	8	0,780	Non
1787	45,500	8	0,780	Non
1788	45,500	8	0,777	Non
1789	45,000	8	0,796	Non
1790	45,000	8	0,800	Non
1791	45,000	8	0,800	Non
1792	44,500	8	0,816	Non
1793	44,500	8	0,816	Non
1794	44,500	7	0,711	Non
1795	44,000	7	0,729	Non
1796	43,500	7	0,748	Non
1797	44,000	7	0,733	Non
1798	43,500	7	0,748	Non
1799	43,500	7	0,748	Non
1800	43,000	7	0,768	Non
1801	43,500	7	0,752	Non
1802	43,500	7	0,752	Non
1803	43,000	7	0,768	Non
1804	43,000	6	0,655	Non
1805	43,000	6	0,655	Non
1806	43,000	5	0,546	Non
1807	42,500	5	0,560	Non
1808	42,000	5	0,575	Non
1809	41,500	5	0,591	Non
1810	42,000	5	0,579	Non
1811	41,500	5	0,591	Non
1812	41,500	5	0,591	Non
1813	41,500	5	0,591	Non
1814	41,000	5	0,608	Non
1815	40,500	5	0,621	Non
1816	41,000	5	0,604	Non
1817	41,500	5	0,588	Non
1818	41,000	5	0,604	Non
1819	41,000	5	0,604	Non
1820	40,500	5	0,617	Non
1821	40,500	5	0,617	Non
1822	40,500	5	0,617	Non
1823	41,000	5	0,601	Non
1824	41,500	5	0,588	Non
1825	41,500	6	0,705	Non
1826	41,500	6	0,702	Non
1827	41,500	6	0,702	Non
1828	41,500	6	0,702	Non
1829	41,500	6	0,702	Non
1830	41,000	6	0,721	Non
1831	41,000	6	0,721	Non
1832	41,000	6	0,721	Non
1833	41,000	6	0,721	Non
1834	41,000	6	0,721	Non
1835	41,500	6	0,705	Non
1836	41,500	6	0,705	Non
1837	41,500	7	0,819	Non
1838	42,000	7	0,798	Non
1839	42,000	7	0,798	Non
1840	42,500	7	0,780	Non
1841	42,500	8	0,889	Non
1842	42,500	8	0,889	Non
1843	42,500	8	0,887	Non
1844	42,500	8	0,887	Non
1845	42,500	8	0,887	Non
1846	43,000	8	0,866	Non
1847	43,000	8	0,866	Non
1848	43,000	8	0,866	Non
1849	42,500	8	0,887	Non
1850	42,500	8	0,887	Non
1851	42,000	8	0,909	Non
1852	42,500	8	0,887	Non
1853	42,500	8	0,887	Non
1854	43,000	9	0,974	Non
1855	42,500	9	0,997	Non
1856	42,500	9	0,997	Non
1857	43,000	9	0,973	Non
1858	43,500	9	0,951	Non
1859	44,000	9	0,930	Non
1860	44,000	9	0,930	Non
1861	44,000	9	0,930	Non
1862	44,000	9	0,930	Non
1863	44,000	9	0,930	Non
1864	44,000	9	0,930	Non
1865	43,500	9	0,951	Non
1866	43,500	9	0,951	Non
1867	44,000	9	0,930	Non
1868	44,000	9	0,930	Non
1869	44,000	9	0,930	Non
1870	44,500	9	0,910	Non
1871	44,500	9	0,910	Non
1872	44,500	9	0,910	Non
1873	45,000	9	0,889	Non
1874	44,500	9	0,910	Non
1875	44,500	9	0,910	Non
1876	44,000	9	0,930	Non
1877	44,500	9	0,910	Non
1878	45,000	9	0,889	Non
1879	45,000	9	0,889	Non
1880	45,500	10	0,967	Non
1881	46,000	10	0,946	Non
1882	46,500	10	0,925	Non
1883	46,500	10	0,925	Non
1884	47,000	10	0,905	Non
1885	47,500	11	0,975	Non
1886	47,500	11	0,976	Non
1887	47,500	11	0,976	Non
1888	47,500	11	0,976	Non
1889	48,000	11	0,957	Non
1890	48,000	11	0,959	Non
1891	48,000	11	0,959	Non
1892	48,000	11	0,959	Non
1893	48,000	11	0,959	Non
1894	48,000	11	0,959	Non
1895	47,500	11	0,978	Non
1896	48,000	11	0,957	Non
1897	48,000	11	0,957	Non
1898	47,500	11	0,978	Non
1899	47,500	11	0,978	Non
1900	47,000	11	0,998	Non
1901	46,500	11	1,019	Non
1902	46,000	11	1,040	Non
1903	46,000	11	1,040	Non
1904	46,000	11	1,040	Non
1905	46,000	11	1,040	Non
1906	45,500	11	1,064	Non
1907	45,500	11	1,064	Non
1908	45,000	11	1,089	Non
1909	45,500	11	1,064	Non
1910	46,000	11	1,040	Non
1911	46,000	11	1,040	Non
1912	46,500	11	1,018	Non
1913	46,000	11	1,040	Non
1914	46,000	11	1,040	Non
1915	46,000	11	1,040	Non
1916	46,000	11	1,040	Non
1917	46,000	11	1,040	Non
1918	46,000	11	1,040	Non
1919	45,500	11	1,063	Non
1920	45,500	11	1,064	Non
1921	46,000	11	1,040	Non
1922	46,000	11	1,040	Non
1923	45,500	11	1,064	Non
1924	45,500	11	1,064	Non
1925	45,000	10	0,990	Non
1926	44,500	10	1,011	Non
1927	45,000	10	0,990	Non
1928	45,000	10	0,990	Non
1929	45,000	10	0,990	Non
1930	45,000	10	0,990	Non
1931	45,000	10	0,990	Non
1932	45,500	11	1,066	Non
1933	45,500	11	1,069	Non
1934	45,500	11	1,069	Non
1935	46,000	11	1,044	Non
1936	45,500	11	1,066	Non
1937	45,500	11	1,066	Non
1938	46,000	11	1,044	Non
1939	46,000	11	1,044	Non
1940	46,000	11	1,042	Non
1941	46,000	12	1,136	Non
1942	46,500	12	1,113	Non
1943	47,000	12	1,088	Non
1944	47,500	12	1,065	Non
1945	47,500	12	1,065	Non
1946	47,500	12	1,065	Non
1947	47,500	12	1,065	Non
1948	47,500	12	1,065	Non
1949	47,000	12	1,087	Non
1950	47,000	12	1,087	Non
1951	47,000	12	1,086	Non
1952	47,000	12	1,086	Non
1953	47,500	12	1,064	Non
1954	47,500	12	1,064	Non
1955	47,000	12	1,087	Non
1956	46,500	12	1,110	Non
1957	46,500	12	1,110	Non
1958	47,000	12	1,086	Non
1959	47,000	12	1,087	Non
1960	47,000	12	1,087	Non
1961	47,500	12	1,065	Non
1962	47,500	12	1,065	Non
1963	48,000	13	1,130	Non
1964	48,000	13	1,133	Non
1965	48,000	13	1,133	Non
1966	48,000	13	1,136	Non
1967	48,000	13	1,136	Non
1968	48,000	13	1,133	Non
1969	47,500	13	1,156	Non
1970	48,000	13	1,130	Non
1971	48,000	13	1,130	Non
1972	48,000	13	1,130	Non
1973	48,500	13	1,106	Non
1974	48,000	13	1,129	Non
1975	47,500	12	1,065	Non
1976	47,500	12	1,064	Non
1977	48,000	13	1,129	Non
1978	48,500	13	1,106	Non
1979	49,000	13	1,085	Non
1980	49,000	13	1,085	Non
1981	48,500	13	1,106	Non
1982	48,000	13	1,129	Non
1983	48,000	12	1,042	Non
1984	48,000	12	1,042	Non
1985	48,000	12	1,042	Non
1986	48,000	12	1,042	Non
1987	48,000	11	0,955	Non
1988	47,500	11	0,975	Non
1989	47,500	11	0,975	Non
1990	47,500	11	0,976	Non
1991	48,000	11	0,955	Non
1992	48,500	11	0,935	Non
1993	48,500	11	0,935	Non
1994	48,500	11	0,935	Non
1995	48,500	11	0,935	Non
1996	48,500	11	0,935	Non
1997	48,500	11	0,935	Non
1998	49,000	12	1,000	Non
1999	49,000	12	1,000	Non
2000	49,500	12	0,980	Non
2001	49,500	13	1,061	Non
2002	49,500	13	1,061	Non
2003	50,000	13	1,040	Oui
2004	50,000	13	1,040	Oui
2005	49,500	13	1,062	Non
2006	49,500	13	1,061	Non
2007	49,500	13	1,061	Non
2008	49,500	13	1,061	Non
2009	50,000	13	1,040	Oui
2010	50,000	14	1,120	Oui
2011	50,000	14	1,120	Oui
2012	50,000	14	1,120	Oui
2013	50,500	14	1,098	Oui
2014	50,500	14	1,098	Oui
2015	50,500	14	1,098	Oui
2016	50,500	14	1,098	Oui
2017	50,000	14	1,120	Oui
2018	50,500	14	1,098	Oui
2019	50,500	14	1,098	Oui
2020	51,000	14	1,077	Oui
2021	51,500	14	1,057	Oui
2022	52,000	15	1,110	Oui
2023	51,500	15	1,132	Oui
2024	51,000	14	1,077	Oui
2025	51,000	14	1,077	Oui
2026	50,500	14	1,099	Oui
2027	51,000	14	1,078	Oui
2028	51,500	15	1,132	Oui
2029	52,000	15	1,111	Oui
2030	52,000	15	1,111	Oui
2031	52,000	15	1,111	Oui
2032	51,500	15	1,132	Oui
2033	52,000	15	1,111	Oui
2034	52,000	15	1,111	Oui
2035	52,000	15	1,111	Oui
2036	51,500	14	1,057	Oui
2037	51,000	14	1,078	Oui
2038	50,500	14	1,101	Oui
2039	50,500	14	1,101	Oui
2040	50,000	13	1,042	Oui
2041	49,500	13	1,064	Non
2042	50,000	13	1,042	Oui
2043	50,000	13	1,042	Oui
2044	50,000	13	1,042	Oui
2045	50,500	13	1,022	Oui
2046	50,000	13	1,044	Oui
2047	50,000	13	1,044	Oui
2048	50,500	14	1,101	Oui
2049	50,500	14	1,101	Oui
2050	51,000	14	1,080	Oui
2051	51,500	14	1,061	Oui
2052	51,000	14	1,083	Oui
2053	51,000	13	1,003	Oui
2054	50,500	13	1,024	Oui
2055	50,500	13	1,024	Oui
2056	51,000	13	1,006	Oui
2057	50,500	13	1,028	Oui
2058	50,000	13	1,051	Oui
2059	49,500	13	1,070	Non
2060	49,500	13	1,070	Non
2061	49,000	13	1,090	Non
2062	49,000	13	1,090	Non
2063	49,500	13	1,070	Non
2064	50,000	14	1,127	Oui
2065	50,500	14	1,107	Oui
2066	50,500	14	1,107	Oui
2067	50,500	14	1,111	Oui
2068	50,500	15	1,186	Oui
2069	50,500	15	1,186	Oui
2070	50,500	15	1,186	Oui
2071	50,500	15	1,186	Oui
2072	51,000	15	1,165	Oui
2073	50,500	15	1,186	Oui
2074	51,000	15	1,165	Oui
2075	51,500	15	1,144	Oui
2076	52,000	15	1,124	Oui
2077	52,000	15	1,130	Oui
2078	52,000	15	1,130	Oui
2079	52,000	15	1,124	Oui
2080	51,500	15	1,149	Oui
2081	51,500	15	1,149	Oui
2082	51,500	16	1,220	Oui
2083	51,500	16	1,220	Oui
2084	51,500	16	1,216	Oui
2085	51,000	16	1,242	Oui
2086	51,000	16	1,248	Oui
2087	51,000	16	1,248	Oui
2088	51,500	16	1,226	Oui
2089	51,500	17	1,303	Oui
2090	51,500	17	1,303	Oui
2091	51,500	17	1,297	Oui
2092	51,500	17	1,297	Oui
2093	51,500	17	1,297	Oui
2094	51,000	17	1,326	Oui
2095	51,000	17	1,326	Oui
2096	50,500	17	1,349	Oui
2097	51,000	17	1,326	Oui
2098	51,500	18	1,373	Oui
2099	51,500	18	1,373	Oui
2100	52,000	18	1,344	Oui
2101	52,500	18	1,321	Oui
2102	52,500	18	1,321	Oui
2103	52,000	18	1,349	Oui
2104	51,500	18	1,379	Oui
2105	51,500	18	1,379	Oui
2106	52,000	18	1,349	Oui
2107	52,000	18	1,349	Oui
2108	52,500	18	1,326	Oui
2109	52,000	18	1,349	Oui
2110	52,000	18	1,344	Oui
2111	51,500	18	1,368	Oui
2112	51,000	18	1,393	Oui
2113	51,000	18	1,393	Oui
2114	50,500	18	1,423	Oui
2115	50,000	18	1,449	Oui
2116	50,500	18	1,423	Oui
2117	50,500	18	1,429	Oui
2118	51,000	18	1,404	Oui
2119	51,500	19	1,449	Oui
2120	51,000	19	1,481	Oui
2121	51,000	19	1,481	Oui
2122	51,500	19	1,456	Oui
2123	51,500	19	1,456	Oui
2124	52,000	19	1,431	Oui
2125	52,000	19	1,431	Oui
2126	52,500	19	1,400	Oui
2127	52,500	19	1,407	Oui
2128	53,000	20	1,449	Oui
2129	53,000	20	1,449	Oui
2130	53,500	20	1,418	Oui
2131	53,000	19	1,370	Oui
2132	53,000	19	1,377	Oui
2133	52,500	19	1,407	Oui
2134	52,500	19	1,407	Oui
2135	52,500	19	1,407	Oui
2136	53,000	20	1,449	Oui
2137	53,000	20	1,449	Oui
2138	52,500	20	1,481	Oui
2139	53,000	20	1,449	Oui
2140	52,500	19	1,400	Oui
2141	52,500	19	1,400	Oui
2142	52,000	19	1,431	Oui
2143	52,000	19	1,424	Oui
2144	52,000	19	1,418	Oui
2145	52,500	19	1,394	Oui
2146	52,500	19	1,394	Oui
2147	52,500	19	1,394	Oui
2148	53,000	19	1,370	Oui
2149	53,000	19	1,370	Oui
2150	53,500	19	1,348	Oui
2151	53,000	19	1,370	Oui
2152	53,000	19	1,370	Oui
2153	53,000	19	1,370	Oui
2154	53,500	19	1,348	Oui
2155	53,500	19	1,348	Oui
2156	54,000	19	1,325	Oui
2157	54,000	19	1,332	Oui
2158	53,500	18	1,283	Oui
2159	53,000	18	1,311	Oui
2160	53,000	18	1,320	Oui
2161	53,000	18	1,329	Oui
2162	52,500	17	1,275	Oui
2163	52,000	17	1,306	Oui
2164	52,000	17	1,306	Oui
2165	52,000	17	1,306	Oui
2166	51,500	17	1,338	Oui
2167	52,000	17	1,306	Oui
2168	52,000	17	1,296	Oui
2169	52,500	17	1,267	Oui
2170	52,000	17	1,288	Oui
2171	52,000	17	1,288	Oui
