	C+G(%)	CpG(%)	C	A	T	G
 sequence entiere	50,000	6,034	590	565	620	595
 
 
Fenetres	C+G(%)	CpG	Rapport CpG	Ilot CpG
1	53,500	14	0,982	Oui
2	53,500	15	1,050	Oui
3	53,500	15	1,050	Oui
4	53,500	15	1,050	Oui
5	53,000	15	1,071	Oui
6	53,500	15	1,053	Oui
7	53,500	16	1,123	Oui
8	53,500	16	1,123	Oui
9	54,000	16	1,103	Oui
10	53,500	16	1,123	Oui
11	53,500	16	1,120	Oui
12	53,500	16	1,120	Oui
13	53,500	16	1,120	Oui
14	53,500	16	1,120	Oui
15	54,000	16	1,101	Oui
16	54,000	16	1,103	Oui
17	53,500	16	1,126	Oui
18	53,000	16	1,149	Oui
19	53,500	16	1,126	Oui
20	53,500	16	1,126	Oui
21	53,500	16	1,126	Oui
22	53,500	16	1,123	Oui
23	53,000	16	1,143	Oui
24	53,500	16	1,123	Oui
25	53,500	16	1,123	Oui
26	53,500	16	1,123	Oui
27	53,000	16	1,143	Oui
28	53,000	16	1,143	Oui
29	53,500	16	1,123	Oui
30	53,500	16	1,126	Oui
31	54,000	17	1,172	Oui
32	54,500	17	1,149	Oui
33	55,000	17	1,130	Oui
34	54,500	17	1,149	Oui
35	55,000	17	1,130	Oui
36	54,500	17	1,149	Oui
37	55,000	17	1,130	Oui
38	54,500	17	1,149	Oui
39	55,000	17	1,130	Oui
40	55,000	17	1,130	Oui
41	54,500	17	1,149	Oui
42	54,500	17	1,149	Oui
43	55,000	17	1,130	Oui
44	55,000	18	1,196	Oui
45	55,500	18	1,173	Oui
46	55,000	17	1,127	Oui
47	55,000	17	1,127	Oui
48	54,500	16	1,080	Oui
49	54,000	16	1,101	Oui
50	54,000	16	1,101	Oui
51	54,000	16	1,103	Oui
52	54,000	16	1,103	Oui
53	54,500	16	1,085	Oui
54	54,500	17	1,153	Oui
55	54,500	17	1,153	Oui
56	54,000	17	1,176	Oui
57	54,500	17	1,153	Oui
58	54,500	17	1,149	Oui
59	54,500	17	1,149	Oui
60	54,000	16	1,101	Oui
61	54,000	16	1,103	Oui
62	53,500	16	1,123	Oui
63	54,000	16	1,103	Oui
64	53,500	16	1,126	Oui
65	53,000	16	1,146	Oui
66	53,500	16	1,126	Oui
67	53,500	16	1,130	Oui
68	53,000	15	1,078	Oui
69	52,500	15	1,101	Oui
70	52,500	15	1,101	Oui
71	53,000	16	1,149	Oui
72	53,000	16	1,149	Oui
73	52,500	16	1,170	Oui
74	52,500	16	1,170	Oui
75	52,500	16	1,174	Oui
76	52,500	16	1,179	Oui
77	52,500	16	1,179	Oui
78	52,000	16	1,199	Oui
79	52,000	15	1,120	Oui
80	52,000	15	1,120	Oui
81	52,500	15	1,096	Oui
82	52,500	15	1,101	Oui
83	52,500	15	1,101	Oui
84	52,500	15	1,101	Oui
85	52,500	15	1,101	Oui
86	52,500	15	1,101	Oui
87	52,500	15	1,101	Oui
88	52,500	15	1,101	Oui
89	53,000	15	1,078	Oui
90	52,500	15	1,101	Oui
91	52,000	15	1,120	Oui
92	52,000	15	1,120	Oui
93	51,500	15	1,140	Oui
94	52,000	15	1,120	Oui
95	52,000	15	1,120	Oui
96	52,000	15	1,124	Oui
97	52,000	15	1,120	Oui
98	52,000	15	1,124	Oui
99	52,000	15	1,124	Oui
100	52,500	15	1,101	Oui
101	52,000	15	1,124	Oui
102	52,000	15	1,130	Oui
103	52,000	16	1,199	Oui
104	52,000	16	1,199	Oui
105	51,500	16	1,226	Oui
106	51,500	16	1,226	Oui
107	51,000	16	1,254	Oui
108	51,500	16	1,226	Oui
109	52,000	16	1,199	Oui
110	52,500	16	1,174	Oui
111	52,500	16	1,174	Oui
112	52,500	15	1,101	Oui
113	52,000	15	1,124	Oui
114	52,500	15	1,105	Oui
115	53,000	16	1,154	Oui
116	53,000	16	1,154	Oui
117	53,500	16	1,135	Oui
118	54,000	17	1,181	Oui
119	54,000	16	1,111	Oui
120	53,500	16	1,135	Oui
121	53,000	16	1,159	Oui
122	52,500	16	1,179	Oui
123	52,500	16	1,174	Oui
124	52,000	16	1,194	Oui
125	52,500	16	1,174	Oui
126	52,000	16	1,194	Oui
127	52,000	16	1,194	Oui
128	51,500	16	1,216	Oui
129	52,000	16	1,190	Oui
130	52,500	16	1,170	Oui
131	53,000	16	1,149	Oui
132	53,000	16	1,154	Oui
133	53,000	16	1,154	Oui
134	53,000	16	1,149	Oui
135	52,500	15	1,096	Oui
136	52,500	15	1,096	Oui
137	52,500	15	1,096	Oui
138	53,000	15	1,078	Oui
139	52,500	15	1,101	Oui
140	53,000	15	1,082	Oui
141	53,000	15	1,082	Oui
142	52,500	15	1,105	Oui
143	52,500	15	1,105	Oui
144	53,000	15	1,087	Oui
145	53,000	15	1,087	Oui
146	53,500	15	1,069	Oui
147	53,000	15	1,093	Oui
148	53,000	15	1,093	Oui
149	53,500	15	1,069	Oui
150	53,000	15	1,093	Oui
151	53,500	15	1,069	Oui
152	53,500	15	1,064	Oui
153	54,000	15	1,042	Oui
154	54,500	15	1,020	Oui
155	54,000	15	1,042	Oui
156	54,000	15	1,042	Oui
157	54,000	15	1,046	Oui
158	53,500	15	1,069	Oui
159	53,500	15	1,064	Oui
160	53,500	15	1,064	Oui
161	53,000	15	1,082	Oui
162	52,500	15	1,101	Oui
163	53,000	15	1,078	Oui
164	52,500	15	1,101	Oui
165	52,000	15	1,120	Oui
166	52,000	14	1,045	Oui
167	51,500	14	1,068	Oui
168	51,500	14	1,068	Oui
169	51,000	14	1,087	Oui
170	51,500	14	1,064	Oui
171	51,500	14	1,068	Oui
172	51,000	14	1,092	Oui
173	50,500	14	1,111	Oui
174	50,000	13	1,051	Oui
175	50,000	13	1,051	Oui
176	50,000	13	1,051	Oui
177	50,000	12	0,966	Oui
178	50,000	12	0,966	Oui
179	50,500	12	0,949	Oui
180	51,000	12	0,932	Oui
181	51,000	12	0,932	Oui
182	50,500	11	0,870	Oui
183	50,000	11	0,889	Oui
184	50,500	11	0,870	Oui
185	51,000	11	0,851	Oui
186	51,000	11	0,849	Oui
187	51,000	11	0,849	Oui
188	51,500	11	0,831	Oui
189	51,500	11	0,831	Oui
190	52,000	11	0,815	Oui
191	52,000	11	0,814	Oui
192	52,500	11	0,798	Oui
193	53,000	11	0,783	Oui
194	53,000	11	0,783	Oui
195	53,500	11	0,769	Oui
196	53,000	11	0,783	Oui
197	53,000	11	0,783	Oui
198	52,500	10	0,726	Oui
199	52,000	10	0,740	Oui
200	51,500	10	0,754	Oui
201	51,500	9	0,679	Oui
202	51,000	9	0,692	Oui
203	51,000	9	0,692	Oui
204	51,500	9	0,679	Oui
205	52,000	9	0,667	Oui
206	52,000	8	0,593	Non
207	52,000	9	0,667	Oui
208	52,000	9	0,667	Oui
209	51,500	9	0,680	Oui
210	52,000	9	0,668	Oui
211	52,000	9	0,668	Oui
212	52,500	9	0,655	Oui
213	52,500	9	0,655	Oui
214	53,000	9	0,643	Oui
215	53,000	9	0,643	Oui
216	53,000	10	0,716	Oui
217	53,000	10	0,716	Oui
218	53,500	10	0,704	Oui
219	53,500	10	0,702	Oui
220	54,000	11	0,759	Oui
221	54,500	11	0,746	Oui
222	54,000	11	0,759	Oui
223	54,000	11	0,759	Oui
224	54,000	11	0,759	Oui
225	54,000	11	0,759	Oui
226	54,000	11	0,759	Oui
227	54,000	11	0,759	Oui
228	54,000	11	0,759	Oui
229	54,000	11	0,761	Oui
230	54,000	10	0,694	Oui
231	53,500	10	0,706	Oui
232	53,500	10	0,706	Oui
233	53,500	10	0,709	Oui
234	53,500	10	0,709	Oui
235	53,000	10	0,725	Oui
236	53,000	10	0,725	Oui
237	52,500	10	0,741	Oui
238	52,500	10	0,741	Oui
239	52,000	10	0,758	Oui
240	52,500	10	0,745	Oui
241	53,000	10	0,729	Oui
242	53,500	11	0,789	Oui
243	53,000	10	0,733	Oui
244	53,000	10	0,729	Oui
245	53,000	10	0,725	Oui
246	53,000	10	0,725	Oui
247	53,000	10	0,721	Oui
248	53,500	10	0,706	Oui
249	54,000	11	0,764	Oui
250	54,000	11	0,764	Oui
251	54,000	11	0,767	Oui
252	54,000	11	0,767	Oui
253	53,500	10	0,713	Oui
254	53,000	10	0,725	Oui
255	53,500	10	0,709	Oui
256	53,500	10	0,709	Oui
257	53,000	10	0,721	Oui
258	52,500	10	0,734	Oui
259	52,500	10	0,734	Oui
260	53,000	10	0,721	Oui
261	53,000	10	0,725	Oui
262	53,000	10	0,725	Oui
263	52,500	10	0,741	Oui
264	52,500	10	0,741	Oui
265	52,500	10	0,741	Oui
266	52,500	10	0,741	Oui
267	52,000	10	0,758	Oui
268	52,500	10	0,741	Oui
269	52,500	10	0,741	Oui
270	52,000	9	0,682	Oui
271	52,000	9	0,678	Oui
272	51,500	9	0,693	Oui
273	51,500	9	0,693	Oui
274	51,500	9	0,693	Oui
275	51,000	9	0,709	Oui
276	51,000	9	0,709	Oui
277	51,000	9	0,709	Oui
278	51,000	9	0,709	Oui
279	51,000	9	0,705	Oui
280	51,000	10	0,784	Oui
281	50,500	10	0,797	Oui
282	50,000	10	0,816	Oui
283	50,500	10	0,802	Oui
284	50,500	10	0,802	Oui
285	50,500	10	0,802	Oui
286	50,000	10	0,821	Oui
287	50,000	10	0,821	Oui
288	50,500	10	0,807	Oui
289	50,500	10	0,807	Oui
290	50,500	10	0,807	Oui
291	51,000	10	0,794	Oui
292	51,000	10	0,794	Oui
293	51,500	10	0,781	Oui
294	51,000	10	0,800	Oui
295	51,500	10	0,787	Oui
296	51,500	9	0,708	Oui
297	51,000	9	0,720	Oui
298	51,000	9	0,726	Oui
299	51,500	9	0,714	Oui
300	51,500	9	0,708	Oui
301	51,500	9	0,708	Oui
302	51,500	8	0,629	Oui
303	51,000	8	0,640	Oui
304	51,500	8	0,629	Oui
305	52,000	8	0,614	Oui
306	52,000	8	0,614	Oui
307	52,000	8	0,614	Oui
308	52,000	8	0,614	Oui
309	51,500	8	0,625	Oui
310	51,000	8	0,635	Oui
311	51,000	8	0,635	Oui
312	51,000	8	0,635	Oui
313	51,000	8	0,635	Oui
314	51,000	7	0,556	Non
315	50,500	7	0,565	Non
316	50,500	7	0,565	Non
317	50,000	6	0,496	Non
318	49,500	6	0,505	Non
319	49,500	6	0,508	Non
320	50,000	6	0,500	Non
321	50,500	6	0,488	Non
322	50,500	6	0,488	Non
323	50,000	6	0,496	Non
324	50,500	6	0,488	Non
325	50,500	6	0,488	Non
326	50,500	6	0,488	Non
327	50,000	6	0,500	Non
328	50,500	6	0,488	Non
329	50,000	6	0,496	Non
330	49,500	6	0,508	Non
331	49,000	6	0,522	Non
332	49,000	6	0,522	Non
333	49,000	6	0,522	Non
334	49,000	6	0,522	Non
335	49,500	6	0,508	Non
336	49,500	6	0,505	Non
337	49,000	6	0,517	Non
338	48,500	6	0,531	Non
339	48,500	6	0,531	Non
340	48,500	6	0,535	Non
341	49,000	6	0,526	Non
342	49,000	6	0,526	Non
343	49,000	6	0,526	Non
344	48,500	6	0,541	Non
345	48,500	6	0,541	Non
346	48,000	6	0,556	Non
347	48,500	6	0,546	Non
348	49,000	6	0,532	Non
349	49,000	7	0,620	Non
350	49,000	7	0,620	Non
351	49,000	7	0,620	Non
352	48,500	7	0,631	Non
353	48,500	7	0,631	Non
354	48,000	7	0,641	Non
355	48,500	7	0,624	Non
356	49,000	8	0,702	Non
357	48,500	8	0,721	Non
358	48,500	8	0,721	Non
359	48,000	8	0,733	Non
360	48,000	8	0,733	Non
361	48,500	8	0,714	Non
362	48,500	8	0,714	Non
363	48,000	8	0,726	Non
364	48,500	8	0,707	Non
365	49,000	9	0,782	Non
366	48,500	9	0,803	Non
367	48,500	9	0,803	Non
368	49,000	9	0,789	Non
369	49,500	9	0,777	Non
370	49,000	9	0,789	Non
371	48,500	9	0,811	Non
372	48,500	9	0,811	Non
373	49,000	9	0,798	Non
374	49,000	9	0,798	Non
375	49,000	9	0,798	Non
376	49,500	9	0,777	Non
377	49,000	9	0,789	Non
378	48,500	9	0,803	Non
379	48,000	9	0,825	Non
380	47,500	9	0,847	Non
381	47,500	9	0,847	Non
382	48,000	10	0,926	Non
383	48,000	10	0,926	Non
384	47,500	10	0,942	Non
385	47,000	10	0,958	Non
386	47,000	10	0,948	Non
387	47,000	10	0,948	Non
388	46,500	10	0,965	Non
389	47,000	10	0,940	Non
390	46,500	10	0,957	Non
391	46,500	10	0,950	Non
392	46,500	11	1,045	Non
393	46,500	11	1,038	Non
394	47,000	12	1,111	Non
395	47,000	12	1,119	Non
396	47,500	12	1,099	Non
397	47,500	12	1,099	Non
398	48,000	12	1,080	Non
399	48,500	12	1,053	Non
400	49,000	13	1,121	Non
401	49,000	13	1,121	Non
402	49,000	13	1,121	Non
403	49,000	13	1,121	Non
404	49,000	13	1,113	Non
405	48,500	13	1,132	Non
406	48,000	12	1,071	Non
407	47,500	12	1,091	Non
408	47,500	12	1,091	Non
409	47,500	12	1,091	Non
410	47,000	12	1,111	Non
411	46,500	12	1,132	Non
412	46,000	12	1,161	Non
413	46,000	12	1,161	Non
414	45,500	12	1,183	Non
415	45,000	11	1,113	Non
416	45,000	11	1,106	Non
417	45,500	11	1,078	Non
418	45,500	11	1,073	Non
419	45,000	10	1,000	Non
420	44,500	10	1,020	Non
421	44,000	10	1,042	Non
422	44,500	10	1,016	Non
423	44,500	10	1,016	Non
424	44,500	10	1,020	Non
425	44,500	10	1,020	Non
426	45,000	11	1,100	Non
427	45,500	11	1,078	Non
428	46,000	11	1,058	Non
429	46,000	11	1,058	Non
430	45,500	11	1,078	Non
431	45,500	11	1,078	Non
432	45,500	11	1,073	Non
433	45,500	12	1,171	Non
434	46,000	12	1,148	Non
435	46,000	12	1,148	Non
436	46,500	12	1,120	Non
437	47,000	12	1,094	Non
438	47,500	13	1,163	Non
439	47,500	13	1,163	Non
440	47,500	13	1,163	Non
441	47,500	12	1,073	Non
442	47,000	12	1,094	Non
443	47,500	12	1,070	Non
444	47,500	12	1,070	Non
445	47,500	13	1,163	Non
446	47,500	13	1,163	Non
447	47,000	13	1,190	Non
448	46,500	12	1,126	Non
449	46,000	12	1,148	Non
450	45,500	12	1,171	Non
451	45,500	12	1,171	Non
452	45,500	12	1,171	Non
453	45,500	12	1,171	Non
454	45,500	12	1,171	Non
455	45,500	12	1,176	Non
456	45,500	12	1,176	Non
457	46,000	12	1,148	Non
458	46,500	12	1,120	Non
459	47,000	13	1,190	Non
460	47,000	13	1,186	Non
461	46,500	13	1,209	Non
462	46,500	13	1,209	Non
463	47,000	13	1,186	Non
464	47,500	13	1,163	Non
465	48,000	13	1,136	Non
466	47,500	13	1,163	Non
467	47,500	13	1,163	Non
468	47,000	13	1,190	Non
469	47,000	13	1,190	Non
470	47,000	13	1,190	Non
471	46,500	13	1,220	Non
472	46,500	13	1,220	Non
473	46,500	13	1,220	Non
474	47,000	13	1,190	Non
475	47,000	13	1,190	Non
476	47,000	13	1,190	Non
477	47,500	14	1,258	Non
478	47,500	14	1,258	Non
479	47,500	13	1,174	Non
480	47,000	13	1,197	Non
481	47,500	13	1,168	Non
482	47,500	13	1,168	Non
483	47,000	13	1,190	Non
484	47,500	13	1,168	Non
485	47,500	13	1,168	Non
486	48,000	13	1,141	Non
487	48,500	14	1,206	Non
488	48,500	14	1,201	Non
489	48,500	15	1,286	Non
490	49,000	15	1,263	Non
491	48,500	15	1,286	Non
492	49,000	15	1,263	Non
493	48,500	15	1,286	Non
494	49,000	15	1,263	Non
495	48,500	15	1,286	Non
496	48,500	15	1,292	Non
497	48,500	15	1,292	Non
498	48,500	15	1,292	Non
499	48,500	15	1,292	Non
500	48,500	15	1,292	Non
501	49,000	15	1,263	Non
502	48,500	15	1,292	Non
503	48,500	15	1,292	Non
504	48,000	15	1,316	Non
505	48,000	15	1,316	Non
506	48,000	15	1,316	Non
507	48,500	15	1,292	Non
508	48,500	15	1,292	Non
509	49,000	15	1,268	Non
510	49,500	15	1,240	Non
511	49,500	15	1,240	Non
512	49,000	15	1,268	Non
513	49,500	15	1,240	Non
514	49,500	16	1,329	Non
515	50,000	16	1,306	Oui
516	50,500	16	1,276	Oui
517	51,000	17	1,332	Oui
518	51,000	17	1,332	Oui
519	51,000	17	1,326	Oui
520	50,500	17	1,349	Oui
521	50,500	17	1,349	Oui
522	50,500	17	1,349	Oui
523	51,000	17	1,326	Oui
524	51,000	17	1,320	Oui
525	51,000	17	1,320	Oui
526	51,500	18	1,373	Oui
527	51,500	18	1,373	Oui
528	51,000	18	1,404	Oui
529	51,500	18	1,373	Oui
530	51,500	18	1,373	Oui
531	51,500	18	1,373	Oui
532	51,500	18	1,373	Oui
533	52,000	18	1,344	Oui
534	52,000	18	1,339	Oui
535	52,000	18	1,339	Oui
536	51,500	18	1,368	Oui
537	52,000	18	1,344	Oui
538	52,000	18	1,344	Oui
539	52,500	18	1,316	Oui
540	52,000	18	1,339	Oui
541	51,500	18	1,364	Oui
542	52,000	18	1,336	Oui
543	52,500	18	1,309	Oui
544	53,000	18	1,283	Oui
545	53,500	19	1,331	Oui
546	54,000	19	1,307	Oui
547	53,500	19	1,331	Oui
548	53,000	18	1,286	Oui
549	52,500	18	1,309	Oui
550	53,000	18	1,286	Oui
551	52,500	18	1,309	Oui
552	52,500	18	1,309	Oui
553	52,000	18	1,333	Oui
554	52,000	18	1,333	Oui
555	51,500	17	1,285	Oui
556	51,000	17	1,309	Oui
557	51,000	17	1,309	Oui
558	51,500	17	1,285	Oui
559	52,000	17	1,259	Oui
560	52,000	17	1,259	Oui
561	52,000	17	1,262	Oui
562	52,500	17	1,236	Oui
563	52,500	17	1,236	Oui
564	52,500	16	1,166	Oui
565	52,500	16	1,166	Oui
566	53,000	16	1,143	Oui
567	53,500	16	1,120	Oui
568	53,500	17	1,190	Oui
569	53,000	17	1,212	Oui
570	53,500	17	1,189	Oui
571	53,500	17	1,189	Oui
572	53,500	17	1,189	Oui
573	53,500	17	1,189	Oui
574	54,000	17	1,166	Oui
575	54,000	17	1,166	Oui
576	54,000	17	1,166	Oui
577	54,000	17	1,166	Oui
578	54,000	17	1,166	Oui
579	54,000	17	1,166	Oui
580	54,500	17	1,145	Oui
581	54,500	16	1,077	Oui
582	54,000	16	1,097	Oui
583	54,500	16	1,077	Oui
584	55,000	17	1,124	Oui
585	55,500	17	1,104	Oui
586	55,500	17	1,104	Oui
587	56,000	17	1,084	Oui
588	56,000	17	1,084	Oui
589	55,500	17	1,104	Oui
590	55,500	17	1,104	Oui
591	55,000	16	1,058	Oui
592	55,000	16	1,058	Oui
593	55,000	16	1,058	Oui
594	54,500	16	1,077	Oui
595	54,500	16	1,077	Oui
596	54,000	16	1,097	Oui
597	54,000	16	1,098	Oui
598	54,000	17	1,166	Oui
599	53,500	16	1,118	Oui
600	53,000	16	1,140	Oui
601	52,500	16	1,162	Oui
602	53,000	16	1,141	Oui
603	53,000	16	1,141	Oui
604	52,500	16	1,162	Oui
605	53,000	16	1,140	Oui
606	53,000	16	1,140	Oui
607	53,000	16	1,140	Oui
608	53,000	16	1,140	Oui
609	53,000	16	1,140	Oui
610	53,000	16	1,140	Oui
611	53,000	16	1,140	Oui
612	53,500	16	1,118	Oui
613	54,000	16	1,098	Oui
614	54,500	17	1,145	Oui
615	55,000	17	1,124	Oui
616	54,500	17	1,145	Oui
617	54,000	17	1,166	Oui
618	54,000	17	1,166	Oui
619	54,000	17	1,166	Oui
620	54,000	17	1,166	Oui
621	54,500	17	1,145	Oui
622	54,500	17	1,145	Oui
623	55,000	17	1,124	Oui
624	54,500	17	1,146	Oui
625	54,500	16	1,077	Oui
626	54,500	16	1,078	Oui
627	54,500	17	1,146	Oui
628	54,000	17	1,168	Oui
629	54,000	17	1,170	Oui
630	54,000	17	1,170	Oui
631	54,500	17	1,149	Oui
632	54,000	16	1,101	Oui
633	53,500	16	1,123	Oui
634	53,000	16	1,146	Oui
635	53,500	16	1,126	Oui
636	53,000	16	1,146	Oui
637	52,500	15	1,093	Oui
638	52,000	15	1,116	Oui
639	52,000	15	1,116	Oui
640	52,000	15	1,120	Oui
641	51,500	15	1,140	Oui
642	51,500	15	1,140	Oui
643	51,500	15	1,136	Oui
644	51,500	14	1,058	Oui
645	51,000	14	1,080	Oui
646	51,000	14	1,080	Oui
647	51,000	14	1,080	Oui
648	51,000	14	1,080	Oui
649	51,000	14	1,080	Oui
650	51,000	14	1,080	Oui
651	50,500	14	1,103	Oui
652	50,500	14	1,103	Oui
653	50,500	14	1,103	Oui
654	51,000	14	1,083	Oui
655	50,500	14	1,107	Oui
656	51,000	14	1,083	Oui
657	51,000	14	1,080	Oui
658	50,500	13	1,022	Oui
659	50,000	13	1,044	Oui
660	50,000	13	1,042	Oui
661	50,500	13	1,022	Oui
662	50,500	13	1,022	Oui
663	50,500	13	1,024	Oui
664	50,000	13	1,047	Oui
665	50,000	13	1,044	Oui
666	50,500	13	1,024	Oui
667	50,500	13	1,024	Oui
668	50,500	13	1,024	Oui
669	51,000	13	1,006	Oui
670	51,500	13	0,988	Oui
671	52,000	13	0,971	Oui
672	52,500	13	0,954	Oui
673	52,500	13	0,954	Oui
674	52,500	13	0,950	Oui
675	53,000	13	0,934	Oui
676	53,000	12	0,862	Oui
677	52,500	12	0,880	Oui
678	53,000	12	0,862	Oui
679	52,500	12	0,880	Oui
680	52,500	12	0,880	Oui
681	52,000	12	0,896	Oui
682	52,000	12	0,896	Oui
683	52,500	12	0,877	Oui
684	52,500	12	0,880	Oui
685	53,000	12	0,865	Oui
686	52,500	11	0,807	Oui
687	52,500	11	0,807	Oui
688	52,500	10	0,734	Oui
689	52,000	10	0,750	Oui
690	51,500	10	0,766	Oui
691	52,000	10	0,753	Oui
692	51,500	10	0,770	Oui
693	52,000	10	0,753	Oui
694	52,000	10	0,753	Oui
695	52,500	10	0,741	Oui
696	52,000	10	0,758	Oui
697	52,000	10	0,758	Oui
698	52,000	10	0,762	Oui
699	52,000	10	0,768	Oui
700	52,000	10	0,768	Oui
701	51,500	10	0,781	Oui
702	52,000	10	0,768	Oui
703	52,500	10	0,756	Oui
704	53,000	11	0,812	Oui
705	52,500	11	0,825	Oui
706	52,500	11	0,825	Oui
707	52,500	11	0,825	Oui
708	52,000	11	0,845	Oui
709	52,000	11	0,852	Oui
710	51,500	11	0,865	Oui
711	51,500	11	0,865	Oui
712	52,000	11	0,852	Oui
713	51,500	10	0,787	Oui
714	51,500	10	0,787	Oui
715	51,500	10	0,794	Oui
716	51,000	9	0,726	Oui
717	50,500	9	0,744	Oui
718	50,500	9	0,744	Oui
719	50,000	9	0,757	Oui
720	50,000	9	0,757	Oui
721	49,500	9	0,769	Non
722	49,500	9	0,769	Non
723	49,500	9	0,769	Non
724	49,500	9	0,763	Non
725	49,000	8	0,690	Non
726	48,500	8	0,707	Non
727	49,000	8	0,690	Non
728	49,500	8	0,678	Non
729	49,000	8	0,690	Non
730	49,500	8	0,673	Non
731	50,000	8	0,657	Oui
732	50,000	8	0,657	Oui
733	49,500	8	0,668	Non
734	49,500	8	0,668	Non
735	49,500	8	0,668	Non
736	49,500	8	0,668	Non
737	49,000	8	0,685	Non
738	49,500	8	0,673	Non
739	49,500	8	0,673	Non
740	49,500	8	0,673	Non
741	49,500	8	0,673	Non
742	49,500	8	0,673	Non
743	49,500	9	0,752	Non
744	49,000	8	0,680	Non
745	49,000	8	0,680	Non
746	48,500	8	0,697	Non
747	49,000	8	0,685	Non
748	49,000	8	0,685	Non
749	49,500	8	0,673	Non
750	49,500	8	0,678	Non
751	49,500	8	0,678	Non
752	49,500	8	0,678	Non
753	49,500	8	0,678	Non
754	49,500	8	0,678	Non
755	50,000	8	0,661	Oui
756	50,000	8	0,661	Oui
757	50,500	8	0,646	Oui
758	50,000	8	0,661	Oui
759	50,000	8	0,661	Oui
760	50,500	8	0,650	Oui
761	50,000	8	0,667	Oui
762	49,500	8	0,678	Non
763	49,500	8	0,678	Non
764	49,500	8	0,684	Non
765	49,500	9	0,769	Non
766	49,000	9	0,782	Non
767	48,500	8	0,707	Non
768	48,500	8	0,707	Non
769	48,500	8	0,707	Non
770	48,000	8	0,720	Non
771	48,000	8	0,720	Non
772	48,500	8	0,702	Non
773	48,500	8	0,702	Non
774	48,000	8	0,714	Non
775	48,000	8	0,710	Non
776	47,500	8	0,723	Non
777	47,500	8	0,723	Non
778	47,500	8	0,723	Non
779	47,500	8	0,723	Non
780	47,500	8	0,727	Non
781	47,000	8	0,741	Non
782	47,000	8	0,741	Non
783	47,000	7	0,644	Non
784	47,000	7	0,648	Non
785	46,500	7	0,665	Non
786	46,000	7	0,677	Non
787	45,500	7	0,690	Non
788	46,000	7	0,677	Non
789	46,500	8	0,755	Non
790	47,000	8	0,741	Non
791	47,500	9	0,813	Non
792	47,000	8	0,736	Non
793	47,000	8	0,741	Non
794	47,500	9	0,813	Non
795	47,000	9	0,833	Non
796	47,500	9	0,813	Non
797	47,000	8	0,736	Non
798	47,000	8	0,741	Non
799	47,000	8	0,741	Non
800	47,000	8	0,741	Non
801	47,500	8	0,723	Non
802	47,000	8	0,736	Non
803	47,000	8	0,736	Non
804	47,000	8	0,736	Non
805	47,000	8	0,736	Non
806	47,000	8	0,736	Non
807	47,500	8	0,719	Non
808	47,000	8	0,736	Non
809	47,000	8	0,736	Non
810	47,000	8	0,736	Non
811	47,500	8	0,719	Non
812	47,000	8	0,736	Non
813	46,500	7	0,657	Non
814	46,500	7	0,660	Non
815	46,000	7	0,673	Non
816	46,500	7	0,657	Non
817	46,500	7	0,657	Non
818	46,000	7	0,670	Non
819	46,000	7	0,670	Non
820	46,000	7	0,670	Non
821	46,000	7	0,667	Non
822	46,000	7	0,664	Non
823	46,000	7	0,664	Non
824	46,500	8	0,742	Non
825	46,000	8	0,759	Non
826	46,000	7	0,663	Non
827	45,500	7	0,678	Non
828	46,000	7	0,664	Non
829	45,500	7	0,678	Non
830	45,500	7	0,678	Non
831	45,000	7	0,693	Non
832	45,000	7	0,693	Non
833	45,500	7	0,678	Non
834	45,500	7	0,678	Non
835	45,500	7	0,677	Non
836	45,500	7	0,677	Non
837	46,000	7	0,663	Non
838	46,500	8	0,741	Non
839	47,000	8	0,725	Non
840	46,500	8	0,740	Non
841	46,500	8	0,740	Non
842	47,000	8	0,724	Non
843	46,500	8	0,740	Non
844	46,000	8	0,757	Non
845	46,500	8	0,740	Non
846	46,500	8	0,740	Non
847	46,500	8	0,740	Non
848	46,500	8	0,740	Non
849	47,000	8	0,724	Non
850	47,000	8	0,724	Non
851	47,500	8	0,709	Non
852	48,000	8	0,695	Non
853	48,500	8	0,681	Non
854	48,500	8	0,681	Non
855	48,500	8	0,681	Non
856	48,500	8	0,682	Non
857	48,500	9	0,767	Non
858	49,000	9	0,753	Non
859	49,500	9	0,738	Non
860	49,500	9	0,741	Non
861	49,000	9	0,755	Non
862	49,500	9	0,741	Non
863	49,000	9	0,755	Non
864	49,000	9	0,755	Non
865	48,500	9	0,772	Non
866	48,500	9	0,769	Non
867	49,000	9	0,753	Non
868	49,500	9	0,738	Non
869	49,000	9	0,753	Non
870	49,000	9	0,753	Non
871	49,000	9	0,753	Non
872	48,500	9	0,767	Non
873	48,500	9	0,767	Non
874	48,000	9	0,784	Non
875	47,500	9	0,800	Non
876	47,000	9	0,816	Non
877	47,000	9	0,816	Non
878	46,500	9	0,835	Non
879	46,500	9	0,835	Non
880	47,000	9	0,816	Non
881	47,000	9	0,816	Non
882	47,000	9	0,816	Non
883	46,500	9	0,835	Non
884	46,500	9	0,835	Non
885	46,500	9	0,835	Non
886	46,500	9	0,835	Non
887	46,500	9	0,837	Non
888	46,000	9	0,854	Non
889	46,500	9	0,837	Non
890	46,500	9	0,837	Non
891	46,500	9	0,835	Non
892	47,000	9	0,816	Non
893	47,000	9	0,818	Non
894	47,000	9	0,821	Non
895	46,500	9	0,837	Non
896	46,500	9	0,837	Non
897	47,000	9	0,818	Non
898	46,500	9	0,835	Non
899	46,000	9	0,852	Non
900	45,500	9	0,870	Non
901	46,000	9	0,851	Non
902	45,500	9	0,870	Non
903	45,000	8	0,790	Non
904	45,000	8	0,790	Non
905	45,000	8	0,790	Non
906	45,500	8	0,773	Non
907	45,500	9	0,870	Non
908	45,500	9	0,870	Non
909	45,500	9	0,870	Non
910	46,000	10	0,945	Non
911	46,000	10	0,945	Non
912	45,500	10	0,966	Non
913	46,000	10	0,945	Non
914	45,500	10	0,966	Non
915	45,500	10	0,966	Non
916	45,500	10	0,966	Non
917	46,000	10	0,946	Non
918	46,500	10	0,926	Non
919	47,000	10	0,907	Non
920	47,000	10	0,907	Non
921	47,500	10	0,889	Non
922	48,000	10	0,870	Non
923	47,500	10	0,887	Non
924	47,000	10	0,906	Non
925	47,000	10	0,906	Non
926	47,000	10	0,906	Non
927	47,000	10	0,905	Non
928	47,000	11	0,996	Non
929	47,500	11	0,976	Non
930	47,500	11	0,976	Non
931	47,000	11	0,996	Non
932	47,000	11	0,998	Non
933	47,000	11	0,998	Non
934	47,000	11	0,998	Non
935	47,000	11	0,998	Non
936	47,000	11	0,998	Non
937	47,000	11	0,998	Non
938	46,500	11	1,020	Non
939	46,500	11	1,023	Non
940	46,500	11	1,023	Non
941	47,000	11	1,003	Non
942	47,000	10	0,916	Non
943	47,000	10	0,916	Non
944	47,500	10	0,898	Non
945	47,500	10	0,898	Non
946	48,000	10	0,882	Non
947	48,000	10	0,887	Non
948	48,000	10	0,887	Non
949	48,000	10	0,887	Non
950	48,000	10	0,887	Non
951	48,000	10	0,887	Non
952	48,000	10	0,887	Non
953	48,500	10	0,871	Non
954	49,000	10	0,850	Non
955	48,500	10	0,866	Non
956	49,000	10	0,850	Non
957	49,000	10	0,850	Non
958	49,500	10	0,831	Non
959	49,500	10	0,831	Non
960	49,000	10	0,850	Non
961	49,000	10	0,850	Non
962	49,500	10	0,835	Non
963	49,500	10	0,835	Non
964	49,000	9	0,770	Non
965	48,500	9	0,784	Non
966	48,500	9	0,784	Non
967	48,500	9	0,784	Non
968	48,000	9	0,798	Non
969	48,500	9	0,784	Non
970	49,000	9	0,770	Non
971	49,500	9	0,752	Non
972	49,500	9	0,748	Non
973	49,500	9	0,744	Non
974	49,500	9	0,744	Non
975	49,000	9	0,758	Non
976	49,500	9	0,744	Non
977	49,500	9	0,744	Non
978	50,000	9	0,727	Oui
979	50,500	9	0,711	Oui
980	50,000	9	0,727	Oui
981	50,500	9	0,711	Oui
982	51,000	9	0,696	Oui
983	51,000	9	0,694	Oui
984	50,500	9	0,709	Oui
985	51,000	9	0,694	Oui
986	51,500	10	0,758	Oui
987	52,000	10	0,742	Oui
988	51,500	9	0,682	Oui
989	51,000	9	0,694	Oui
990	51,000	8	0,619	Oui
991	51,000	8	0,617	Oui
992	51,500	8	0,605	Oui
993	51,000	7	0,540	Non
994	50,500	7	0,550	Non
995	51,000	7	0,540	Non
996	50,500	7	0,550	Non
997	50,500	7	0,550	Non
998	50,500	7	0,550	Non
999	51,000	8	0,617	Oui
1000	51,000	8	0,617	Oui
1001	50,500	8	0,629	Oui
1002	50,500	8	0,629	Oui
1003	51,000	8	0,616	Oui
1004	51,000	8	0,616	Oui
1005	51,000	8	0,616	Oui
1006	51,500	8	0,605	Oui
1007	51,500	8	0,604	Oui
1008	52,000	8	0,592	Non
1009	52,500	8	0,581	Non
1010	52,500	8	0,581	Non
1011	52,500	8	0,581	Non
1012	52,500	8	0,581	Non
1013	52,500	8	0,581	Non
1014	52,000	8	0,592	Non
1015	52,500	8	0,581	Non
1016	52,000	8	0,592	Non
1017	52,500	8	0,581	Non
1018	52,500	8	0,581	Non
1019	53,000	8	0,570	Non
1020	53,000	8	0,570	Non
1021	53,000	8	0,570	Non
1022	52,500	8	0,581	Non
1023	52,000	7	0,518	Non
1024	52,000	7	0,518	Non
1025	52,000	7	0,518	Non
1026	51,500	7	0,528	Non
1027	51,500	7	0,528	Non
1028	51,500	7	0,528	Non
1029	51,500	7	0,528	Non
1030	52,000	7	0,519	Non
1031	52,000	7	0,519	Non
1032	52,000	7	0,519	Non
1033	52,000	7	0,519	Non
1034	52,500	8	0,581	Non
1035	52,500	8	0,581	Non
1036	52,500	8	0,581	Non
1037	52,000	7	0,518	Non
1038	52,000	7	0,518	Non
1039	52,000	7	0,518	Non
1040	52,500	7	0,508	Non
1041	53,000	7	0,499	Non
1042	52,500	7	0,509	Non
1043	53,000	7	0,499	Non
1044	53,500	7	0,490	Non
1045	53,000	7	0,499	Non
1046	53,000	7	0,499	Non
1047	53,000	7	0,499	Non
1048	53,500	7	0,490	Non
1049	53,500	8	0,560	Non
1050	53,500	8	0,560	Non
1051	53,500	8	0,559	Non
1052	53,500	8	0,559	Non
1053	53,000	8	0,570	Non
1054	53,000	8	0,570	Non
1055	53,000	8	0,570	Non
1056	52,500	7	0,508	Non
1057	52,000	7	0,518	Non
1058	52,000	7	0,518	Non
1059	51,500	7	0,528	Non
1060	51,500	7	0,529	Non
1061	51,500	7	0,529	Non
1062	51,500	7	0,530	Non
1063	52,000	7	0,519	Non
1064	52,500	8	0,583	Non
1065	52,500	8	0,583	Non
1066	52,000	8	0,594	Non
1067	51,500	8	0,605	Oui
1068	51,500	8	0,605	Oui
1069	51,500	8	0,605	Oui
1070	51,500	8	0,605	Oui
1071	51,000	8	0,617	Oui
1072	51,000	8	0,617	Oui
1073	51,000	8	0,617	Oui
1074	51,000	8	0,617	Oui
1075	51,500	8	0,606	Oui
1076	51,500	8	0,606	Oui
1077	52,000	8	0,594	Non
1078	52,000	8	0,594	Non
1079	52,000	8	0,594	Non
1080	52,000	8	0,593	Non
1081	52,500	8	0,581	Non
1082	53,000	9	0,642	Oui
1083	53,000	9	0,642	Oui
1084	52,500	9	0,655	Oui
1085	52,000	9	0,668	Oui
1086	52,000	9	0,668	Oui
1087	51,500	9	0,682	Oui
1088	52,000	9	0,668	Oui
1089	52,000	10	0,744	Oui
1090	52,000	10	0,744	Oui
1091	51,500	10	0,758	Oui
1092	51,000	10	0,772	Oui
1093	50,500	10	0,788	Oui
1094	50,500	10	0,788	Oui
1095	50,500	10	0,788	Oui
1096	50,500	10	0,788	Oui
1097	50,000	10	0,803	Oui
1098	50,500	10	0,788	Oui
1099	50,500	10	0,788	Oui
1100	50,500	10	0,788	Oui
1101	50,000	10	0,803	Oui
1102	50,000	10	0,803	Oui
1103	50,500	10	0,788	Oui
1104	50,000	10	0,803	Oui
1105	50,500	10	0,788	Oui
1106	50,500	9	0,711	Oui
1107	50,000	9	0,725	Oui
1108	50,500	9	0,711	Oui
1109	50,000	8	0,646	Oui
1110	49,500	8	0,658	Non
1111	50,000	8	0,646	Oui
1112	50,000	8	0,646	Oui
1113	50,000	8	0,646	Oui
1114	50,000	8	0,646	Oui
1115	50,000	8	0,646	Oui
1116	50,000	8	0,646	Oui
1117	50,000	8	0,644	Oui
1118	49,500	8	0,656	Non
1119	49,500	8	0,656	Non
1120	49,500	8	0,656	Non
1121	49,000	8	0,669	Non
1122	48,500	8	0,684	Non
1123	49,000	8	0,671	Non
1124	49,500	8	0,656	Non
1125	49,500	8	0,656	Non
1126	49,500	8	0,656	Non
1127	49,500	7	0,576	Non
1128	49,500	7	0,576	Non
1129	49,000	7	0,587	Non
1130	49,000	7	0,587	Non
1131	49,500	7	0,574	Non
1132	49,500	7	0,573	Non
1133	50,000	8	0,642	Oui
1134	50,000	8	0,642	Oui
1135	50,000	9	0,725	Oui
1136	50,000	9	0,725	Oui
1137	50,500	9	0,711	Oui
1138	51,000	9	0,696	Oui
1139	51,000	9	0,694	Oui
1140	51,000	9	0,694	Oui
1141	50,500	9	0,708	Oui
1142	50,500	9	0,708	Oui
1143	50,000	9	0,721	Oui
1144	50,000	9	0,720	Oui
1145	49,500	9	0,735	Non
1146	49,000	9	0,750	Non
1147	49,000	9	0,750	Non
1148	49,000	9	0,750	Non
1149	49,000	9	0,750	Non
1150	49,000	9	0,750	Non
1151	49,500	10	0,816	Non
1152	50,000	10	0,800	Oui
1153	50,000	10	0,800	Oui
1154	50,000	11	0,880	Oui
1155	50,000	11	0,880	Oui
1156	49,500	11	0,898	Non
1157	49,000	11	0,917	Non
1158	48,500	11	0,935	Non
1159	48,500	11	0,935	Non
1160	48,500	11	0,935	Non
1161	48,500	11	0,935	Non
1162	48,500	11	0,935	Non
1163	48,500	11	0,935	Non
1164	49,000	11	0,916	Non
1165	49,500	11	0,898	Non
1166	50,000	12	0,960	Oui
1167	50,500	12	0,941	Oui
1168	51,000	12	0,923	Oui
1169	51,000	12	0,923	Oui
1170	51,000	13	1,000	Oui
1171	50,500	13	1,020	Oui
1172	50,000	13	1,040	Oui
1173	50,000	13	1,040	Oui
1174	50,500	14	1,099	Oui
1175	51,000	14	1,077	Oui
1176	50,500	14	1,098	Oui
1177	50,500	14	1,098	Oui
1178	50,500	14	1,098	Oui
1179	50,000	14	1,120	Oui
1180	50,500	14	1,099	Oui
1181	50,000	14	1,122	Oui
1182	50,000	14	1,124	Oui
1183	49,500	14	1,148	Non
1184	50,000	14	1,127	Oui
1185	50,000	13	1,051	Oui
1186	49,500	13	1,070	Non
1187	49,000	13	1,094	Non
1188	49,000	13	1,094	Non
1189	49,500	13	1,074	Non
1190	49,000	13	1,094	Non
1191	49,000	13	1,099	Non
1192	48,500	13	1,126	Non
1193	48,500	13	1,126	Non
1194	48,500	13	1,126	Non
1195	48,000	13	1,146	Non
1196	48,500	13	1,126	Non
1197	49,000	13	1,099	Non
1198	48,500	12	1,039	Non
1199	48,000	12	1,058	Non
1200	48,000	12	1,058	Non
1201	48,000	12	1,058	Non
1202	48,500	12	1,034	Non
1203	48,500	13	1,126	Non
1204	48,500	13	1,126	Non
1205	48,500	13	1,120	Non
1206	48,000	13	1,141	Non
1207	48,000	13	1,141	Non
1208	47,500	13	1,168	Non
1209	47,500	13	1,168	Non
1210	48,000	14	1,235	Non
1211	47,500	14	1,265	Non
1212	48,000	14	1,242	Non
1213	48,500	14	1,220	Non
1214	49,000	14	1,198	Non
1215	49,000	14	1,198	Non
1216	49,000	14	1,198	Non
1217	49,000	14	1,198	Non
1218	49,000	14	1,198	Non
1219	48,500	14	1,220	Non
1220	49,000	14	1,198	Non
1221	48,500	14	1,220	Non
1222	48,500	14	1,220	Non
1223	48,500	14	1,220	Non
1224	48,000	14	1,250	Non
1225	48,000	14	1,250	Non
1226	48,000	14	1,250	Non
1227	48,500	14	1,228	Non
1228	48,500	14	1,228	Non
1229	49,000	15	1,293	Non
1230	49,000	15	1,304	Non
1231	49,000	15	1,304	Non
1232	49,500	15	1,282	Non
1233	49,000	14	1,228	Non
1234	49,000	14	1,228	Non
1235	49,000	14	1,228	Non
1236	49,500	14	1,197	Non
1237	49,500	14	1,197	Non
1238	49,000	14	1,217	Non
1239	49,000	14	1,217	Non
1240	48,500	14	1,249	Non
1241	48,000	14	1,283	Non
1242	48,000	14	1,283	Non
1243	48,000	14	1,270	Non
1244	48,000	15	1,361	Non
1245	48,000	15	1,361	Non
1246	48,500	15	1,326	Non
1247	49,000	15	1,293	Non
1248	48,500	14	1,238	Non
1249	48,000	14	1,260	Non
1250	48,500	14	1,228	Non
1251	48,500	15	1,316	Non
1252	48,000	15	1,350	Non
1253	48,500	15	1,326	Non
1254	48,500	15	1,316	Non
1255	49,000	16	1,379	Non
1256	49,500	16	1,346	Non
1257	49,500	16	1,346	Non
1258	49,000	16	1,369	Non
1259	49,500	16	1,337	Non
1260	49,000	16	1,361	Non
1261	49,000	16	1,361	Non
1262	49,000	16	1,353	Non
1263	48,500	15	1,299	Non
1264	48,000	15	1,323	Non
1265	48,000	15	1,323	Non
1266	48,500	15	1,292	Non
1267	48,500	15	1,292	Non
1268	48,000	15	1,323	Non
1269	48,500	15	1,299	Non
1270	48,500	15	1,307	Non
1271	48,500	15	1,307	Non
1272	48,500	15	1,307	Non
1273	49,000	15	1,276	Non
1274	49,500	16	1,337	Non
1275	49,000	16	1,361	Non
1276	49,500	16	1,337	Non
1277	49,500	16	1,346	Non
1278	49,500	16	1,346	Non
1279	50,000	16	1,314	Oui
1280	49,500	16	1,346	Non
1281	49,000	15	1,293	Non
1282	49,000	15	1,284	Non
1283	49,000	15	1,284	Non
1284	49,500	15	1,253	Non
1285	50,000	15	1,224	Oui
1286	50,000	15	1,224	Oui
1287	50,000	15	1,224	Oui
1288	49,500	14	1,170	Non
1289	49,500	14	1,170	Non
1290	49,500	14	1,170	Non
1291	50,000	14	1,142	Oui
1292	50,000	14	1,142	Oui
1293	50,000	14	1,142	Oui
1294	50,000	14	1,149	Oui
1295	50,000	14	1,149	Oui
1296	50,500	14	1,130	Oui
1297	50,500	14	1,130	Oui
1298	50,500	14	1,130	Oui
1299	50,500	14	1,130	Oui
1300	50,500	14	1,130	Oui
1301	50,500	14	1,130	Oui
1302	51,000	14	1,111	Oui
1303	51,000	14	1,104	Oui
1304	51,000	14	1,104	Oui
1305	51,000	14	1,097	Oui
1306	51,000	15	1,176	Oui
1307	51,500	15	1,149	Oui
1308	51,000	15	1,170	Oui
1309	51,500	15	1,149	Oui
1310	52,000	15	1,130	Oui
1311	51,500	15	1,149	Oui
1312	51,500	15	1,149	Oui
1313	51,000	15	1,176	Oui
1314	51,500	15	1,156	Oui
1315	51,500	15	1,156	Oui
1316	52,000	15	1,130	Oui
1317	52,000	15	1,130	Oui
1318	52,500	16	1,185	Oui
1319	52,500	16	1,185	Oui
1320	52,500	16	1,185	Oui
1321	53,000	16	1,159	Oui
1322	53,500	16	1,135	Oui
1323	53,500	16	1,130	Oui
1324	53,500	16	1,130	Oui
1325	54,000	17	1,181	Oui
1326	54,500	17	1,156	Oui
1327	54,500	18	1,224	Oui
1328	54,000	18	1,245	Oui
1329	54,000	18	1,245	Oui
1330	54,000	18	1,241	Oui
1331	54,000	19	1,314	Oui
1332	53,500	18	1,271	Oui
1333	53,500	18	1,271	Oui
1334	53,500	17	1,206	Oui
1335	53,500	17	1,201	Oui
1336	53,500	17	1,201	Oui
1337	53,500	17	1,196	Oui
1338	53,500	17	1,196	Oui
1339	53,000	17	1,221	Oui
1340	53,000	17	1,221	Oui
1341	53,000	17	1,221	Oui
1342	52,500	17	1,243	Oui
1343	52,500	17	1,243	Oui
1344	52,000	17	1,269	Oui
1345	52,000	17	1,269	Oui
1346	52,500	17	1,243	Oui
1347	52,000	17	1,265	Oui
1348	52,500	17	1,239	Oui
1349	52,000	17	1,265	Oui
1350	52,000	16	1,190	Oui
1351	51,500	16	1,212	Oui
1352	51,500	16	1,216	Oui
1353	51,000	15	1,165	Oui
1354	51,000	15	1,165	Oui
1355	51,000	15	1,165	Oui
1356	51,000	15	1,165	Oui
1357	51,500	15	1,140	Oui
1358	52,000	16	1,194	Oui
1359	51,500	16	1,216	Oui
1360	52,000	16	1,190	Oui
1361	52,000	16	1,190	Oui
1362	51,500	16	1,212	Oui
1363	51,500	16	1,212	Oui
1364	51,000	16	1,238	Oui
1365	50,500	15	1,186	Oui
1366	50,500	15	1,186	Oui
1367	50,500	15	1,182	Oui
1368	50,000	15	1,204	Oui
1369	50,000	14	1,124	Oui
1370	49,500	14	1,146	Non
1371	49,500	14	1,146	Non
1372	49,500	14	1,146	Non
1373	49,000	13	1,087	Non
1374	48,500	13	1,108	Non
1375	48,500	13	1,108	Non
1376	49,000	14	1,171	Non
1377	49,000	14	1,171	Non
1378	48,500	14	1,197	Non
1379	48,500	14	1,197	Non
1380	48,500	14	1,197	Non
1381	48,500	14	1,197	Non
1382	48,500	14	1,197	Non
1383	48,500	14	1,197	Non
1384	48,000	14	1,220	Non
1385	47,500	14	1,244	Non
1386	48,000	14	1,220	Non
1387	48,000	14	1,220	Non
1388	48,000	14	1,220	Non
1389	48,000	14	1,217	Non
1390	48,000	14	1,217	Non
1391	48,000	14	1,217	Non
1392	48,500	14	1,194	Non
1393	49,000	14	1,171	Non
1394	49,000	14	1,171	Non
1395	49,000	14	1,171	Non
1396	49,000	14	1,171	Non
1397	48,500	14	1,197	Non
1398	48,500	14	1,197	Non
1399	48,500	14	1,197	Non
1400	49,000	14	1,174	Non
1401	49,500	14	1,152	Non
1402	49,000	13	1,094	Non
1403	49,000	13	1,090	Non
1404	49,500	13	1,066	Non
1405	49,500	14	1,152	Non
1406	49,500	14	1,152	Non
1407	49,000	14	1,178	Non
1408	49,500	14	1,157	Non
1409	49,000	13	1,099	Non
1410	48,500	13	1,120	Non
1411	48,500	13	1,120	Non
1412	48,500	13	1,120	Non
1413	48,000	13	1,141	Non
1414	48,000	13	1,136	Non
1415	48,000	13	1,136	Non
1416	48,500	14	1,201	Non
1417	48,500	14	1,197	Non
1418	48,500	14	1,197	Non
1419	48,500	14	1,197	Non
1420	48,000	14	1,220	Non
1421	48,500	14	1,194	Non
1422	49,000	15	1,254	Non
1423	49,000	15	1,254	Non
1424	49,000	15	1,254	Non
1425	49,500	15	1,231	Non
1426	50,000	15	1,208	Oui
1427	49,500	15	1,231	Non
1428	49,500	14	1,152	Non
1429	49,500	14	1,148	Non
1430	49,500	14	1,146	Non
1431	50,000	14	1,122	Oui
1432	49,500	14	1,144	Non
1433	49,500	14	1,144	Non
1434	49,000	14	1,167	Non
1435	48,500	14	1,190	Non
1436	48,500	14	1,191	Non
1437	48,500	14	1,191	Non
1438	49,000	14	1,168	Non
1439	48,500	14	1,191	Non
1440	49,000	14	1,168	Non
1441	49,000	14	1,168	Non
1442	49,500	14	1,146	Non
1443	49,000	13	1,087	Non
1444	48,500	13	1,108	Non
1445	48,500	13	1,108	Non
1446	48,500	13	1,111	Non
1447	48,500	13	1,115	Non
1448	48,500	13	1,115	Non
1449	49,000	13	1,090	Non
1450	48,500	12	1,029	Non
1451	48,000	12	1,049	Non
1452	48,500	12	1,029	Non
1453	48,000	12	1,049	Non
1454	47,500	11	0,984	Non
1455	47,000	11	1,003	Non
1456	46,500	11	1,027	Non
1457	46,500	11	1,027	Non
1458	46,500	11	1,027	Non
1459	46,500	11	1,032	Non
1460	46,500	11	1,032	Non
1461	46,500	11	1,032	Non
1462	46,500	11	1,038	Non
1463	47,000	11	1,012	Non
1464	47,500	12	1,084	Non
1465	48,000	12	1,064	Non
1466	47,500	12	1,091	Non
1467	47,500	12	1,091	Non
1468	48,000	12	1,071	Non
1469	47,500	12	1,091	Non
1470	47,500	12	1,084	Non
1471	47,500	12	1,084	Non
1472	47,500	12	1,084	Non
1473	47,500	11	1,000	Non
1474	47,500	11	0,994	Non
1475	47,500	11	0,994	Non
1476	47,000	11	1,012	Non
1477	46,500	11	1,032	Non
1478	47,000	11	1,007	Non
1479	47,000	12	1,104	Non
1480	47,500	12	1,078	Non
1481	48,000	12	1,053	Non
1482	48,000	13	1,146	Non
1483	48,000	13	1,146	Non
1484	48,000	13	1,153	Non
1485	47,500	13	1,182	Non
1486	47,500	13	1,182	Non
1487	48,000	13	1,161	Non
1488	48,000	13	1,161	Non
1489	48,000	13	1,153	Non
1490	48,500	13	1,126	Non
1491	48,000	13	1,153	Non
1492	48,500	13	1,126	Non
1493	49,000	14	1,190	Non
1494	48,500	14	1,212	Non
1495	48,500	14	1,212	Non
1496	48,500	14	1,206	Non
1497	48,500	14	1,206	Non
1498	48,500	14	1,206	Non
1499	49,000	14	1,178	Non
1500	49,000	14	1,178	Non
1501	49,000	14	1,178	Non
1502	48,500	14	1,201	Non
1503	48,500	14	1,201	Non
1504	49,000	14	1,174	Non
1505	49,000	13	1,090	Non
1506	48,500	13	1,111	Non
1507	48,500	13	1,111	Non
1508	48,500	13	1,111	Non
1509	48,000	13	1,133	Non
1510	47,500	13	1,156	Non
1511	48,000	13	1,133	Non
1512	48,500	13	1,108	Non
1513	49,000	13	1,085	Non
1514	49,000	13	1,083	Non
1515	49,000	14	1,167	Non
1516	49,000	14	1,168	Non
1517	48,500	13	1,108	Non
1518	48,000	13	1,130	Non
1519	47,500	13	1,154	Non
1520	47,500	13	1,154	Non
1521	47,500	13	1,154	Non
1522	47,500	13	1,154	Non
1523	47,500	13	1,154	Non
1524	47,500	12	1,065	Non
1525	47,500	12	1,064	Non
1526	47,000	11	0,996	Non
1527	46,500	11	1,018	Non
1528	46,500	11	1,018	Non
1529	47,000	11	0,996	Non
1530	47,000	10	0,907	Non
1531	47,000	10	0,906	Non
1532	47,500	11	0,976	Non
1533	47,500	11	0,975	Non
1534	47,000	11	0,996	Non
1535	47,000	11	0,996	Non
1536	47,500	11	0,976	Non
1537	47,000	11	0,998	Non
1538	47,000	11	1,000	Non
1539	47,500	11	0,978	Non
1540	47,500	11	0,978	Non
1541	48,000	11	0,959	Non
1542	48,000	11	0,959	Non
1543	48,500	11	0,938	Non
1544	48,500	11	0,938	Non
1545	48,500	11	0,938	Non
1546	48,000	11	0,959	Non
1547	48,500	11	0,940	Non
1548	48,500	11	0,943	Non
1549	49,000	11	0,926	Non
1550	48,500	11	0,947	Non
1551	48,500	11	0,947	Non
1552	48,000	11	0,965	Non
1553	48,500	11	0,943	Non
1554	48,500	12	1,029	Non
1555	49,000	12	1,006	Non
1556	49,500	13	1,070	Non
1557	49,000	12	1,010	Non
1558	48,500	12	1,029	Non
1559	48,500	12	1,029	Non
1560	48,500	12	1,029	Non
1561	48,500	12	1,029	Non
1562	49,000	12	1,006	Non
1563	49,000	12	1,006	Non
1564	49,000	12	1,006	Non
1565	49,500	12	0,984	Non
1566	49,000	12	1,003	Non
1567	48,500	12	1,026	Non
1568	48,500	12	1,026	Non
1569	48,500	12	1,026	Non
1570	48,500	12	1,026	Non
1571	49,000	12	1,003	Non
1572	49,500	13	1,066	Non
1573	49,500	13	1,066	Non
1574	49,500	13	1,066	Non
1575	49,500	12	0,984	Non
1576	49,500	13	1,066	Non
1577	49,500	13	1,066	Non
1578	49,500	13	1,066	Non
1579	50,000	13	1,047	Oui
1580	49,500	13	1,066	Non
1581	50,000	13	1,044	Oui
1582	50,000	13	1,042	Oui
1583	50,500	14	1,101	Oui
1584	51,000	14	1,080	Oui
1585	51,000	14	1,080	Oui
1586	51,000	14	1,078	Oui
1587	51,000	14	1,078	Oui
1588	51,500	14	1,057	Oui
1589	51,500	14	1,057	Oui
1590	52,000	14	1,036	Oui
1591	52,000	15	1,110	Oui
1592	52,000	15	1,109	Oui
1593	51,500	15	1,131	Oui
1594	52,000	15	1,109	Oui
1595	52,000	15	1,109	Oui
1596	51,500	15	1,131	Oui
1597	51,500	15	1,131	Oui
1598	51,500	15	1,131	Oui
1599	51,500	15	1,131	Oui
1600	51,500	15	1,132	Oui
1601	51,000	15	1,155	Oui
1602	51,500	15	1,134	Oui
1603	51,000	15	1,155	Oui
1604	50,500	14	1,099	Oui
1605	50,500	14	1,099	Oui
1606	51,000	14	1,078	Oui
1607	51,000	14	1,078	Oui
1608	50,500	14	1,101	Oui
1609	50,500	14	1,101	Oui
1610	50,500	14	1,101	Oui
1611	51,000	14	1,078	Oui
1612	50,500	14	1,101	Oui
1613	50,500	14	1,101	Oui
1614	50,500	14	1,099	Oui
1615	50,000	13	1,040	Oui
1616	49,500	13	1,062	Non
1617	49,500	13	1,061	Non
1618	50,000	13	1,040	Oui
1619	50,000	13	1,040	Oui
1620	50,000	13	1,040	Oui
1621	49,500	12	0,980	Non
1622	49,000	12	1,000	Non
1623	49,000	12	1,000	Non
1624	49,500	12	0,980	Non
1625	49,500	12	0,980	Non
1626	49,500	12	0,982	Non
1627	49,500	12	0,982	Non
1628	49,500	12	0,984	Non
1629	49,000	12	1,003	Non
1630	49,000	12	1,003	Non
1631	48,500	12	1,023	Non
1632	49,000	12	1,003	Non
1633	49,500	12	0,984	Non
1634	49,500	12	0,984	Non
1635	49,500	12	0,984	Non
1636	49,500	12	0,988	Non
1637	50,000	12	0,970	Oui
1638	49,500	12	0,992	Non
1639	49,500	12	0,992	Non
1640	49,000	12	1,015	Non
1641	49,000	12	1,015	Non
1642	49,000	12	1,015	Non
1643	49,500	12	0,997	Non
1644	50,000	13	1,055	Oui
1645	50,000	13	1,055	Oui
1646	50,000	13	1,055	Oui
1647	49,500	13	1,080	Non
1648	50,000	13	1,055	Oui
1649	50,000	13	1,051	Oui
1650	50,500	13	1,028	Oui
1651	50,500	13	1,028	Oui
1652	50,000	13	1,051	Oui
1653	50,500	13	1,032	Oui
1654	51,000	13	1,014	Oui
1655	51,000	13	1,014	Oui
1656	51,500	13	0,992	Oui
1657	51,500	13	0,992	Oui
1658	52,000	13	0,975	Oui
1659	52,000	14	1,049	Oui
1660	52,000	14	1,049	Oui
1661	52,000	14	1,049	Oui
1662	52,000	14	1,055	Oui
1663	51,500	13	0,996	Oui
1664	51,000	13	1,019	Oui
1665	50,500	13	1,043	Oui
1666	50,500	13	1,043	Oui
1667	50,500	13	1,043	Oui
1668	50,000	13	1,067	Oui
1669	50,500	13	1,049	Oui
1670	50,500	13	1,049	Oui
1671	50,500	13	1,049	Oui
1672	50,500	13	1,049	Oui
1673	50,500	13	1,049	Oui
1674	50,000	13	1,067	Oui
1675	50,500	13	1,049	Oui
1676	51,000	13	1,032	Oui
1677	51,000	13	1,032	Oui
1678	51,000	12	0,946	Oui
1679	50,500	12	0,969	Oui
1680	50,000	12	0,985	Oui
1681	50,000	11	0,898	Oui
1682	50,000	11	0,903	Oui
1683	50,500	12	0,962	Oui
1684	50,500	12	0,969	Oui
1685	51,000	13	1,025	Oui
1686	51,000	13	1,025	Oui
1687	50,500	13	1,049	Oui
1688	51,000	13	1,032	Oui
1689	51,000	14	1,104	Oui
1690	50,500	14	1,123	Oui
1691	50,500	14	1,123	Oui
1692	50,000	13	1,061	Oui
1693	50,000	13	1,067	Oui
1694	50,000	13	1,067	Oui
1695	50,500	13	1,043	Oui
1696	50,500	13	1,037	Oui
1697	51,000	13	1,019	Oui
1698	50,500	13	1,043	Oui
1699	50,000	13	1,061	Oui
1700	50,000	13	1,061	Oui
1701	50,000	13	1,061	Oui
1702	50,500	13	1,037	Oui
1703	50,500	13	1,037	Oui
1704	50,000	13	1,055	Oui
1705	50,000	13	1,055	Oui
1706	50,500	13	1,037	Oui
1707	50,000	13	1,055	Oui
1708	50,000	13	1,055	Oui
1709	50,000	13	1,055	Oui
1710	50,000	13	1,055	Oui
1711	49,500	13	1,080	Non
1712	49,000	13	1,099	Non
1713	49,000	13	1,099	Non
1714	49,000	12	1,015	Non
1715	49,000	12	1,020	Non
1716	49,000	13	1,105	Non
1717	49,000	13	1,105	Non
1718	49,000	13	1,105	Non
1719	49,500	13	1,080	Non
1720	49,500	13	1,080	Non
1721	49,500	13	1,080	Non
1722	49,500	13	1,080	Non
1723	49,000	13	1,099	Non
1724	49,000	13	1,099	Non
1725	48,500	13	1,120	Non
1726	48,500	13	1,120	Non
1727	49,000	13	1,094	Non
1728	49,000	13	1,094	Non
1729	49,000	13	1,099	Non
1730	48,500	13	1,126	Non
1731	48,000	12	1,058	Non
1732	47,500	12	1,084	Non
1733	47,500	12	1,078	Non
1734	48,000	12	1,058	Non
1735	47,500	12	1,084	Non
1736	47,500	12	1,091	Non
1737	47,500	12	1,091	Non
1738	47,000	12	1,119	Non
1739	46,500	12	1,140	Non
1740	47,000	12	1,111	Non
1741	47,000	12	1,111	Non
1742	47,500	12	1,084	Non
1743	47,500	12	1,084	Non
1744	47,500	12	1,084	Non
1745	48,000	12	1,058	Non
1746	48,000	12	1,058	Non
1747	47,500	12	1,084	Non
1748	47,500	12	1,084	Non
1749	47,500	12	1,084	Non
1750	48,000	12	1,064	Non
1751	48,500	13	1,126	Non
1752	48,500	13	1,126	Non
1753	48,000	12	1,058	Non
1754	47,500	12	1,084	Non
1755	47,000	11	1,012	Non
1756	46,500	11	1,038	Non
1757	46,500	11	1,038	Non
1758	47,000	11	1,019	Non
1759	47,500	12	1,084	Non
1760	47,000	12	1,104	Non
1761	47,000	12	1,104	Non
1762	46,500	12	1,126	Non
1763	46,500	12	1,126	Non
1764	47,000	12	1,104	Non
1765	47,000	12	1,104	Non
1766	47,500	12	1,084	Non
1767	47,500	12	1,084	Non
1768	48,000	12	1,058	Non
1769	48,000	12	1,053	Non
1770	48,500	12	1,029	Non
1771	48,000	11	0,962	Non
1772	47,500	11	0,984	Non
1773	47,500	11	0,984	Non
1774	47,500	11	0,984	Non
1775	47,000	10	0,912	Non
1776	47,000	10	0,912	Non
1777	47,500	10	0,894	Non
1778	48,000	10	0,878	Non
1779	47,500	10	0,898	Non
1780	47,500	10	0,898	Non
1781	47,000	10	0,916	Non
1782	46,500	9	0,840	Non
1783	46,000	9	0,861	Non
1784	45,500	9	0,882	Non
1785	46,000	9	0,861	Non
1786	46,000	9	0,861	Non
1787	46,500	10	0,934	Non
1788	46,500	10	0,934	Non
1789	46,500	10	0,934	Non
1790	46,500	10	0,930	Non
1791	46,000	10	0,952	Non
1792	46,000	10	0,949	Non
1793	46,000	10	0,949	Non
1794	45,500	10	0,972	Non
1795	45,500	10	0,972	Non
1796	45,500	10	0,972	Non
1797	46,000	10	0,949	Non
1798	46,000	10	0,949	Non
1799	46,000	10	0,949	Non
1800	46,000	10	0,947	Non
1801	46,500	10	0,926	Non
1802	46,500	10	0,926	Non
1803	46,500	10	0,926	Non
1804	47,000	10	0,907	Non
1805	47,000	11	0,998	Non
1806	47,000	11	0,998	Non
1807	47,000	11	0,998	Non
1808	47,000	11	0,998	Non
1809	47,000	11	0,998	Non
1810	47,000	11	0,998	Non
1811	46,500	11	1,020	Non
1812	46,500	11	1,020	Non
1813	46,500	11	1,020	Non
1814	46,000	11	1,044	Non
1815	46,000	11	1,044	Non
1816	46,000	11	1,044	Non
1817	45,500	11	1,069	Non
1818	45,000	11	1,095	Non
1819	45,500	11	1,073	Non
1820	46,000	11	1,052	Non
1821	46,500	11	1,032	Non
1822	46,500	11	1,032	Non
1823	46,500	11	1,032	Non
1824	46,500	11	1,032	Non
1825	46,000	11	1,052	Non
1826	45,500	11	1,073	Non
1827	45,500	11	1,073	Non
1828	45,500	11	1,073	Non
1829	45,500	11	1,073	Non
1830	45,000	11	1,095	Non
1831	45,500	11	1,073	Non
1832	45,000	11	1,095	Non
1833	44,500	11	1,118	Non
1834	44,500	11	1,118	Non
1835	44,500	11	1,118	Non
1836	44,500	11	1,118	Non
1837	44,500	12	1,216	Non
1838	45,000	12	1,190	Non
1839	45,000	12	1,190	Non
1840	45,000	12	1,190	Non
1841	45,000	12	1,190	Non
1842	44,500	12	1,220	Non
1843	44,000	11	1,142	Non
1844	44,000	11	1,146	Non
1845	44,500	11	1,122	Non
1846	44,500	11	1,128	Non
1847	45,000	11	1,106	Non
1848	45,000	11	1,113	Non
1849	45,000	11	1,122	Non
1850	44,500	11	1,153	Non
1851	45,000	11	1,122	Non
1852	45,500	11	1,092	Non
1853	45,500	11	1,085	Non
1854	45,000	11	1,106	Non
1855	45,500	11	1,078	Non
1856	45,000	11	1,106	Non
1857	45,000	11	1,106	Non
1858	44,500	10	1,026	Non
1859	44,000	10	1,053	Non
1860	44,500	10	1,032	Non
1861	44,500	10	1,032	Non
1862	44,500	10	1,032	Non
1863	44,500	10	1,032	Non
1864	45,000	10	1,006	Non
1865	45,000	10	1,006	Non
1866	45,000	10	1,006	Non
1867	45,000	10	1,006	Non
1868	45,000	10	1,006	Non
1869	44,500	10	1,026	Non
1870	44,000	10	1,047	Non
1871	44,500	10	1,026	Non
1872	44,500	10	1,026	Non
1873	44,500	10	1,026	Non
1874	45,000	10	1,006	Non
1875	45,000	11	1,100	Non
1876	45,000	11	1,100	Non
1877	45,500	12	1,171	Non
1878	45,000	12	1,200	Non
1879	45,500	12	1,176	Non
1880	45,500	12	1,176	Non
1881	45,500	12	1,183	Non
1882	45,500	12	1,176	Non
1883	45,000	12	1,207	Non
1884	44,500	11	1,128	Non
1885	44,500	11	1,135	Non
1886	44,500	11	1,135	Non
1887	44,500	11	1,135	Non
1888	44,000	10	1,053	Non
1889	44,000	10	1,053	Non
1890	44,000	10	1,053	Non
1891	44,500	10	1,032	Non
1892	45,000	10	1,012	Non
1893	45,000	10	1,012	Non
1894	45,500	10	0,993	Non
1895	45,000	10	1,020	Non
1896	44,500	10	1,048	Non
1897	44,000	10	1,068	Non
1898	44,500	10	1,040	Non
1899	45,000	10	1,020	Non
1900	45,000	10	1,020	Non
1901	45,000	10	1,020	Non
1902	45,000	10	1,029	Non
1903	44,500	10	1,048	Non
1904	45,000	10	1,029	Non
1905	44,500	10	1,048	Non
1906	44,500	10	1,048	Non
1907	45,000	11	1,122	Non
1908	45,000	11	1,122	Non
1909	45,000	11	1,122	Non
1910	45,000	11	1,122	Non
1911	45,500	11	1,092	Non
1912	46,000	11	1,064	Non
1913	46,000	11	1,064	Non
1914	45,500	11	1,085	Non
1915	45,500	10	0,980	Non
1916	45,000	10	1,006	Non
1917	45,500	10	0,980	Non
1918	46,000	10	0,962	Non
1919	46,000	11	1,058	Non
1920	46,000	11	1,058	Non
1921	46,000	11	1,052	Non
1922	45,500	11	1,073	Non
1923	45,500	11	1,073	Non
1924	45,000	11	1,095	Non
1925	45,000	11	1,095	Non
1926	45,500	11	1,069	Non
1927	45,000	11	1,095	Non
1928	45,500	11	1,069	Non
1929	45,000	11	1,091	Non
1930	45,000	11	1,091	Non
1931	45,000	11	1,091	Non
1932	45,500	11	1,069	Non
1933	45,500	12	1,166	Non
1934	45,500	12	1,166	Non
1935	46,000	12	1,143	Non
1936	46,000	12	1,143	Non
1937	46,500	12	1,120	Non
1938	47,000	13	1,186	Non
1939	47,000	13	1,186	Non
1940	46,500	13	1,214	Non
1941	46,500	13	1,214	Non
1942	46,500	13	1,214	Non
1943	46,000	13	1,238	Non
1944	46,500	13	1,209	Non
1945	46,000	13	1,238	Non
1946	46,500	13	1,214	Non
1947	46,500	13	1,214	Non
1948	46,500	13	1,214	Non
1949	46,000	13	1,243	Non
1950	46,000	12	1,143	Non
1951	45,500	12	1,171	Non
1952	46,000	12	1,143	Non
1953	46,000	12	1,143	Non
1954	46,000	12	1,143	Non
1955	46,500	12	1,116	Non
1956	47,000	12	1,094	Non
1957	47,000	12	1,094	Non
1958	47,000	11	1,003	Non
1959	46,500	11	1,027	Non
1960	47,000	11	1,003	Non
1961	47,500	11	0,980	Non
1962	48,000	11	0,962	Non
1963	48,500	12	1,026	Non
1964	48,500	12	1,026	Non
1965	48,000	12	1,046	Non
1966	48,000	12	1,043	Non
1967	48,500	12	1,023	Non
1968	48,500	12	1,026	Non
1969	48,000	12	1,049	Non
1970	48,000	12	1,049	Non
1971	48,500	12	1,029	Non
1972	48,500	12	1,029	Non
1973	48,500	12	1,029	Non
1974	48,500	12	1,029	Non
1975	49,000	12	1,006	Non
1976	48,500	12	1,029	Non
1977	48,500	12	1,026	Non
1978	48,000	12	1,046	Non
1979	48,000	12	1,046	Non
1980	48,000	12	1,046	Non
1981	48,500	12	1,023	Non
1982	48,500	12	1,023	Non
1983	48,500	12	1,023	Non
1984	49,000	12	1,001	Non
1985	49,000	12	1,001	Non
1986	49,000	11	0,918	Non
1987	48,500	11	0,938	Non
1988	48,500	11	0,936	Non
1989	48,000	10	0,868	Non
1990	48,000	10	0,870	Non
1991	48,000	10	0,870	Non
1992	48,000	10	0,871	Non
1993	48,500	11	0,938	Non
1994	48,500	11	0,938	Non
1995	48,500	11	0,938	Non
1996	49,000	11	0,918	Non
1997	48,500	11	0,938	Non
1998	48,500	11	0,938	Non
1999	49,000	11	0,920	Non
2000	49,000	12	1,003	Non
2001	49,000	12	1,006	Non
2002	48,500	12	1,026	Non
2003	48,500	12	1,026	Non
2004	48,000	11	0,959	Non
2005	48,000	11	0,959	Non
2006	47,500	11	0,978	Non
2007	48,000	11	0,957	Non
2008	48,500	11	0,938	Non
2009	48,500	11	0,938	Non
2010	48,500	11	0,938	Non
2011	48,500	11	0,938	Non
2012	49,000	11	0,918	Non
2013	49,500	11	0,899	Non
2014	49,500	11	0,899	Non
2015	49,500	11	0,899	Non
2016	49,500	11	0,899	Non
2017	50,000	11	0,881	Oui
2018	50,500	11	0,865	Oui
2019	50,500	11	0,865	Oui
2020	50,500	11	0,865	Oui
2021	50,500	11	0,865	Oui
2022	51,000	12	0,924	Oui
2023	51,000	12	0,924	Oui
2024	51,000	12	0,924	Oui
2025	51,000	12	0,924	Oui
2026	51,500	12	0,907	Oui
2027	51,500	12	0,907	Oui
2028	51,500	12	0,906	Oui
2029	51,500	12	0,906	Oui
2030	51,500	12	0,906	Oui
2031	51,000	12	0,923	Oui
2032	51,500	12	0,906	Oui
2033	52,000	13	0,962	Oui
2034	52,500	13	0,943	Oui
2035	53,000	13	0,926	Oui
2036	53,000	13	0,926	Oui
2037	52,500	13	0,943	Oui
2038	52,000	13	0,962	Oui
2039	52,500	13	0,943	Oui
2040	53,000	13	0,926	Oui
2041	53,500	13	0,909	Oui
2042	54,000	14	0,961	Oui
2043	54,500	14	0,943	Oui
2044	54,500	15	1,010	Oui
2045	54,500	15	1,010	Oui
2046	54,000	15	1,029	Oui
2047	54,000	15	1,029	Oui
2048	53,500	15	1,049	Oui
2049	53,500	15	1,050	Oui
2050	54,000	15	1,032	Oui
2051	54,000	15	1,032	Oui
2052	54,000	15	1,030	Oui
2053	53,500	15	1,049	Oui
2054	53,500	15	1,049	Oui
2055	53,000	15	1,068	Oui
2056	53,500	15	1,049	Oui
2057	54,000	15	1,030	Oui
2058	54,000	15	1,030	Oui
2059	54,000	15	1,030	Oui
2060	54,000	15	1,030	Oui
2061	54,500	15	1,011	Oui
2062	54,000	15	1,030	Oui
2063	54,000	15	1,030	Oui
2064	53,500	15	1,049	Oui
2065	54,000	15	1,030	Oui
2066	54,500	15	1,012	Oui
2067	54,500	15	1,012	Oui
2068	54,500	15	1,012	Oui
2069	55,000	15	0,993	Oui
2070	55,500	15	0,975	Oui
2071	55,500	16	1,041	Oui
2072	56,000	16	1,022	Oui
2073	56,000	17	1,086	Oui
2074	55,500	16	1,041	Oui
2075	55,000	16	1,059	Oui
2076	54,500	15	1,012	Oui
2077	54,500	15	1,011	Oui
2078	55,000	15	0,992	Oui
2079	54,500	15	1,011	Oui
2080	54,500	15	1,011	Oui
2081	54,500	14	0,945	Oui
2082	54,000	14	0,962	Oui
2083	54,000	14	0,962	Oui
2084	54,500	14	0,945	Oui
2085	54,500	14	0,947	Oui
2086	54,500	14	0,947	Oui
2087	55,000	14	0,931	Oui
2088	55,500	14	0,913	Oui
2089	55,000	14	0,928	Oui
2090	55,500	14	0,913	Oui
2091	55,000	14	0,931	Oui
2092	54,500	14	0,949	Oui
2093	54,500	14	0,952	Oui
2094	54,500	14	0,952	Oui
2095	55,000	15	1,004	Oui
2096	55,500	15	0,984	Oui
2097	56,000	15	0,964	Oui
2098	55,500	15	0,980	Oui
2099	55,000	15	1,000	Oui
2100	55,500	15	0,980	Oui
2101	55,500	15	0,980	Oui
2102	55,000	15	1,000	Oui
2103	55,500	15	0,980	Oui
2104	55,500	16	1,049	Oui
2105	56,000	16	1,032	Oui
2106	55,500	15	0,987	Oui
2107	55,000	15	1,004	Oui
2108	55,000	15	1,004	Oui
2109	55,500	15	0,987	Oui
2110	56,000	15	0,968	Oui
2111	55,500	15	0,984	Oui
2112	55,500	15	0,980	Oui
2113	55,500	15	0,980	Oui
2114	55,500	15	0,980	Oui
2115	55,500	15	0,978	Oui
2116	56,000	15	0,959	Oui
2117	56,000	15	0,958	Oui
2118	55,500	14	0,911	Oui
2119	55,500	14	0,911	Oui
2120	56,000	14	0,895	Oui
2121	56,000	14	0,894	Oui
2122	56,000	14	0,894	Oui
2123	56,000	14	0,894	Oui
2124	56,000	14	0,894	Oui
2125	56,000	14	0,894	Oui
2126	55,500	14	0,910	Oui
2127	56,000	14	0,893	Oui
2128	56,000	14	0,893	Oui
2129	56,500	15	0,940	Oui
2130	56,500	15	0,940	Oui
2131	56,500	15	0,940	Oui
2132	56,500	14	0,878	Oui
2133	56,000	14	0,893	Oui
2134	55,500	14	0,910	Oui
2135	55,000	14	0,927	Oui
2136	54,500	14	0,945	Oui
2137	54,500	13	0,877	Oui
2138	54,000	13	0,893	Oui
2139	54,000	13	0,893	Oui
2140	54,500	13	0,877	Oui
2141	54,500	13	0,877	Oui
2142	54,500	13	0,876	Oui
2143	54,500	13	0,876	Oui
2144	54,000	13	0,892	Oui
2145	54,000	13	0,892	Oui
2146	53,500	13	0,909	Oui
2147	54,000	13	0,893	Oui
2148	53,500	13	0,909	Oui
2149	53,500	13	0,909	Oui
2150	53,000	13	0,926	Oui
2151	53,000	13	0,926	Oui
2152	53,000	13	0,926	Oui
2153	53,000	13	0,926	Oui
2154	53,500	13	0,908	Oui
2155	53,000	13	0,926	Oui
2156	52,500	13	0,943	Oui
2157	53,000	13	0,926	Oui
2158	53,000	14	0,997	Oui
2159	53,500	14	0,978	Oui
2160	53,000	14	0,997	Oui
2161	53,000	14	0,997	Oui
2162	52,500	13	0,943	Oui
2163	52,500	13	0,944	Oui
2164	52,000	13	0,962	Oui
2165	52,000	13	0,962	Oui
2166	51,500	13	0,981	Oui
2167	51,000	13	1,000	Oui
2168	51,000	13	1,000	Oui
2169	51,500	13	0,980	Oui
2170	51,000	13	1,000	Oui
2171	51,000	13	1,000	Oui
