	C+G(%)	CpG(%)	T	G	C	A
 sequence entiere	48,903	5,781	616	587	572	595
 
 
Fenetres	C+G(%)	CpG	Rapport CpG	Ilot CpG
1	44,500	4	0,404	Non
2	45,000	4	0,396	Non
3	44,500	4	0,405	Non
4	44,500	4	0,405	Non
5	44,500	4	0,405	Non
6	45,000	4	0,396	Non
7	45,000	4	0,395	Non
8	45,000	4	0,395	Non
9	45,500	4	0,387	Non
10	46,000	4	0,379	Non
11	46,000	4	0,379	Non
12	46,500	4	0,371	Non
13	46,500	5	0,464	Non
14	46,000	5	0,475	Non
15	46,500	5	0,465	Non
16	46,500	5	0,465	Non
17	47,000	5	0,455	Non
18	47,000	5	0,455	Non
19	47,000	5	0,455	Non
20	47,500	5	0,444	Non
21	47,000	5	0,454	Non
22	47,000	5	0,454	Non
23	46,500	5	0,464	Non
24	47,000	5	0,454	Non
25	46,500	5	0,464	Non
26	46,000	5	0,475	Non
27	46,000	5	0,475	Non
28	46,000	5	0,475	Non
29	46,500	5	0,465	Non
30	46,000	5	0,476	Non
31	46,000	5	0,476	Non
32	46,000	5	0,476	Non
33	46,000	5	0,475	Non
34	46,000	5	0,475	Non
35	46,000	5	0,475	Non
36	46,000	5	0,475	Non
37	45,500	5	0,484	Non
38	45,500	5	0,484	Non
39	45,500	5	0,484	Non
40	45,500	5	0,484	Non
41	45,500	4	0,388	Non
42	45,000	4	0,397	Non
43	45,000	4	0,397	Non
44	45,500	4	0,389	Non
45	45,500	4	0,389	Non
46	45,500	4	0,388	Non
47	46,000	4	0,379	Non
48	46,000	4	0,379	Non
49	46,000	4	0,379	Non
50	45,500	4	0,388	Non
51	45,000	4	0,397	Non
52	44,500	4	0,405	Non
53	44,500	4	0,404	Non
54	45,000	4	0,395	Non
55	45,000	4	0,395	Non
56	45,000	4	0,395	Non
57	45,500	4	0,387	Non
58	45,500	4	0,387	Non
59	46,000	4	0,379	Non
60	45,500	4	0,388	Non
61	45,500	4	0,388	Non
62	45,500	4	0,388	Non
63	45,500	4	0,388	Non
64	46,000	4	0,379	Non
65	46,500	4	0,371	Non
66	46,500	5	0,463	Non
67	46,500	5	0,463	Non
68	46,500	5	0,463	Non
69	46,500	5	0,463	Non
70	46,500	5	0,463	Non
71	47,000	5	0,453	Non
72	46,500	5	0,463	Non
73	47,000	5	0,453	Non
74	46,500	5	0,463	Non
75	46,500	5	0,463	Non
76	46,500	5	0,463	Non
77	46,500	5	0,463	Non
78	46,000	5	0,473	Non
79	46,000	5	0,473	Non
80	46,000	5	0,473	Non
81	45,500	5	0,483	Non
82	45,000	5	0,494	Non
83	45,500	5	0,483	Non
84	45,500	6	0,580	Non
85	45,500	6	0,580	Non
86	46,000	6	0,568	Non
87	46,500	6	0,557	Non
88	47,000	6	0,544	Non
89	47,500	6	0,532	Non
90	47,500	6	0,532	Non
91	48,000	6	0,521	Non
92	48,500	7	0,595	Non
93	48,500	7	0,595	Non
94	48,500	7	0,595	Non
95	48,500	7	0,595	Non
96	48,500	7	0,595	Non
97	48,500	7	0,595	Non
98	49,000	7	0,583	Non
99	49,000	7	0,583	Non
100	49,500	7	0,571	Non
101	49,500	8	0,653	Non
102	49,500	8	0,653	Non
103	49,000	8	0,666	Non
104	48,500	8	0,680	Non
105	48,500	8	0,680	Non
106	48,500	7	0,595	Non
107	48,000	7	0,608	Non
108	47,500	7	0,621	Non
109	47,500	7	0,622	Non
110	47,500	7	0,622	Non
111	47,000	7	0,635	Non
112	47,000	7	0,635	Non
113	47,000	7	0,635	Non
114	47,000	7	0,635	Non
115	47,000	7	0,635	Non
116	46,500	7	0,649	Non
117	46,500	7	0,649	Non
118	47,000	7	0,635	Non
119	47,000	7	0,634	Non
120	47,000	7	0,634	Non
121	47,000	7	0,634	Non
122	46,500	7	0,648	Non
123	46,500	6	0,555	Non
124	46,500	6	0,555	Non
125	47,000	7	0,634	Non
126	47,500	7	0,621	Non
127	47,000	7	0,634	Non
128	47,000	7	0,634	Non
129	47,500	7	0,621	Non
130	48,000	7	0,608	Non
131	48,000	7	0,608	Non
132	47,500	7	0,621	Non
133	48,000	7	0,609	Non
134	48,500	7	0,597	Non
135	48,500	7	0,598	Non
136	49,000	7	0,587	Non
137	49,000	7	0,589	Non
138	49,000	7	0,589	Non
139	49,500	7	0,576	Non
140	49,000	7	0,587	Non
141	49,000	7	0,587	Non
142	48,500	7	0,600	Non
143	48,500	7	0,600	Non
144	49,000	7	0,587	Non
145	48,500	7	0,600	Non
146	48,500	7	0,600	Non
147	48,500	7	0,598	Non
148	49,000	7	0,585	Non
149	49,500	8	0,656	Non
150	50,000	8	0,644	Oui
151	50,000	8	0,644	Oui
152	50,000	8	0,642	Oui
153	50,000	8	0,642	Oui
154	50,000	8	0,642	Oui
155	50,000	8	0,642	Oui
156	49,500	8	0,656	Non
157	50,000	8	0,642	Oui
158	49,500	8	0,655	Non
159	49,500	8	0,655	Non
160	49,500	8	0,655	Non
161	50,000	8	0,641	Oui
162	50,000	8	0,641	Oui
163	50,500	8	0,629	Oui
164	50,000	8	0,642	Oui
165	50,000	8	0,642	Oui
166	50,000	8	0,644	Oui
167	50,500	8	0,630	Oui
168	51,000	9	0,696	Oui
169	51,500	9	0,682	Oui
170	52,000	9	0,668	Oui
171	51,500	9	0,680	Oui
172	51,500	9	0,679	Oui
173	51,500	9	0,679	Oui
174	52,000	10	0,741	Oui
175	51,500	10	0,755	Oui
176	51,500	10	0,755	Oui
177	51,000	10	0,769	Oui
178	51,500	10	0,754	Oui
179	51,500	10	0,754	Oui
180	51,500	10	0,754	Oui
181	51,500	10	0,754	Oui
182	51,500	10	0,754	Oui
183	51,500	10	0,754	Oui
184	51,000	10	0,769	Oui
185	51,000	10	0,769	Oui
186	51,000	9	0,692	Oui
187	51,000	10	0,769	Oui
188	51,000	10	0,769	Oui
189	51,500	11	0,830	Oui
190	51,500	11	0,830	Oui
191	51,500	11	0,830	Oui
192	51,000	11	0,846	Oui
193	51,000	11	0,846	Oui
194	51,000	11	0,846	Oui
195	51,500	12	0,905	Oui
196	51,500	12	0,905	Oui
197	51,500	13	0,980	Oui
198	52,000	13	0,962	Oui
199	52,000	13	0,962	Oui
200	52,000	13	0,962	Oui
201	52,500	13	0,943	Oui
202	52,000	13	0,962	Oui
203	52,000	13	0,962	Oui
204	51,500	13	0,981	Oui
205	51,500	13	0,981	Oui
206	51,000	13	1,000	Oui
207	50,500	13	1,020	Oui
208	50,500	13	1,020	Oui
209	50,000	13	1,040	Oui
210	50,000	13	1,040	Oui
211	50,000	13	1,040	Oui
212	49,500	12	0,980	Non
213	49,000	12	1,000	Non
214	49,000	12	1,000	Non
215	49,000	12	1,000	Non
216	49,000	12	1,000	Non
217	49,000	12	1,000	Non
218	49,000	12	1,000	Non
219	49,500	12	0,980	Non
220	49,500	13	1,061	Non
221	49,500	13	1,061	Non
222	49,500	13	1,061	Non
223	50,000	13	1,040	Oui
224	49,500	13	1,061	Non
225	50,000	13	1,040	Oui
226	50,500	13	1,020	Oui
227	50,500	13	1,020	Oui
228	50,500	13	1,022	Oui
229	50,000	13	1,042	Oui
230	50,500	13	1,020	Oui
231	51,000	13	1,000	Oui
232	51,500	13	0,980	Oui
233	51,000	13	1,000	Oui
234	51,500	13	0,981	Oui
235	51,500	13	0,981	Oui
236	51,500	13	0,981	Oui
237	51,500	13	0,981	Oui
238	51,500	13	0,981	Oui
239	51,000	13	1,000	Oui
240	51,500	13	0,980	Oui
241	51,000	13	1,000	Oui
242	51,500	13	0,980	Oui
243	51,500	13	0,980	Oui
244	51,000	13	1,000	Oui
245	51,500	13	0,980	Oui
246	51,000	13	1,000	Oui
247	50,500	13	1,020	Oui
248	50,000	13	1,040	Oui
249	50,500	13	1,020	Oui
250	51,000	13	1,000	Oui
251	51,000	13	1,000	Oui
252	51,000	13	1,000	Oui
253	51,000	13	1,000	Oui
254	50,500	13	1,020	Oui
255	51,000	13	1,000	Oui
256	51,500	13	0,980	Oui
257	51,000	13	1,000	Oui
258	51,000	13	1,000	Oui
259	51,000	13	1,000	Oui
260	51,000	13	1,000	Oui
261	51,500	13	0,980	Oui
262	52,000	14	1,036	Oui
263	52,500	14	1,016	Oui
264	52,000	14	1,036	Oui
265	51,500	13	0,980	Oui
266	51,500	13	0,980	Oui
267	51,500	13	0,980	Oui
268	51,500	14	1,056	Oui
269	51,000	14	1,077	Oui
270	51,000	14	1,077	Oui
271	51,000	14	1,077	Oui
272	51,500	14	1,056	Oui
273	51,500	15	1,131	Oui
274	51,500	15	1,131	Oui
275	51,500	15	1,131	Oui
276	51,000	15	1,153	Oui
277	50,500	15	1,176	Oui
278	51,000	15	1,153	Oui
279	50,500	15	1,176	Oui
280	51,000	15	1,154	Oui
281	51,000	15	1,154	Oui
282	51,500	15	1,132	Oui
283	51,500	15	1,131	Oui
284	51,000	15	1,154	Oui
285	50,500	15	1,177	Oui
286	50,500	15	1,179	Oui
287	50,000	15	1,204	Oui
288	50,000	15	1,202	Oui
289	50,000	15	1,202	Oui
290	49,500	15	1,225	Non
291	49,000	14	1,167	Non
292	49,000	14	1,167	Non
293	49,000	14	1,167	Non
294	48,500	14	1,191	Non
295	49,000	14	1,168	Non
296	49,000	14	1,168	Non
297	49,000	14	1,168	Non
298	48,500	14	1,191	Non
299	48,500	14	1,191	Non
300	48,000	13	1,129	Non
301	48,000	13	1,129	Non
302	48,500	13	1,106	Non
303	48,500	13	1,106	Non
304	49,000	13	1,083	Non
305	49,500	13	1,062	Non
306	49,500	14	1,143	Non
307	50,000	14	1,120	Oui
308	50,000	14	1,120	Oui
309	50,000	14	1,120	Oui
310	50,500	15	1,176	Oui
311	50,500	15	1,176	Oui
312	51,000	15	1,154	Oui
313	51,000	15	1,154	Oui
314	51,000	15	1,154	Oui
315	51,500	15	1,132	Oui
316	52,000	16	1,184	Oui
317	52,500	16	1,162	Oui
318	52,000	16	1,185	Oui
319	52,000	16	1,187	Oui
320	51,500	16	1,212	Oui
321	52,000	16	1,187	Oui
322	52,000	16	1,187	Oui
323	52,000	16	1,190	Oui
324	52,000	16	1,187	Oui
325	51,500	16	1,212	Oui
326	51,000	16	1,238	Oui
327	51,500	16	1,212	Oui
328	51,000	16	1,238	Oui
329	50,500	16	1,265	Oui
330	50,500	16	1,265	Oui
331	50,000	16	1,288	Oui
332	50,000	16	1,288	Oui
333	50,000	16	1,288	Oui
334	50,000	16	1,288	Oui
335	49,500	16	1,317	Non
336	49,000	16	1,347	Non
337	48,500	16	1,378	Non
338	48,500	16	1,378	Non
339	48,000	16	1,404	Non
340	48,000	16	1,404	Non
341	48,000	16	1,404	Non
342	48,500	16	1,372	Non
343	49,000	16	1,347	Non
344	49,000	17	1,426	Non
345	49,000	17	1,426	Non
346	49,000	17	1,426	Non
347	49,000	17	1,426	Non
348	49,000	16	1,342	Non
349	48,500	16	1,372	Non
350	48,500	16	1,372	Non
351	49,000	16	1,342	Non
352	49,000	16	1,342	Non
353	49,500	17	1,395	Non
354	49,000	17	1,426	Non
355	49,500	17	1,395	Non
356	50,000	17	1,369	Oui
357	49,500	17	1,395	Non
358	50,000	17	1,365	Oui
359	49,500	17	1,395	Non
360	49,500	17	1,395	Non
361	49,500	17	1,391	Non
362	50,000	17	1,365	Oui
363	50,000	18	1,445	Oui
364	50,000	18	1,445	Oui
365	50,000	18	1,445	Oui
366	49,500	18	1,477	Non
367	49,500	17	1,395	Non
368	49,500	17	1,399	Non
369	49,000	17	1,426	Non
370	48,500	17	1,453	Non
371	48,500	17	1,453	Non
372	48,500	17	1,449	Non
373	48,000	16	1,391	Non
374	47,500	16	1,422	Non
375	48,000	16	1,391	Non
376	48,000	16	1,391	Non
377	48,000	16	1,391	Non
378	47,500	16	1,420	Non
379	47,500	16	1,418	Non
380	47,500	16	1,418	Non
381	47,500	16	1,418	Non
382	47,500	16	1,418	Non
383	47,500	16	1,418	Non
384	47,500	16	1,418	Non
385	47,500	16	1,418	Non
386	47,000	15	1,359	Non
387	47,000	15	1,358	Non
388	47,000	15	1,359	Non
389	46,500	15	1,388	Non
390	47,000	15	1,359	Non
391	46,500	15	1,389	Non
392	46,500	15	1,389	Non
393	47,000	15	1,361	Non
394	47,000	14	1,273	Non
395	47,000	14	1,273	Non
396	47,000	13	1,182	Non
397	47,000	14	1,273	Non
398	47,000	14	1,273	Non
399	47,000	14	1,273	Non
400	47,500	14	1,244	Non
401	47,500	14	1,244	Non
402	48,000	15	1,307	Non
403	48,500	15	1,279	Non
404	48,500	15	1,279	Non
405	48,500	15	1,279	Non
406	49,000	15	1,254	Non
407	49,000	15	1,254	Non
408	49,500	15	1,227	Non
409	49,500	15	1,227	Non
410	49,000	15	1,254	Non
411	48,500	15	1,282	Non
412	49,000	15	1,258	Non
413	49,500	15	1,235	Non
414	50,000	15	1,212	Oui
415	49,500	15	1,240	Non
416	49,500	15	1,240	Non
417	49,000	15	1,263	Non
418	49,000	15	1,263	Non
419	49,000	14	1,178	Non
420	48,500	14	1,201	Non
421	49,000	14	1,178	Non
422	49,500	14	1,157	Non
423	49,500	14	1,163	Non
424	50,000	14	1,136	Oui
425	50,000	14	1,136	Oui
426	50,000	15	1,224	Oui
427	50,500	15	1,196	Oui
428	50,500	16	1,283	Oui
429	51,000	16	1,254	Oui
430	51,000	17	1,332	Oui
431	50,500	17	1,356	Oui
432	50,000	17	1,380	Oui
433	50,500	17	1,349	Oui
434	50,000	17	1,380	Oui
435	50,000	17	1,380	Oui
436	50,000	17	1,380	Oui
437	50,500	17	1,356	Oui
438	50,500	17	1,356	Oui
439	50,500	17	1,356	Oui
440	50,500	17	1,356	Oui
441	51,000	17	1,326	Oui
442	51,000	18	1,404	Oui
443	51,000	18	1,404	Oui
444	51,000	18	1,404	Oui
445	51,000	18	1,404	Oui
446	51,000	18	1,404	Oui
447	51,000	18	1,404	Oui
448	51,500	18	1,379	Oui
449	51,500	18	1,379	Oui
450	51,500	18	1,379	Oui
451	51,500	18	1,379	Oui
452	51,500	18	1,379	Oui
453	51,500	18	1,379	Oui
454	52,000	18	1,356	Oui
455	52,000	18	1,349	Oui
456	51,500	18	1,379	Oui
457	52,000	18	1,356	Oui
458	52,500	18	1,333	Oui
459	52,000	18	1,356	Oui
460	52,000	18	1,356	Oui
461	51,500	17	1,310	Oui
462	51,500	17	1,303	Oui
463	51,500	17	1,303	Oui
464	52,000	18	1,356	Oui
465	52,000	18	1,356	Oui
466	51,500	18	1,379	Oui
467	51,500	17	1,310	Oui
468	51,500	17	1,310	Oui
469	52,000	17	1,281	Oui
470	52,500	17	1,253	Oui
471	52,500	18	1,326	Oui
472	52,000	17	1,281	Oui
473	52,000	17	1,274	Oui
474	52,500	17	1,247	Oui
475	52,500	17	1,247	Oui
476	53,000	17	1,221	Oui
477	53,000	17	1,221	Oui
478	53,000	17	1,217	Oui
479	53,000	17	1,217	Oui
480	53,000	17	1,217	Oui
481	53,000	17	1,217	Oui
482	53,000	16	1,146	Oui
483	53,000	16	1,143	Oui
484	53,000	16	1,143	Oui
485	53,500	16	1,120	Oui
486	53,500	16	1,120	Oui
487	53,500	16	1,120	Oui
488	53,500	16	1,120	Oui
489	53,000	16	1,143	Oui
490	53,000	16	1,143	Oui
491	53,000	16	1,143	Oui
492	53,000	16	1,141	Oui
493	53,000	16	1,141	Oui
494	53,500	16	1,119	Oui
495	53,500	16	1,119	Oui
496	54,000	17	1,168	Oui
497	54,500	17	1,146	Oui
498	54,500	17	1,146	Oui
499	54,500	17	1,146	Oui
500	55,000	17	1,124	Oui
501	55,000	18	1,190	Oui
502	55,000	18	1,190	Oui
503	55,500	19	1,235	Oui
504	55,500	19	1,235	Oui
505	55,000	18	1,192	Oui
506	55,000	18	1,190	Oui
507	54,500	18	1,213	Oui
508	55,000	18	1,190	Oui
509	55,000	18	1,192	Oui
510	55,000	18	1,192	Oui
511	55,000	18	1,192	Oui
512	55,000	18	1,194	Oui
513	55,000	18	1,194	Oui
514	55,500	18	1,171	Oui
515	55,000	17	1,127	Oui
516	54,500	17	1,147	Oui
517	54,000	17	1,170	Oui
518	54,000	17	1,170	Oui
519	54,000	17	1,170	Oui
520	54,500	17	1,147	Oui
521	54,000	17	1,168	Oui
522	54,500	17	1,146	Oui
523	54,500	16	1,078	Oui
524	54,500	17	1,146	Oui
525	54,500	17	1,146	Oui
526	54,500	17	1,146	Oui
527	54,000	17	1,166	Oui
528	54,000	17	1,166	Oui
529	54,500	17	1,146	Oui
530	54,500	17	1,147	Oui
531	55,000	17	1,125	Oui
532	55,000	17	1,125	Oui
533	55,000	17	1,124	Oui
534	55,000	18	1,190	Oui
535	55,000	18	1,190	Oui
536	55,500	18	1,169	Oui
537	56,000	18	1,148	Oui
538	56,000	18	1,148	Oui
539	56,500	18	1,128	Oui
540	56,500	18	1,128	Oui
541	56,500	18	1,128	Oui
542	56,000	18	1,148	Oui
543	56,000	17	1,084	Oui
544	56,000	17	1,085	Oui
545	56,000	17	1,085	Oui
546	56,500	17	1,065	Oui
547	56,500	17	1,065	Oui
548	56,500	17	1,065	Oui
549	56,500	17	1,065	Oui
550	56,000	17	1,085	Oui
551	56,000	17	1,085	Oui
552	56,000	16	1,020	Oui
553	56,000	16	1,020	Oui
554	56,000	16	1,020	Oui
555	55,500	16	1,039	Oui
556	55,000	16	1,058	Oui
557	55,500	16	1,039	Oui
558	55,000	16	1,058	Oui
559	55,000	16	1,058	Oui
560	55,500	16	1,039	Oui
561	55,500	16	1,039	Oui
562	55,000	15	0,992	Oui
563	54,500	15	1,010	Oui
564	55,000	15	0,992	Oui
565	55,000	15	0,992	Oui
566	55,000	15	0,992	Oui
567	54,500	15	1,010	Oui
568	54,000	15	1,029	Oui
569	54,500	15	1,011	Oui
570	54,500	15	1,011	Oui
571	55,000	15	0,993	Oui
572	54,500	15	1,011	Oui
573	54,500	15	1,011	Oui
574	55,000	15	0,993	Oui
575	55,000	15	0,992	Oui
576	55,000	15	0,992	Oui
577	55,500	15	0,974	Oui
578	55,500	15	0,974	Oui
579	55,500	15	0,974	Oui
580	55,500	15	0,974	Oui
581	55,500	15	0,974	Oui
582	55,000	15	0,992	Oui
583	55,000	15	0,992	Oui
584	55,000	15	0,992	Oui
585	55,000	15	0,992	Oui
586	55,500	16	1,039	Oui
587	55,000	15	0,992	Oui
588	54,500	15	1,010	Oui
589	55,000	15	0,992	Oui
590	55,000	16	1,058	Oui
591	55,000	16	1,058	Oui
592	55,500	16	1,039	Oui
593	55,500	16	1,039	Oui
594	55,500	17	1,104	Oui
595	55,500	17	1,105	Oui
596	55,500	16	1,040	Oui
597	55,000	16	1,059	Oui
598	55,000	16	1,059	Oui
599	55,000	16	1,059	Oui
600	55,000	16	1,058	Oui
601	55,000	15	0,992	Oui
602	55,000	15	0,992	Oui
603	54,500	15	1,010	Oui
604	54,500	15	1,010	Oui
605	54,500	15	1,010	Oui
606	54,500	15	1,010	Oui
607	54,500	15	1,010	Oui
608	54,500	15	1,011	Oui
609	55,000	15	0,992	Oui
610	55,500	15	0,974	Oui
611	55,500	15	0,974	Oui
612	55,500	15	0,974	Oui
613	55,500	15	0,975	Oui
614	55,500	15	0,976	Oui
615	56,000	15	0,959	Oui
616	56,500	16	1,004	Oui
617	56,500	16	1,004	Oui
618	56,500	16	1,004	Oui
619	56,500	16	1,004	Oui
620	56,500	16	1,004	Oui
621	56,500	16	1,006	Oui
622	56,500	16	1,009	Oui
623	56,500	17	1,072	Oui
624	56,500	17	1,069	Oui
625	56,000	16	1,023	Oui
626	55,500	16	1,043	Oui
627	55,500	15	0,978	Oui
628	55,500	16	1,043	Oui
629	55,000	15	0,995	Oui
630	54,500	15	1,014	Oui
631	54,500	15	1,014	Oui
632	54,500	15	1,014	Oui
633	54,500	15	1,014	Oui
634	55,000	15	0,997	Oui
635	55,500	16	1,043	Oui
636	56,000	16	1,026	Oui
637	56,000	17	1,090	Oui
638	56,500	17	1,069	Oui
639	57,000	17	1,049	Oui
640	57,000	17	1,052	Oui
641	56,500	16	1,006	Oui
642	56,000	16	1,026	Oui
643	56,500	16	1,009	Oui
644	57,000	17	1,052	Oui
645	56,500	17	1,069	Oui
646	57,000	17	1,049	Oui
647	57,000	17	1,049	Oui
648	57,000	17	1,052	Oui
649	56,500	17	1,072	Oui
650	56,000	17	1,090	Oui
651	56,000	17	1,090	Oui
652	56,000	17	1,090	Oui
653	56,000	17	1,093	Oui
654	55,500	17	1,115	Oui
655	55,500	17	1,111	Oui
656	55,500	17	1,111	Oui
657	55,000	17	1,133	Oui
658	55,000	17	1,138	Oui
659	55,000	17	1,138	Oui
660	55,000	17	1,138	Oui
661	55,500	17	1,115	Oui
662	55,500	17	1,115	Oui
663	55,500	16	1,049	Oui
664	55,000	16	1,071	Oui
665	55,000	16	1,071	Oui
666	55,500	16	1,049	Oui
667	55,500	16	1,053	Oui
668	55,500	16	1,058	Oui
669	55,000	16	1,075	Oui
670	54,500	15	1,025	Oui
671	54,000	15	1,046	Oui
672	54,000	15	1,046	Oui
673	53,500	15	1,064	Oui
674	53,000	15	1,082	Oui
675	53,000	15	1,082	Oui
676	52,500	15	1,101	Oui
677	53,000	15	1,078	Oui
678	53,000	15	1,078	Oui
679	53,500	15	1,059	Oui
680	53,000	15	1,078	Oui
681	53,000	15	1,078	Oui
682	52,500	15	1,096	Oui
683	52,500	15	1,096	Oui
684	53,000	16	1,146	Oui
685	53,000	16	1,146	Oui
686	53,000	16	1,146	Oui
687	53,500	17	1,193	Oui
688	53,000	17	1,217	Oui
689	53,500	17	1,193	Oui
690	53,500	17	1,193	Oui
691	53,500	17	1,193	Oui
692	53,000	17	1,214	Oui
693	53,000	17	1,214	Oui
694	52,500	17	1,236	Oui
695	52,500	16	1,162	Oui
696	52,000	16	1,185	Oui
697	51,500	16	1,208	Oui
698	52,000	16	1,184	Oui
699	52,000	16	1,184	Oui
700	52,000	15	1,110	Oui
701	51,500	15	1,132	Oui
702	51,000	14	1,077	Oui
703	50,500	14	1,099	Oui
704	50,500	14	1,099	Oui
705	50,500	14	1,099	Oui
706	50,000	14	1,120	Oui
707	50,500	14	1,098	Oui
708	50,000	13	1,040	Oui
709	50,000	13	1,040	Oui
710	50,000	13	1,040	Oui
711	50,500	14	1,098	Oui
712	50,000	14	1,120	Oui
713	50,000	14	1,120	Oui
714	49,500	14	1,143	Non
715	49,500	14	1,143	Non
716	49,500	14	1,143	Non
717	50,000	14	1,120	Oui
718	50,500	14	1,098	Oui
719	50,500	15	1,176	Oui
720	50,500	15	1,176	Oui
721	50,500	15	1,176	Oui
722	50,500	15	1,176	Oui
723	50,000	14	1,120	Oui
724	50,000	14	1,120	Oui
725	50,000	14	1,120	Oui
726	50,000	14	1,120	Oui
727	50,000	14	1,120	Oui
728	50,000	14	1,120	Oui
729	49,500	14	1,143	Non
730	49,000	14	1,166	Non
731	48,500	14	1,190	Non
732	48,500	14	1,190	Non
733	48,000	13	1,129	Non
734	47,500	13	1,152	Non
735	47,500	13	1,152	Non
736	47,000	13	1,178	Non
737	46,500	13	1,204	Non
738	47,000	13	1,178	Non
739	47,000	13	1,177	Non
740	47,000	13	1,177	Non
741	47,500	13	1,152	Non
742	47,500	13	1,152	Non
743	47,000	13	1,178	Non
744	46,500	13	1,204	Non
745	47,000	13	1,179	Non
746	46,500	13	1,204	Non
747	46,500	13	1,204	Non
748	46,000	13	1,231	Non
749	46,000	13	1,231	Non
750	46,000	13	1,231	Non
751	45,500	13	1,257	Non
752	45,500	13	1,256	Non
753	45,000	13	1,284	Non
754	45,000	13	1,284	Non
755	45,500	13	1,256	Non
756	45,500	13	1,256	Non
757	45,000	13	1,285	Non
758	45,000	13	1,285	Non
759	45,500	13	1,256	Non
760	45,500	13	1,256	Non
761	45,000	13	1,285	Non
762	45,000	13	1,285	Non
763	45,000	13	1,285	Non
764	45,000	13	1,286	Non
765	45,500	14	1,354	Non
766	45,500	14	1,354	Non
767	46,000	14	1,326	Non
768	46,500	14	1,299	Non
769	46,000	14	1,329	Non
770	46,000	14	1,329	Non
771	46,000	14	1,329	Non
772	46,000	14	1,329	Non
773	46,500	14	1,302	Non
774	46,500	15	1,395	Non
775	46,500	15	1,395	Non
776	47,000	16	1,455	Non
777	47,000	16	1,455	Non
778	47,500	16	1,426	Non
779	47,500	16	1,426	Non
780	47,500	16	1,426	Non
781	47,500	16	1,426	Non
782	47,500	16	1,426	Non
783	48,000	16	1,399	Non
784	48,000	16	1,399	Non
785	48,000	15	1,311	Non
786	47,500	15	1,342	Non
787	48,000	15	1,311	Non
788	48,500	15	1,286	Non
789	48,000	14	1,224	Non
790	47,500	14	1,252	Non
791	48,000	14	1,224	Non
792	47,500	14	1,252	Non
793	47,000	13	1,186	Non
794	47,000	13	1,186	Non
795	46,500	13	1,209	Non
796	46,500	13	1,206	Non
797	46,500	13	1,206	Non
798	46,000	13	1,234	Non
799	46,000	13	1,234	Non
800	45,500	13	1,263	Non
801	45,000	13	1,294	Non
802	45,000	13	1,294	Non
803	45,000	13	1,294	Non
804	45,000	13	1,294	Non
805	45,500	13	1,263	Non
806	45,500	13	1,268	Non
807	46,000	13	1,243	Non
808	45,500	13	1,275	Non
809	45,500	13	1,275	Non
810	45,000	13	1,300	Non
811	45,500	13	1,275	Non
812	45,000	13	1,300	Non
813	44,500	13	1,327	Non
814	44,000	13	1,354	Non
815	44,000	12	1,250	Non
816	44,000	13	1,354	Non
817	44,500	13	1,321	Non
818	44,500	13	1,321	Non
819	44,500	13	1,321	Non
820	44,500	13	1,321	Non
821	44,500	13	1,317	Non
822	44,000	12	1,242	Non
823	44,000	12	1,245	Non
824	44,000	13	1,349	Non
825	44,500	13	1,317	Non
826	44,500	13	1,317	Non
827	44,500	12	1,213	Non
828	44,500	12	1,216	Non
829	45,000	13	1,286	Non
830	45,000	13	1,286	Non
831	45,000	13	1,286	Non
832	45,000	13	1,286	Non
833	45,000	13	1,285	Non
834	44,500	12	1,212	Non
835	44,000	12	1,240	Non
836	44,000	11	1,136	Non
837	43,500	11	1,163	Non
838	43,000	11	1,190	Non
839	43,000	11	1,190	Non
840	43,000	11	1,190	Non
841	43,000	11	1,190	Non
842	43,500	11	1,163	Non
843	43,000	10	1,082	Non
844	43,000	10	1,082	Non
845	43,500	10	1,057	Non
846	43,500	10	1,058	Non
847	43,500	10	1,058	Non
848	43,000	10	1,082	Non
849	43,000	10	1,082	Non
850	43,000	10	1,082	Non
851	43,000	10	1,082	Non
852	43,000	10	1,082	Non
853	42,500	10	1,107	Non
854	43,000	10	1,082	Non
855	42,500	10	1,107	Non
856	42,500	10	1,107	Non
857	43,000	10	1,082	Non
858	43,000	10	1,082	Non
859	43,000	10	1,082	Non
860	43,500	10	1,057	Non
861	43,000	10	1,082	Non
862	42,500	10	1,107	Non
863	42,500	10	1,107	Non
864	42,500	10	1,107	Non
865	42,500	10	1,107	Non
866	42,500	10	1,107	Non
867	42,000	10	1,134	Non
868	41,500	10	1,161	Non
869	41,500	10	1,161	Non
870	41,500	10	1,161	Non
871	42,000	10	1,134	Non
872	42,500	10	1,107	Non
873	43,000	10	1,082	Non
874	43,000	10	1,082	Non
875	43,500	10	1,057	Non
876	44,000	10	1,034	Non
877	44,000	10	1,035	Non
878	44,000	11	1,137	Non
879	43,500	11	1,163	Non
880	44,000	11	1,136	Non
881	44,000	11	1,136	Non
882	44,000	11	1,136	Non
883	43,500	10	1,057	Non
884	43,500	10	1,057	Non
885	43,500	11	1,163	Non
886	43,500	10	1,057	Non
887	43,500	10	1,057	Non
888	43,500	10	1,057	Non
889	43,500	10	1,057	Non
890	44,000	10	1,034	Non
891	44,500	11	1,111	Non
892	45,000	11	1,087	Non
893	45,500	12	1,159	Non
894	46,000	12	1,134	Non
895	45,500	12	1,159	Non
896	46,000	12	1,134	Non
897	46,000	12	1,134	Non
898	46,000	12	1,134	Non
899	46,500	12	1,110	Non
900	46,500	12	1,110	Non
901	47,000	12	1,087	Non
902	47,500	12	1,065	Non
903	48,000	12	1,043	Non
904	47,500	12	1,067	Non
905	48,000	12	1,046	Non
906	48,000	12	1,046	Non
907	47,500	12	1,070	Non
908	48,000	12	1,046	Non
909	48,000	12	1,046	Non
910	47,500	11	0,978	Non
911	47,000	11	1,000	Non
912	47,000	11	1,000	Non
913	47,000	11	1,000	Non
914	47,500	11	0,980	Non
915	47,500	11	0,980	Non
916	48,000	11	0,959	Non
917	48,000	11	0,962	Non
918	47,500	10	0,891	Non
919	47,500	10	0,891	Non
920	47,000	10	0,909	Non
921	47,000	10	0,909	Non
922	46,500	10	0,928	Non
923	46,500	10	0,928	Non
924	46,500	10	0,928	Non
925	46,500	10	0,928	Non
926	46,500	10	0,928	Non
927	46,500	10	0,928	Non
928	46,500	10	0,928	Non
929	46,500	10	0,928	Non
930	46,500	10	0,928	Non
931	47,000	10	0,907	Non
932	47,000	10	0,907	Non
933	47,000	10	0,907	Non
934	47,000	10	0,907	Non
935	47,500	10	0,887	Non
936	48,000	10	0,870	Non
937	48,500	11	0,936	Non
938	48,000	11	0,955	Non
939	48,000	11	0,955	Non
940	48,000	11	0,955	Non
941	48,000	11	0,955	Non
942	48,000	11	0,955	Non
943	48,500	11	0,935	Non
944	49,000	12	1,000	Non
945	48,500	12	1,020	Non
946	49,000	12	1,000	Non
947	48,500	12	1,020	Non
948	49,000	12	1,000	Non
949	49,500	12	0,980	Non
950	50,000	12	0,962	Oui
951	50,500	13	1,020	Oui
952	50,000	13	1,040	Oui
953	50,000	13	1,040	Oui
954	50,000	13	1,040	Oui
955	50,000	13	1,042	Oui
956	50,000	13	1,042	Oui
957	50,500	13	1,020	Oui
958	50,500	13	1,020	Oui
959	50,000	13	1,040	Oui
960	50,000	13	1,040	Oui
961	50,500	13	1,020	Oui
962	50,500	13	1,020	Oui
963	51,000	13	1,001	Oui
964	51,000	13	1,000	Oui
965	50,500	13	1,020	Oui
966	51,000	13	1,000	Oui
967	50,500	13	1,020	Oui
968	50,500	13	1,020	Oui
969	51,000	14	1,077	Oui
970	51,500	14	1,056	Oui
971	51,500	14	1,056	Oui
972	51,500	14	1,056	Oui
973	51,500	13	0,981	Oui
974	51,000	13	1,000	Oui
975	51,000	12	0,924	Oui
976	51,000	12	0,923	Oui
977	50,500	12	0,942	Oui
978	50,000	12	0,962	Oui
979	49,500	12	0,982	Non
980	49,500	12	0,982	Non
981	49,000	12	1,001	Non
982	49,000	12	1,001	Non
983	48,500	12	1,023	Non
984	49,000	12	1,003	Non
985	49,000	12	1,006	Non
986	49,000	12	1,006	Non
987	49,000	12	1,003	Non
988	49,000	13	1,090	Non
989	49,000	13	1,090	Non
990	49,000	13	1,090	Non
991	49,000	13	1,087	Non
992	49,000	13	1,087	Non
993	49,000	13	1,087	Non
994	49,000	13	1,085	Non
995	49,000	13	1,085	Non
996	48,500	13	1,106	Non
997	48,500	13	1,106	Non
998	48,500	13	1,106	Non
999	48,500	13	1,106	Non
1000	48,500	13	1,106	Non
1001	48,500	13	1,106	Non
1002	48,500	13	1,106	Non
1003	49,000	13	1,083	Non
1004	49,000	13	1,083	Non
1005	49,000	13	1,083	Non
1006	49,000	13	1,083	Non
1007	48,500	13	1,105	Non
1008	49,000	13	1,083	Non
1009	49,000	13	1,083	Non
1010	49,500	14	1,144	Non
1011	49,000	14	1,168	Non
1012	49,500	14	1,144	Non
1013	49,500	14	1,144	Non
1014	50,000	14	1,120	Oui
1015	50,000	13	1,040	Oui
1016	50,000	13	1,040	Oui
1017	49,500	13	1,061	Non
1018	50,000	13	1,040	Oui
1019	49,500	13	1,061	Non
1020	50,000	13	1,040	Oui
1021	50,000	13	1,040	Oui
1022	50,500	13	1,020	Oui
1023	50,500	13	1,020	Oui
1024	50,500	13	1,020	Oui
1025	50,500	13	1,020	Oui
1026	51,000	13	1,001	Oui
1027	50,500	13	1,022	Oui
1028	50,500	12	0,943	Oui
1029	50,000	12	0,963	Oui
1030	50,500	12	0,943	Oui
1031	50,500	12	0,943	Oui
1032	50,500	12	0,943	Oui
1033	50,500	12	0,943	Oui
1034	50,500	12	0,943	Oui
1035	51,000	12	0,926	Oui
1036	51,000	13	1,003	Oui
1037	51,500	13	0,985	Oui
1038	51,500	13	0,985	Oui
1039	51,000	13	1,006	Oui
1040	50,500	13	1,024	Oui
1041	50,500	13	1,024	Oui
1042	50,500	13	1,024	Oui
1043	50,500	13	1,024	Oui
1044	50,000	13	1,047	Oui
1045	50,000	13	1,044	Oui
1046	50,000	13	1,042	Oui
1047	50,000	13	1,042	Oui
1048	50,000	13	1,042	Oui
1049	50,500	13	1,020	Oui
1050	50,500	13	1,020	Oui
1051	51,000	13	1,001	Oui
1052	51,000	13	1,001	Oui
1053	51,500	13	0,981	Oui
1054	51,500	13	0,983	Oui
1055	52,000	13	0,965	Oui
1056	52,000	13	0,965	Oui
1057	52,000	13	0,965	Oui
1058	51,500	13	0,983	Oui
1059	51,500	13	0,983	Oui
1060	51,500	13	0,981	Oui
1061	52,000	13	0,963	Oui
1062	52,500	14	1,017	Oui
1063	52,000	14	1,036	Oui
1064	52,500	14	1,017	Oui
1065	52,500	14	1,017	Oui
1066	52,000	14	1,037	Oui
1067	52,500	14	1,017	Oui
1068	52,500	14	1,017	Oui
1069	53,000	14	0,997	Oui
1070	53,500	14	0,978	Oui
1071	53,000	14	0,997	Oui
1072	52,500	14	1,016	Oui
1073	52,000	14	1,036	Oui
1074	52,500	14	1,016	Oui
1075	52,500	14	1,017	Oui
1076	52,500	14	1,017	Oui
1077	52,000	13	0,963	Oui
1078	52,000	13	0,963	Oui
1079	52,000	13	0,963	Oui
1080	52,000	13	0,963	Oui
1081	52,500	13	0,944	Oui
1082	53,000	14	0,998	Oui
1083	53,500	14	0,979	Oui
1084	53,500	13	0,909	Oui
1085	53,000	13	0,926	Oui
1086	53,000	13	0,926	Oui
1087	53,000	14	0,998	Oui
1088	53,000	14	0,998	Oui
1089	52,500	14	1,017	Oui
1090	52,500	13	0,944	Oui
1091	52,500	13	0,943	Oui
1092	52,000	12	0,888	Oui
1093	51,500	12	0,905	Oui
1094	51,500	12	0,905	Oui
1095	52,000	12	0,888	Oui
1096	52,000	12	0,888	Oui
1097	52,500	12	0,871	Oui
1098	52,500	12	0,873	Oui
1099	52,000	12	0,889	Oui
1100	52,000	12	0,888	Oui
1101	52,000	12	0,888	Oui
1102	51,500	12	0,905	Oui
1103	51,000	12	0,923	Oui
1104	51,500	12	0,906	Oui
1105	51,000	12	0,924	Oui
1106	51,500	12	0,907	Oui
1107	52,000	12	0,891	Oui
1108	51,500	12	0,907	Oui
1109	51,000	12	0,924	Oui
1110	51,000	12	0,924	Oui
1111	51,000	12	0,924	Oui
1112	51,000	12	0,924	Oui
1113	51,500	12	0,907	Oui
1114	51,500	12	0,907	Oui
1115	52,000	13	0,965	Oui
1116	51,500	13	0,983	Oui
1117	51,000	13	1,003	Oui
1118	51,000	13	1,003	Oui
1119	51,000	13	1,003	Oui
1120	51,000	13	1,003	Oui
1121	51,000	13	1,003	Oui
1122	51,500	13	0,985	Oui
1123	52,000	13	0,965	Oui
1124	51,500	13	0,983	Oui
1125	52,000	13	0,963	Oui
1126	52,000	13	0,963	Oui
1127	52,500	13	0,945	Oui
1128	53,000	13	0,929	Oui
1129	53,500	13	0,912	Oui
1130	54,000	13	0,894	Oui
1131	54,000	14	0,963	Oui
1132	54,000	14	0,963	Oui
1133	54,000	14	0,963	Oui
1134	54,000	14	0,963	Oui
1135	53,500	14	0,980	Oui
1136	53,500	13	0,910	Oui
1137	53,500	13	0,909	Oui
1138	53,500	13	0,909	Oui
1139	53,000	13	0,926	Oui
1140	53,000	13	0,926	Oui
1141	52,500	13	0,943	Oui
1142	52,500	13	0,943	Oui
1143	52,500	12	0,871	Oui
1144	52,000	12	0,888	Oui
1145	52,000	12	0,888	Oui
1146	52,000	12	0,888	Oui
1147	52,000	12	0,888	Oui
1148	52,000	12	0,888	Oui
1149	51,500	12	0,906	Oui
1150	51,500	11	0,831	Oui
1151	51,000	11	0,847	Oui
1152	51,500	11	0,831	Oui
1153	52,000	11	0,816	Oui
1154	52,500	11	0,802	Oui
1155	52,500	11	0,802	Oui
1156	53,000	11	0,786	Oui
1157	52,500	11	0,800	Oui
1158	52,500	11	0,800	Oui
1159	52,500	11	0,800	Oui
1160	52,000	11	0,816	Oui
1161	51,500	11	0,833	Oui
1162	51,500	11	0,833	Oui
1163	51,500	10	0,758	Oui
1164	51,500	10	0,756	Oui
1165	52,000	10	0,741	Oui
1166	51,500	10	0,755	Oui
1167	52,000	10	0,741	Oui
1168	51,500	9	0,680	Oui
1169	51,000	9	0,693	Oui
1170	50,500	9	0,706	Oui
1171	50,000	9	0,720	Oui
1172	50,000	9	0,720	Oui
1173	49,500	9	0,735	Non
1174	50,000	9	0,720	Oui
1175	49,500	9	0,735	Non
1176	49,500	9	0,735	Non
1177	50,000	9	0,720	Oui
1178	50,500	9	0,706	Oui
1179	51,000	9	0,692	Oui
1180	51,500	9	0,679	Oui
1181	51,500	9	0,679	Oui
1182	51,500	9	0,679	Oui
1183	51,500	9	0,679	Oui
1184	51,000	9	0,692	Oui
1185	51,000	9	0,693	Oui
1186	51,000	9	0,693	Oui
1187	50,500	8	0,628	Oui
1188	50,500	8	0,629	Oui
1189	50,500	8	0,629	Oui
1190	51,000	8	0,616	Oui
1191	50,500	8	0,628	Oui
1192	50,500	8	0,628	Oui
1193	50,500	8	0,628	Oui
1194	50,000	8	0,640	Oui
1195	50,500	8	0,628	Oui
1196	50,500	8	0,628	Oui
1197	50,500	8	0,628	Oui
1198	50,500	8	0,628	Oui
1199	50,500	8	0,628	Oui
1200	51,000	8	0,616	Oui
1201	51,000	8	0,616	Oui
1202	50,500	8	0,629	Oui
1203	50,000	8	0,641	Oui
1204	50,500	8	0,628	Oui
1205	50,500	8	0,627	Oui
1206	50,000	8	0,640	Oui
1207	50,500	8	0,627	Oui
1208	50,500	8	0,627	Oui
1209	50,500	8	0,627	Oui
1210	50,500	8	0,627	Oui
1211	51,000	8	0,615	Oui
1212	51,000	8	0,615	Oui
1213	51,500	9	0,679	Oui
1214	51,500	9	0,679	Oui
1215	51,000	9	0,693	Oui
1216	50,500	9	0,708	Oui
1217	50,500	9	0,708	Oui
1218	50,500	9	0,706	Oui
1219	51,000	10	0,770	Oui
1220	51,000	10	0,769	Oui
1221	50,500	10	0,785	Oui
1222	50,000	9	0,721	Oui
1223	49,500	9	0,735	Non
1224	49,000	9	0,751	Non
1225	49,000	9	0,751	Non
1226	49,000	9	0,751	Non
1227	49,000	9	0,751	Non
1228	48,500	9	0,767	Non
1229	48,500	9	0,767	Non
1230	48,500	9	0,766	Non
1231	48,500	9	0,766	Non
1232	49,000	9	0,751	Non
1233	49,000	9	0,751	Non
1234	49,000	9	0,751	Non
1235	48,500	8	0,682	Non
1236	48,000	8	0,696	Non
1237	47,500	8	0,711	Non
1238	48,000	8	0,697	Non
1239	48,000	8	0,697	Non
1240	48,000	8	0,697	Non
1241	48,000	8	0,697	Non
1242	47,500	8	0,711	Non
1243	47,500	8	0,711	Non
1244	48,000	8	0,697	Non
1245	48,000	8	0,697	Non
1246	48,000	8	0,696	Non
1247	48,500	8	0,681	Non
1248	48,500	8	0,681	Non
1249	48,000	8	0,695	Non
1250	48,000	8	0,695	Non
1251	47,500	8	0,710	Non
1252	48,000	8	0,695	Non
1253	47,500	8	0,709	Non
1254	47,500	8	0,710	Non
1255	47,000	8	0,726	Non
1256	47,000	8	0,726	Non
1257	46,500	8	0,741	Non
1258	47,000	8	0,726	Non
1259	47,000	8	0,726	Non
1260	46,500	8	0,741	Non
1261	46,000	7	0,663	Non
1262	45,500	7	0,677	Non
1263	46,000	7	0,663	Non
1264	46,000	7	0,664	Non
1265	46,000	7	0,664	Non
1266	46,500	7	0,649	Non
1267	46,500	8	0,742	Non
1268	47,000	8	0,727	Non
1269	47,000	8	0,727	Non
1270	47,000	8	0,726	Non
1271	47,500	9	0,800	Non
1272	48,000	9	0,783	Non
1273	48,500	10	0,853	Non
1274	48,500	10	0,853	Non
1275	48,000	10	0,870	Non
1276	47,500	10	0,889	Non
1277	47,500	10	0,889	Non
1278	47,500	10	0,887	Non
1279	47,500	10	0,887	Non
1280	47,000	10	0,906	Non
1281	47,000	9	0,816	Non
1282	46,500	9	0,833	Non
1283	46,000	9	0,852	Non
1284	45,500	9	0,872	Non
1285	46,000	9	0,852	Non
1286	46,000	8	0,758	Non
1287	46,000	9	0,852	Non
1288	46,000	9	0,852	Non
1289	46,000	9	0,852	Non
1290	46,000	9	0,854	Non
1291	46,000	9	0,854	Non
1292	46,000	9	0,854	Non
1293	46,000	9	0,854	Non
1294	46,000	9	0,854	Non
1295	46,000	9	0,857	Non
1296	46,000	9	0,857	Non
1297	45,500	9	0,878	Non
1298	45,500	9	0,878	Non
1299	45,500	9	0,878	Non
1300	45,000	9	0,896	Non
1301	45,000	9	0,893	Non
1302	45,000	9	0,893	Non
1303	45,000	9	0,893	Non
1304	44,500	9	0,912	Non
1305	44,500	9	0,912	Non
1306	44,500	9	0,912	Non
1307	44,000	9	0,932	Non
1308	44,500	9	0,910	Non
1309	44,500	9	0,910	Non
1310	44,500	9	0,910	Non
1311	44,500	9	0,910	Non
1312	44,500	9	0,910	Non
1313	44,000	9	0,930	Non
1314	44,000	8	0,827	Non
1315	44,000	8	0,826	Non
1316	44,500	9	0,909	Non
1317	44,500	9	0,909	Non
1318	45,000	9	0,889	Non
1319	45,000	9	0,889	Non
1320	45,000	9	0,889	Non
1321	45,000	9	0,889	Non
1322	44,500	9	0,909	Non
1323	44,500	9	0,909	Non
1324	44,500	9	0,909	Non
1325	44,000	9	0,930	Non
1326	44,500	9	0,909	Non
1327	44,500	10	1,010	Non
1328	44,500	10	1,010	Non
1329	44,500	10	1,010	Non
1330	44,500	9	0,910	Non
1331	44,500	9	0,909	Non
1332	45,000	9	0,889	Non
1333	45,500	9	0,870	Non
1334	45,500	9	0,870	Non
1335	45,500	9	0,870	Non
1336	45,000	9	0,889	Non
1337	45,000	9	0,889	Non
1338	45,500	9	0,870	Non
1339	46,000	10	0,946	Non
1340	46,500	10	0,925	Non
1341	47,000	10	0,905	Non
1342	47,000	10	0,905	Non
1343	46,500	10	0,925	Non
1344	46,500	10	0,925	Non
1345	47,000	10	0,906	Non
1346	47,000	10	0,905	Non
1347	47,000	10	0,905	Non
1348	46,500	10	0,925	Non
1349	46,500	10	0,925	Non
1350	46,500	10	0,925	Non
1351	46,500	10	0,925	Non
1352	46,500	10	0,925	Non
1353	46,500	10	0,925	Non
1354	46,000	10	0,945	Non
1355	46,000	10	0,945	Non
1356	45,500	10	0,966	Non
1357	46,000	10	0,945	Non
1358	46,500	11	1,018	Non
1359	47,000	11	0,996	Non
1360	47,000	11	0,996	Non
1361	47,000	11	0,996	Non
1362	47,500	11	0,975	Non
1363	47,500	11	0,975	Non
1364	47,000	11	0,996	Non
1365	46,500	11	1,019	Non
1366	47,000	11	0,996	Non
1367	47,000	12	1,087	Non
1368	47,500	12	1,065	Non
1369	47,500	12	1,065	Non
1370	48,000	12	1,042	Non
1371	48,500	12	1,020	Non
1372	49,000	13	1,083	Non
1373	49,000	13	1,083	Non
1374	49,000	13	1,083	Non
1375	49,500	14	1,144	Non
1376	49,000	14	1,167	Non
1377	49,000	14	1,166	Non
1378	48,500	14	1,190	Non
1379	48,000	14	1,216	Non
1380	47,500	14	1,242	Non
1381	48,000	14	1,216	Non
1382	48,500	14	1,190	Non
1383	48,500	14	1,190	Non
1384	48,500	14	1,190	Non
1385	48,000	14	1,216	Non
1386	48,500	14	1,190	Non
1387	48,500	14	1,190	Non
1388	48,000	14	1,216	Non
1389	48,500	14	1,190	Non
1390	48,000	14	1,215	Non
1391	48,500	14	1,190	Non
1392	48,500	14	1,190	Non
1393	48,500	14	1,190	Non
1394	49,000	14	1,166	Non
1395	48,500	14	1,190	Non
1396	48,500	14	1,190	Non
1397	49,000	14	1,167	Non
1398	49,000	14	1,167	Non
1399	49,000	14	1,167	Non
1400	49,000	14	1,167	Non
1401	49,500	14	1,143	Non
1402	50,000	14	1,120	Oui
1403	50,000	14	1,120	Oui
1404	49,500	14	1,143	Non
1405	49,000	14	1,167	Non
1406	49,000	14	1,167	Non
1407	49,000	14	1,168	Non
1408	48,500	13	1,106	Non
1409	48,500	13	1,106	Non
1410	48,000	13	1,130	Non
1411	48,000	13	1,130	Non
1412	47,500	12	1,065	Non
1413	47,500	12	1,065	Non
1414	47,500	12	1,067	Non
1415	48,000	12	1,046	Non
1416	48,500	13	1,108	Non
1417	49,000	13	1,087	Non
1418	49,000	12	1,003	Non
1419	49,000	13	1,087	Non
1420	48,500	13	1,108	Non
1421	49,000	13	1,085	Non
1422	49,000	13	1,085	Non
1423	49,000	13	1,085	Non
1424	49,500	13	1,064	Non
1425	49,000	13	1,085	Non
1426	48,500	13	1,106	Non
1427	49,000	13	1,085	Non
1428	49,500	14	1,144	Non
1429	50,000	14	1,120	Oui
1430	50,000	14	1,120	Oui
1431	50,000	14	1,120	Oui
1432	49,500	14	1,143	Non
1433	49,500	14	1,144	Non
1434	49,500	14	1,144	Non
1435	49,500	14	1,144	Non
1436	49,500	14	1,144	Non
1437	49,500	14	1,144	Non
1438	49,000	14	1,168	Non
1439	49,500	14	1,146	Non
1440	50,000	15	1,202	Oui
1441	50,000	15	1,202	Oui
1442	50,500	15	1,177	Oui
1443	50,500	15	1,177	Oui
1444	50,000	15	1,202	Oui
1445	50,000	15	1,204	Oui
1446	49,500	15	1,227	Non
1447	49,500	15	1,225	Non
1448	49,500	15	1,225	Non
1449	49,500	15	1,225	Non
1450	50,000	15	1,200	Oui
1451	50,500	15	1,177	Oui
1452	50,000	15	1,200	Oui
1453	50,500	15	1,176	Oui
1454	50,000	15	1,200	Oui
1455	50,500	15	1,176	Oui
1456	51,000	15	1,153	Oui
1457	51,000	15	1,153	Oui
1458	51,000	15	1,154	Oui
1459	51,500	15	1,132	Oui
1460	51,500	15	1,132	Oui
1461	52,000	15	1,110	Oui
1462	52,500	15	1,089	Oui
1463	52,000	15	1,111	Oui
1464	52,000	15	1,113	Oui
1465	52,000	15	1,113	Oui
1466	51,500	14	1,058	Oui
1467	51,000	14	1,080	Oui
1468	50,500	14	1,103	Oui
1469	50,000	14	1,127	Oui
1470	50,000	13	1,047	Oui
1471	50,000	14	1,127	Oui
1472	49,500	13	1,066	Non
1473	49,000	13	1,090	Non
1474	49,000	13	1,090	Non
1475	49,000	13	1,090	Non
1476	49,500	13	1,066	Non
1477	50,000	13	1,047	Oui
1478	50,000	13	1,047	Oui
1479	50,500	13	1,028	Oui
1480	50,500	13	1,028	Oui
1481	50,000	13	1,051	Oui
1482	50,000	13	1,051	Oui
1483	50,500	13	1,032	Oui
1484	51,000	14	1,087	Oui
1485	50,500	14	1,107	Oui
1486	50,500	13	1,028	Oui
1487	50,500	14	1,107	Oui
1488	50,500	14	1,107	Oui
1489	50,500	14	1,107	Oui
1490	50,000	14	1,131	Oui
1491	49,500	14	1,152	Non
1492	49,500	14	1,152	Non
1493	49,500	14	1,152	Non
1494	49,500	14	1,152	Non
1495	49,500	14	1,157	Non
1496	49,000	14	1,178	Non
1497	49,500	14	1,152	Non
1498	49,000	14	1,174	Non
1499	49,500	14	1,148	Non
1500	49,500	14	1,148	Non
1501	49,000	14	1,171	Non
1502	49,000	14	1,171	Non
1503	49,500	14	1,148	Non
1504	50,000	14	1,127	Oui
1505	50,500	15	1,182	Oui
1506	50,000	15	1,208	Oui
1507	50,500	15	1,182	Oui
1508	50,500	15	1,179	Oui
1509	50,500	15	1,179	Oui
1510	51,000	15	1,155	Oui
1511	51,500	15	1,134	Oui
1512	52,000	16	1,185	Oui
1513	52,000	16	1,185	Oui
1514	52,000	16	1,184	Oui
1515	51,500	15	1,131	Oui
1516	51,500	15	1,132	Oui
1517	52,000	16	1,184	Oui
1518	52,000	16	1,185	Oui
1519	52,000	17	1,258	Oui
1520	52,500	17	1,235	Oui
1521	53,000	17	1,212	Oui
1522	53,500	18	1,259	Oui
1523	53,000	18	1,283	Oui
1524	53,500	18	1,261	Oui
1525	53,500	18	1,261	Oui
1526	53,000	17	1,212	Oui
1527	52,500	17	1,236	Oui
1528	52,000	17	1,262	Oui
1529	51,500	17	1,288	Oui
1530	51,000	17	1,315	Oui
1531	50,500	17	1,340	Oui
1532	50,500	17	1,336	Oui
1533	50,000	17	1,362	Oui
1534	50,000	17	1,362	Oui
1535	50,500	17	1,334	Oui
1536	50,500	17	1,334	Oui
1537	50,500	17	1,334	Oui
1538	50,000	16	1,281	Oui
1539	50,000	16	1,282	Oui
1540	49,500	16	1,307	Non
1541	49,000	16	1,333	Non
1542	49,500	16	1,307	Non
1543	49,500	16	1,307	Non
1544	49,500	16	1,307	Non
1545	49,500	16	1,307	Non
1546	49,500	16	1,307	Non
1547	49,500	16	1,307	Non
1548	49,500	16	1,307	Non
1549	49,500	16	1,307	Non
1550	49,500	16	1,309	Non
1551	50,000	17	1,362	Oui
1552	49,500	17	1,391	Non
1553	49,000	17	1,421	Non
1554	49,500	17	1,395	Non
1555	49,000	17	1,421	Non
1556	49,500	17	1,395	Non
1557	49,500	17	1,391	Non
1558	49,000	17	1,421	Non
1559	48,500	17	1,449	Non
1560	48,500	17	1,449	Non
1561	49,000	17	1,418	Non
1562	49,000	17	1,418	Non
1563	49,000	17	1,418	Non
1564	49,000	17	1,418	Non
1565	49,000	17	1,418	Non
1566	48,500	16	1,362	Non
1567	48,000	16	1,391	Non
1568	48,000	16	1,391	Non
1569	48,500	16	1,364	Non
1570	48,500	17	1,447	Non
1571	48,000	16	1,389	Non
1572	48,000	16	1,389	Non
1573	48,500	16	1,361	Non
1574	48,000	15	1,302	Non
1575	47,500	15	1,330	Non
1576	47,500	15	1,330	Non
1577	47,000	15	1,358	Non
1578	47,500	15	1,330	Non
1579	47,500	15	1,330	Non
1580	47,500	15	1,330	Non
1581	47,000	15	1,358	Non
1582	47,000	15	1,359	Non
1583	47,500	15	1,331	Non
1584	47,500	15	1,331	Non
1585	48,000	15	1,303	Non
1586	48,000	16	1,391	Non
1587	48,500	16	1,362	Non
1588	49,000	16	1,333	Non
1589	48,500	16	1,362	Non
1590	48,500	16	1,362	Non
1591	48,000	16	1,389	Non
1592	48,500	16	1,362	Non
1593	48,500	16	1,362	Non
1594	48,000	16	1,391	Non
1595	48,000	16	1,391	Non
1596	48,000	16	1,391	Non
1597	47,500	16	1,420	Non
1598	48,000	16	1,389	Non
1599	48,000	16	1,389	Non
1600	48,000	16	1,391	Non
1601	47,500	16	1,422	Non
1602	47,000	16	1,455	Non
1603	47,500	16	1,422	Non
1604	47,500	16	1,422	Non
1605	48,000	16	1,394	Non
1606	48,000	16	1,394	Non
1607	48,000	16	1,399	Non
1608	48,000	16	1,399	Non
1609	48,000	16	1,394	Non
1610	48,000	16	1,394	Non
1611	48,000	16	1,394	Non
1612	48,500	16	1,364	Non
1613	48,500	17	1,449	Non
1614	48,000	17	1,481	Non
1615	48,000	16	1,399	Non
1616	47,500	16	1,426	Non
1617	47,500	16	1,431	Non
1618	47,500	15	1,348	Non
1619	47,500	15	1,342	Non
1620	47,500	15	1,342	Non
1621	47,000	15	1,368	Non
1622	47,500	15	1,342	Non
1623	48,000	15	1,316	Non
1624	48,000	15	1,316	Non
1625	48,500	15	1,286	Non
1626	49,000	15	1,258	Non
1627	48,500	14	1,201	Non
1628	48,000	14	1,224	Non
1629	48,000	14	1,224	Non
1630	48,000	14	1,224	Non
1631	48,500	14	1,201	Non
1632	48,500	14	1,201	Non
1633	48,500	14	1,206	Non
1634	49,000	14	1,178	Non
1635	49,000	14	1,178	Non
1636	49,000	14	1,178	Non
1637	49,000	14	1,178	Non
1638	49,000	14	1,178	Non
1639	49,000	13	1,094	Non
1640	49,000	14	1,178	Non
1641	49,000	14	1,178	Non
1642	48,500	14	1,201	Non
1643	48,500	14	1,201	Non
1644	48,500	14	1,201	Non
1645	48,000	14	1,229	Non
1646	48,500	14	1,206	Non
1647	48,500	14	1,206	Non
1648	48,500	14	1,206	Non
1649	48,500	14	1,206	Non
1650	48,000	14	1,229	Non
1651	47,500	14	1,258	Non
1652	48,000	14	1,235	Non
1653	47,500	14	1,258	Non
1654	47,500	14	1,258	Non
1655	47,500	14	1,252	Non
1656	47,000	14	1,277	Non
1657	47,000	14	1,277	Non
1658	46,500	14	1,307	Non
1659	46,000	14	1,339	Non
1660	46,000	14	1,339	Non
1661	45,500	14	1,366	Non
1662	45,000	14	1,400	Non
1663	45,000	14	1,400	Non
1664	45,000	14	1,400	Non
1665	45,500	14	1,366	Non
1666	45,500	14	1,366	Non
1667	46,000	14	1,333	Non
1668	46,000	14	1,333	Non
1669	46,500	14	1,302	Non
1670	46,500	14	1,307	Non
1671	46,000	14	1,333	Non
1672	46,000	14	1,333	Non
1673	46,500	14	1,307	Non
1674	46,500	14	1,307	Non
1675	47,000	14	1,277	Non
1676	47,000	15	1,368	Non
1677	46,500	15	1,401	Non
1678	46,000	15	1,435	Non
1679	45,500	15	1,471	Non
1680	45,500	15	1,471	Non
1681	46,000	15	1,435	Non
1682	46,000	15	1,435	Non
1683	46,000	14	1,339	Non
1684	45,500	14	1,366	Non
1685	45,500	14	1,366	Non
1686	45,500	13	1,268	Non
1687	45,500	14	1,366	Non
1688	46,000	14	1,339	Non
1689	46,500	14	1,307	Non
1690	46,500	14	1,307	Non
1691	47,000	14	1,282	Non
1692	47,000	14	1,282	Non
1693	47,500	14	1,252	Non
1694	47,500	14	1,248	Non
1695	47,500	14	1,248	Non
1696	48,000	15	1,311	Non
1697	47,500	15	1,337	Non
1698	47,500	15	1,337	Non
1699	47,500	15	1,337	Non
1700	48,000	15	1,307	Non
1701	48,000	15	1,307	Non
1702	48,500	15	1,282	Non
1703	48,500	15	1,282	Non
1704	48,500	14	1,197	Non
1705	48,500	15	1,282	Non
1706	49,000	15	1,258	Non
1707	48,500	15	1,282	Non
1708	48,000	15	1,307	Non
1709	48,000	15	1,307	Non
1710	47,500	15	1,333	Non
1711	47,500	14	1,244	Non
1712	47,000	14	1,270	Non
1713	47,000	14	1,270	Non
1714	47,000	14	1,270	Non
1715	47,000	14	1,270	Non
1716	46,500	13	1,206	Non
1717	46,500	13	1,206	Non
1718	46,000	12	1,139	Non
1719	45,500	12	1,163	Non
1720	45,500	12	1,166	Non
1721	45,500	11	1,069	Non
1722	45,000	11	1,091	Non
1723	45,000	11	1,091	Non
1724	45,000	11	1,095	Non
1725	45,500	11	1,073	Non
1726	46,000	11	1,048	Non
1727	46,000	11	1,048	Non
1728	46,000	11	1,048	Non
1729	46,000	11	1,048	Non
1730	46,500	11	1,023	Non
1731	46,500	11	1,023	Non
1732	46,000	11	1,044	Non
1733	46,000	11	1,044	Non
1734	46,000	11	1,044	Non
1735	45,500	11	1,066	Non
1736	45,500	11	1,066	Non
1737	45,500	11	1,064	Non
1738	45,500	11	1,064	Non
1739	45,000	11	1,089	Non
1740	45,000	11	1,089	Non
1741	45,500	11	1,066	Non
1742	45,000	11	1,091	Non
1743	45,500	11	1,069	Non
1744	45,500	11	1,069	Non
1745	45,000	11	1,091	Non
1746	44,500	11	1,118	Non
1747	44,500	11	1,118	Non
1748	45,000	11	1,095	Non
1749	45,000	11	1,095	Non
1750	45,000	10	1,000	Non
1751	45,000	10	0,996	Non
1752	45,500	10	0,972	Non
1753	45,500	10	0,972	Non
1754	45,000	10	0,996	Non
1755	45,000	10	0,996	Non
1756	44,500	9	0,918	Non
1757	44,000	9	0,938	Non
1758	44,500	9	0,915	Non
1759	44,500	9	0,915	Non
1760	44,500	9	0,915	Non
1761	44,000	9	0,934	Non
1762	43,500	9	0,954	Non
1763	43,000	9	0,978	Non
1764	43,500	9	0,957	Non
1765	43,500	9	0,957	Non
1766	44,000	9	0,934	Non
1767	44,000	9	0,934	Non
1768	44,000	9	0,934	Non
1769	43,500	8	0,851	Non
1770	43,000	8	0,870	Non
1771	43,500	8	0,848	Non
1772	43,500	9	0,954	Non
1773	43,000	9	0,976	Non
1774	43,000	9	0,976	Non
1775	43,500	9	0,952	Non
1776	44,000	10	1,035	Non
1777	44,000	10	1,035	Non
1778	43,500	10	1,060	Non
1779	43,500	10	1,060	Non
1780	44,000	10	1,038	Non
1781	44,500	10	1,013	Non
1782	44,500	11	1,114	Non
1783	44,500	11	1,112	Non
1784	44,500	11	1,112	Non
1785	44,500	10	1,013	Non
1786	44,500	10	1,011	Non
1787	44,500	10	1,011	Non
1788	44,000	10	1,035	Non
1789	44,000	10	1,035	Non
1790	44,500	10	1,013	Non
1791	44,500	10	1,013	Non
1792	44,500	10	1,013	Non
1793	44,500	10	1,013	Non
1794	45,000	10	0,992	Non
1795	45,500	10	0,969	Non
1796	45,500	10	0,969	Non
1797	46,000	10	0,947	Non
1798	45,500	10	0,969	Non
1799	46,000	10	0,947	Non
1800	46,000	11	1,042	Non
1801	46,000	11	1,042	Non
1802	46,000	11	1,042	Non
1803	46,000	11	1,042	Non
1804	46,000	11	1,042	Non
1805	45,500	11	1,064	Non
1806	46,000	11	1,042	Non
1807	45,500	11	1,064	Non
1808	45,500	11	1,064	Non
1809	45,500	11	1,064	Non
1810	45,500	11	1,064	Non
1811	45,500	11	1,066	Non
1812	45,000	10	0,992	Non
1813	44,500	10	1,013	Non
1814	45,000	10	0,992	Non
1815	45,000	10	0,992	Non
1816	45,000	10	0,992	Non
1817	45,000	10	0,990	Non
1818	44,500	10	1,011	Non
1819	44,000	10	1,035	Non
1820	44,000	10	1,035	Non
1821	44,500	10	1,011	Non
1822	44,000	10	1,034	Non
1823	43,500	10	1,057	Non
1824	43,000	10	1,082	Non
1825	42,500	10	1,109	Non
1826	42,000	10	1,136	Non
1827	42,000	10	1,136	Non
1828	42,000	10	1,136	Non
1829	42,000	10	1,136	Non
1830	42,000	10	1,134	Non
1831	42,000	10	1,134	Non
1832	42,500	10	1,107	Non
1833	42,000	10	1,134	Non
1834	41,500	10	1,161	Non
1835	41,500	10	1,161	Non
1836	42,000	10	1,134	Non
1837	42,000	10	1,134	Non
1838	42,500	10	1,107	Non
1839	42,500	9	0,997	Non
1840	42,000	9	1,020	Non
1841	42,000	9	1,020	Non
1842	42,500	9	0,997	Non
1843	42,500	9	0,997	Non
1844	43,000	9	0,973	Non
1845	43,500	9	0,951	Non
1846	43,000	9	0,973	Non
1847	43,000	9	0,973	Non
1848	43,500	9	0,951	Non
1849	44,000	9	0,930	Non
1850	44,000	9	0,930	Non
1851	44,000	9	0,930	Non
1852	44,000	9	0,930	Non
1853	44,500	9	0,909	Non
1854	44,500	9	0,909	Non
1855	44,500	9	0,909	Non
1856	44,500	9	0,909	Non
1857	45,000	9	0,889	Non
1858	45,500	9	0,870	Non
1859	45,500	9	0,870	Non
1860	46,000	9	0,851	Non
1861	46,500	9	0,833	Non
1862	46,500	9	0,833	Non
1863	47,000	9	0,815	Non
1864	47,000	9	0,815	Non
1865	46,500	9	0,833	Non
1866	46,500	9	0,833	Non
1867	46,500	9	0,833	Non
1868	47,000	9	0,815	Non
1869	47,000	8	0,726	Non
1870	47,000	8	0,725	Non
1871	47,000	8	0,725	Non
1872	47,500	8	0,710	Non
1873	47,000	8	0,725	Non
1874	47,000	8	0,724	Non
1875	47,000	7	0,634	Non
1876	46,500	7	0,648	Non
1877	47,000	7	0,634	Non
1878	47,000	7	0,634	Non
1879	47,500	7	0,621	Non
1880	47,500	7	0,621	Non
1881	47,000	7	0,634	Non
1882	47,000	7	0,634	Non
1883	47,000	7	0,634	Non
1884	47,000	7	0,634	Non
1885	47,500	7	0,621	Non
1886	47,000	6	0,543	Non
1887	47,000	6	0,543	Non
1888	47,000	6	0,543	Non
1889	47,000	7	0,634	Non
1890	47,000	7	0,634	Non
1891	47,000	7	0,634	Non
1892	47,500	7	0,621	Non
1893	47,000	7	0,634	Non
1894	46,500	7	0,648	Non
1895	46,000	6	0,568	Non
1896	45,500	6	0,580	Non
1897	46,000	6	0,568	Non
1898	46,000	6	0,568	Non
1899	46,000	6	0,568	Non
1900	45,500	6	0,581	Non
1901	46,000	6	0,568	Non
1902	46,000	7	0,663	Non
1903	45,500	7	0,678	Non
1904	45,500	6	0,581	Non
1905	45,000	6	0,594	Non
1906	44,500	6	0,607	Non
1907	45,000	6	0,593	Non
1908	45,000	6	0,593	Non
1909	45,500	6	0,580	Non
1910	45,500	6	0,580	Non
1911	45,000	6	0,594	Non
1912	45,000	6	0,594	Non
1913	45,000	6	0,594	Non
1914	44,500	6	0,607	Non
1915	44,500	6	0,607	Non
1916	45,000	6	0,593	Non
1917	44,500	6	0,606	Non
1918	45,000	6	0,593	Non
1919	45,000	6	0,593	Non
1920	45,000	6	0,593	Non
1921	45,000	6	0,593	Non
1922	45,500	6	0,580	Non
1923	45,500	6	0,580	Non
1924	45,500	6	0,580	Non
1925	45,500	7	0,676	Non
1926	45,500	7	0,676	Non
1927	45,500	7	0,676	Non
1928	45,500	7	0,676	Non
1929	45,500	7	0,676	Non
1930	45,500	7	0,676	Non
1931	45,500	7	0,676	Non
1932	45,500	7	0,676	Non
1933	46,000	7	0,662	Non
1934	46,500	7	0,648	Non
1935	46,500	7	0,648	Non
1936	46,500	7	0,648	Non
1937	46,000	7	0,662	Non
1938	46,000	7	0,662	Non
1939	46,000	7	0,662	Non
1940	46,000	7	0,662	Non
1941	46,000	7	0,663	Non
1942	46,000	7	0,663	Non
1943	45,500	7	0,678	Non
1944	46,000	7	0,663	Non
1945	46,500	7	0,649	Non
1946	47,000	7	0,636	Non
1947	47,000	7	0,636	Non
1948	47,000	7	0,636	Non
1949	47,500	7	0,622	Non
1950	47,500	7	0,622	Non
1951	47,000	7	0,635	Non
1952	46,500	7	0,648	Non
1953	47,000	7	0,634	Non
1954	47,000	7	0,634	Non
1955	47,000	7	0,634	Non
1956	47,500	7	0,621	Non
1957	47,500	7	0,621	Non
1958	47,500	7	0,621	Non
1959	47,500	7	0,621	Non
1960	48,000	7	0,608	Non
1961	48,500	8	0,680	Non
1962	48,500	8	0,680	Non
1963	49,000	8	0,666	Non
1964	49,000	8	0,667	Non
1965	49,500	9	0,735	Non
1966	49,500	9	0,735	Non
1967	49,500	9	0,735	Non
1968	49,000	9	0,750	Non
1969	49,000	9	0,750	Non
1970	49,000	9	0,750	Non
1971	49,000	8	0,666	Non
1972	48,500	8	0,680	Non
1973	48,500	8	0,680	Non
1974	48,500	8	0,680	Non
1975	48,500	7	0,595	Non
1976	48,000	7	0,608	Non
1977	48,500	7	0,595	Non
1978	49,000	7	0,583	Non
1979	49,500	7	0,571	Non
1980	49,000	7	0,583	Non
1981	49,000	6	0,500	Non
1982	49,000	6	0,500	Non
1983	48,500	6	0,511	Non
1984	49,000	6	0,501	Non
1985	49,000	6	0,501	Non
1986	48,500	6	0,512	Non
1987	48,500	6	0,513	Non
1988	48,500	6	0,513	Non
1989	49,000	6	0,502	Non
1990	49,000	6	0,501	Non
1991	49,000	6	0,501	Non
1992	48,500	6	0,511	Non
1993	48,500	6	0,511	Non
1994	48,000	6	0,521	Non
1995	48,000	6	0,521	Non
1996	48,000	6	0,521	Non
1997	47,500	6	0,532	Non
1998	48,000	6	0,522	Non
1999	47,500	5	0,444	Non
2000	47,000	5	0,454	Non
2001	47,000	5	0,454	Non
2002	47,000	5	0,454	Non
2003	46,500	5	0,464	Non
2004	46,500	5	0,464	Non
2005	46,500	5	0,464	Non
2006	46,000	5	0,473	Non
2007	46,500	5	0,463	Non
2008	47,000	5	0,453	Non
2009	46,500	5	0,463	Non
2010	47,000	5	0,453	Non
2011	46,500	5	0,463	Non
2012	47,000	5	0,453	Non
2013	47,000	5	0,453	Non
2014	46,500	5	0,463	Non
2015	46,000	5	0,473	Non
2016	46,500	5	0,463	Non
2017	46,500	5	0,463	Non
2018	46,500	5	0,463	Non
2019	47,000	5	0,453	Non
2020	47,000	5	0,453	Non
2021	47,000	5	0,454	Non
2022	47,500	5	0,444	Non
2023	47,500	5	0,444	Non
2024	48,000	5	0,436	Non
2025	48,000	5	0,436	Non
2026	48,000	5	0,436	Non
2027	48,000	5	0,436	Non
2028	48,500	5	0,427	Non
2029	48,500	5	0,426	Non
2030	48,000	5	0,436	Non
2031	48,000	5	0,436	Non
2032	48,000	5	0,436	Non
2033	48,000	5	0,436	Non
2034	48,000	5	0,436	Non
2035	48,000	5	0,436	Non
2036	48,000	5	0,437	Non
2037	48,500	5	0,427	Non
2038	48,500	6	0,513	Non
2039	48,500	6	0,513	Non
2040	49,000	6	0,503	Non
2041	49,500	6	0,492	Non
2042	49,000	6	0,503	Non
2043	49,000	6	0,503	Non
2044	48,500	6	0,513	Non
2045	48,500	6	0,512	Non
2046	49,000	7	0,585	Non
2047	49,000	7	0,584	Non
2048	49,000	7	0,584	Non
2049	48,500	7	0,597	Non
2050	48,500	7	0,597	Non
2051	49,000	7	0,584	Non
2052	48,500	7	0,596	Non
2053	48,000	7	0,608	Non
2054	48,500	7	0,596	Non
2055	48,000	7	0,608	Non
2056	48,000	7	0,608	Non
2057	48,000	7	0,609	Non
2058	47,500	7	0,622	Non
2059	48,000	7	0,610	Non
2060	48,000	7	0,609	Non
2061	48,000	8	0,697	Non
2062	48,000	8	0,697	Non
2063	47,500	8	0,713	Non
2064	47,500	8	0,716	Non
2065	47,500	8	0,716	Non
2066	47,500	8	0,716	Non
2067	47,000	8	0,730	Non
2068	47,000	8	0,730	Non
2069	46,500	8	0,744	Non
2070	46,500	8	0,747	Non
2071	46,500	8	0,747	Non
2072	46,500	8	0,747	Non
2073	47,000	8	0,730	Non
2074	47,000	9	0,824	Non
2075	47,000	9	0,828	Non
2076	47,000	9	0,828	Non
2077	47,000	9	0,828	Non
2078	47,000	9	0,828	Non
2079	47,000	9	0,828	Non
2080	47,000	9	0,828	Non
2081	47,500	9	0,809	Non
2082	47,500	9	0,809	Non
2083	47,500	9	0,809	Non
2084	48,000	9	0,790	Non
2085	48,000	9	0,790	Non
2086	48,000	9	0,790	Non
2087	47,500	9	0,805	Non
2088	47,500	8	0,719	Non
2089	47,000	8	0,733	Non
2090	47,000	8	0,733	Non
2091	47,000	8	0,733	Non
2092	47,000	8	0,733	Non
2093	47,500	8	0,716	Non
2094	47,500	8	0,716	Non
2095	48,000	8	0,702	Non
2096	48,500	8	0,689	Non
2097	48,500	8	0,686	Non
2098	48,500	8	0,686	Non
2099	48,500	8	0,686	Non
2100	49,000	8	0,671	Non
2101	49,000	8	0,673	Non
2102	49,000	8	0,671	Non
2103	49,500	8	0,656	Non
2104	49,500	9	0,741	Non
2105	50,000	9	0,727	Oui
2106	50,000	9	0,727	Oui
2107	50,000	9	0,727	Oui
2108	50,000	9	0,727	Oui
2109	50,000	9	0,727	Oui
2110	50,000	9	0,727	Oui
2111	50,500	9	0,711	Oui
2112	51,000	10	0,776	Oui
2113	51,000	10	0,776	Oui
2114	51,000	10	0,776	Oui
2115	51,000	10	0,776	Oui
2116	51,000	10	0,780	Oui
2117	51,000	10	0,780	Oui
2118	51,000	10	0,780	Oui
2119	51,000	10	0,780	Oui
2120	50,500	10	0,794	Oui
2121	50,500	10	0,794	Oui
2122	50,500	10	0,797	Oui
2123	50,500	10	0,797	Oui
2124	50,500	9	0,722	Oui
2125	50,500	9	0,718	Oui
2126	50,500	9	0,718	Oui
2127	51,000	10	0,784	Oui
2128	51,500	10	0,766	Oui
2129	52,000	10	0,750	Oui
2130	51,500	10	0,766	Oui
2131	51,500	10	0,766	Oui
2132	51,500	10	0,766	Oui
2133	51,500	10	0,770	Oui
2134	51,000	10	0,788	Oui
2135	51,500	10	0,775	Oui
2136	51,500	10	0,775	Oui
2137	51,500	10	0,775	Oui
2138	52,000	10	0,758	Oui
2139	52,500	10	0,741	Oui
2140	52,500	10	0,741	Oui
2141	52,000	10	0,758	Oui
2142	52,000	10	0,758	Oui
2143	52,000	10	0,758	Oui
2144	52,000	10	0,753	Oui
2145	52,000	10	0,753	Oui
2146	52,000	10	0,753	Oui
2147	52,500	10	0,737	Oui
2148	52,000	10	0,750	Oui
2149	52,000	10	0,750	Oui
2150	52,000	10	0,750	Oui
2151	52,500	10	0,737	Oui
2152	52,500	10	0,737	Oui
2153	52,500	10	0,734	Oui
2154	52,500	10	0,734	Oui
2155	53,000	10	0,721	Oui
2156	52,500	10	0,737	Oui
2157	52,500	10	0,737	Oui
2158	52,500	10	0,734	Oui
2159	53,000	11	0,793	Oui
2160	53,000	10	0,725	Oui
2161	53,000	10	0,721	Oui
2162	53,500	11	0,780	Oui
2163	53,500	11	0,777	Oui
2164	53,000	10	0,721	Oui
2165	52,500	10	0,734	Oui
2166	52,500	10	0,737	Oui
2167	52,500	10	0,737	Oui
2168	52,500	10	0,737	Oui
2169	52,500	10	0,737	Oui
2170	52,500	10	0,737	Oui
2171	52,000	10	0,750	Oui
