	C+G(%)	CpG(%)	A	C	G	T
 sequence entiere	48,650	6,118	632	589	564	585
 
 
Fenetres	C+G(%)	CpG	Rapport CpG	Ilot CpG
1	50,500	14	1,098	Oui
2	51,000	14	1,077	Oui
3	50,500	13	1,020	Oui
4	50,000	13	1,040	Oui
5	50,500	13	1,020	Oui
6	51,000	14	1,077	Oui
7	51,000	14	1,077	Oui
8	51,000	14	1,077	Oui
9	50,500	14	1,098	Oui
10	50,500	14	1,098	Oui
11	50,500	14	1,098	Oui
12	50,500	14	1,098	Oui
13	50,000	13	1,040	Oui
14	50,000	13	1,040	Oui
15	50,500	13	1,020	Oui
16	50,500	14	1,098	Oui
17	50,000	14	1,120	Oui
18	50,000	14	1,122	Oui
19	50,000	14	1,122	Oui
20	50,500	14	1,101	Oui
21	50,500	14	1,101	Oui
22	50,000	14	1,124	Oui
23	50,000	14	1,124	Oui
24	50,000	14	1,124	Oui
25	50,500	14	1,101	Oui
26	51,000	15	1,157	Oui
27	51,000	15	1,157	Oui
28	51,000	15	1,157	Oui
29	51,000	15	1,157	Oui
30	51,000	15	1,157	Oui
31	51,500	15	1,134	Oui
32	51,500	15	1,134	Oui
33	51,500	15	1,134	Oui
34	51,000	15	1,155	Oui
35	51,000	14	1,078	Oui
36	50,500	14	1,099	Oui
37	50,000	14	1,122	Oui
38	49,500	14	1,146	Non
39	49,500	14	1,146	Non
40	50,000	14	1,124	Oui
41	50,000	14	1,124	Oui
42	50,500	14	1,101	Oui
43	50,500	14	1,101	Oui
44	51,000	15	1,157	Oui
45	51,000	15	1,157	Oui
46	51,000	15	1,157	Oui
47	51,000	15	1,155	Oui
48	50,500	15	1,179	Oui
49	50,500	15	1,179	Oui
50	51,000	15	1,155	Oui
51	51,000	15	1,155	Oui
52	50,500	15	1,177	Oui
53	51,000	15	1,155	Oui
54	51,500	15	1,134	Oui
55	52,000	15	1,111	Oui
56	52,000	15	1,110	Oui
57	51,500	15	1,132	Oui
58	51,500	15	1,132	Oui
59	51,000	14	1,078	Oui
60	50,500	14	1,099	Oui
61	50,500	14	1,099	Oui
62	51,000	14	1,078	Oui
63	51,500	14	1,058	Oui
64	51,500	14	1,058	Oui
65	51,000	13	1,003	Oui
66	50,500	13	1,022	Oui
67	50,500	13	1,020	Oui
68	50,000	13	1,040	Oui
69	50,000	13	1,040	Oui
70	50,500	13	1,020	Oui
71	51,000	13	1,000	Oui
72	50,500	13	1,020	Oui
73	51,000	13	1,000	Oui
74	50,500	13	1,020	Oui
75	50,000	13	1,040	Oui
76	50,000	13	1,040	Oui
77	50,000	14	1,120	Oui
78	49,500	14	1,143	Non
79	49,500	14	1,143	Non
80	49,000	13	1,083	Non
81	48,500	13	1,105	Non
82	48,500	13	1,105	Non
83	48,500	13	1,105	Non
84	48,000	13	1,128	Non
85	48,000	13	1,128	Non
86	48,000	13	1,128	Non
87	48,000	13	1,128	Non
88	47,500	13	1,152	Non
89	47,000	12	1,087	Non
90	46,500	12	1,110	Non
91	47,000	12	1,087	Non
92	46,500	12	1,111	Non
93	46,500	12	1,111	Non
94	46,500	12	1,111	Non
95	47,000	12	1,087	Non
96	46,500	12	1,110	Non
97	46,000	12	1,134	Non
98	46,000	12	1,134	Non
99	45,500	12	1,159	Non
100	45,500	12	1,159	Non
101	45,500	12	1,159	Non
102	45,000	12	1,185	Non
103	44,500	12	1,212	Non
104	44,500	12	1,212	Non
105	45,000	12	1,186	Non
106	45,500	13	1,256	Non
107	45,500	13	1,256	Non
108	46,000	13	1,229	Non
109	46,500	13	1,204	Non
110	46,500	14	1,296	Non
111	46,500	14	1,296	Non
112	47,000	14	1,270	Non
113	47,500	15	1,331	Non
114	47,500	15	1,331	Non
115	48,000	15	1,304	Non
116	48,000	15	1,304	Non
117	48,500	15	1,279	Non
118	49,000	16	1,335	Non
119	49,000	16	1,335	Non
120	49,000	16	1,338	Non
121	48,500	16	1,368	Non
122	48,500	16	1,372	Non
123	48,500	16	1,372	Non
124	48,500	16	1,378	Non
125	48,000	16	1,411	Non
126	48,000	16	1,411	Non
127	48,500	16	1,378	Non
128	48,500	16	1,378	Non
129	48,500	16	1,378	Non
130	48,000	15	1,316	Non
131	47,500	15	1,348	Non
132	47,500	15	1,348	Non
133	48,000	15	1,323	Non
134	48,000	15	1,323	Non
135	48,000	15	1,316	Non
136	48,000	15	1,316	Non
137	48,500	15	1,292	Non
138	48,500	16	1,372	Non
139	48,500	16	1,372	Non
140	49,000	16	1,347	Non
141	48,500	16	1,372	Non
142	48,500	16	1,368	Non
143	49,000	16	1,342	Non
144	49,000	16	1,342	Non
145	49,500	16	1,317	Non
146	49,000	16	1,347	Non
147	49,000	16	1,347	Non
148	48,500	16	1,372	Non
149	49,000	16	1,347	Non
150	49,000	16	1,347	Non
151	49,500	17	1,399	Non
152	49,000	17	1,431	Non
153	49,000	17	1,426	Non
154	48,500	16	1,368	Non
155	48,500	16	1,368	Non
156	48,000	16	1,399	Non
157	48,000	16	1,404	Non
158	48,000	16	1,411	Non
159	47,500	15	1,348	Non
160	47,500	15	1,348	Non
161	47,500	15	1,348	Non
162	47,500	15	1,348	Non
163	47,500	14	1,258	Non
164	47,000	14	1,289	Non
165	47,000	14	1,289	Non
166	47,000	14	1,289	Non
167	47,000	14	1,289	Non
168	46,500	14	1,313	Non
169	46,500	14	1,313	Non
170	46,000	14	1,339	Non
171	46,500	14	1,307	Non
172	46,000	14	1,333	Non
173	46,500	14	1,307	Non
174	47,000	15	1,368	Non
175	47,000	15	1,368	Non
176	46,500	15	1,395	Non
177	46,000	15	1,424	Non
178	46,000	14	1,329	Non
179	45,500	14	1,361	Non
180	45,000	14	1,394	Non
181	44,500	14	1,429	Non
182	44,500	14	1,423	Non
183	44,000	13	1,349	Non
184	44,000	13	1,349	Non
185	43,500	12	1,273	Non
186	43,500	12	1,273	Non
187	43,500	12	1,273	Non
188	43,000	12	1,301	Non
189	43,500	12	1,273	Non
190	43,000	12	1,301	Non
191	43,500	12	1,270	Non
192	43,000	12	1,301	Non
193	43,000	12	1,301	Non
194	43,000	12	1,301	Non
195	43,500	12	1,270	Non
196	44,000	12	1,242	Non
197	44,000	13	1,346	Non
198	43,500	13	1,379	Non
199	43,500	13	1,379	Non
200	43,500	13	1,379	Non
201	43,500	13	1,383	Non
202	43,500	14	1,489	Non
203	44,000	14	1,453	Non
204	44,500	14	1,418	Non
205	44,500	13	1,314	Non
206	44,000	13	1,346	Non
207	44,000	13	1,346	Non
208	44,500	14	1,416	Non
209	45,000	14	1,383	Non
210	45,500	14	1,354	Non
211	45,500	14	1,354	Non
212	45,500	14	1,354	Non
213	45,500	14	1,354	Non
214	45,500	14	1,354	Non
215	45,000	13	1,285	Non
216	45,000	13	1,285	Non
217	45,500	13	1,256	Non
218	45,500	13	1,257	Non
219	46,000	14	1,324	Non
220	45,500	14	1,354	Non
221	46,000	14	1,324	Non
222	46,000	14	1,324	Non
223	46,000	14	1,324	Non
224	46,500	14	1,296	Non
225	46,000	13	1,229	Non
226	46,000	13	1,231	Non
227	46,000	13	1,231	Non
228	46,000	13	1,231	Non
229	46,500	13	1,206	Non
230	47,000	14	1,270	Non
231	47,000	14	1,268	Non
232	46,500	14	1,295	Non
233	47,000	14	1,268	Non
234	47,000	14	1,268	Non
235	46,500	14	1,295	Non
236	47,000	14	1,268	Non
237	47,500	14	1,241	Non
238	48,000	15	1,302	Non
239	48,000	15	1,302	Non
240	47,500	15	1,330	Non
241	47,500	15	1,330	Non
242	47,000	15	1,358	Non
243	46,500	14	1,295	Non
244	46,500	14	1,295	Non
245	47,000	14	1,268	Non
246	47,500	14	1,242	Non
247	47,000	14	1,270	Non
248	47,500	14	1,244	Non
249	47,500	14	1,244	Non
250	47,000	14	1,273	Non
251	47,500	14	1,248	Non
252	48,000	14	1,220	Non
253	47,500	14	1,244	Non
254	47,500	14	1,242	Non
255	47,500	15	1,333	Non
256	47,500	15	1,333	Non
257	47,500	15	1,333	Non
258	47,500	15	1,333	Non
259	48,000	15	1,304	Non
260	48,000	15	1,304	Non
261	48,000	15	1,304	Non
262	48,000	15	1,304	Non
263	47,500	15	1,331	Non
264	48,000	15	1,303	Non
265	48,000	15	1,303	Non
266	48,500	15	1,276	Non
267	48,500	15	1,276	Non
268	48,500	15	1,276	Non
269	48,500	15	1,276	Non
270	48,500	15	1,276	Non
271	48,000	15	1,303	Non
272	48,500	15	1,276	Non
273	48,500	15	1,276	Non
274	49,000	16	1,333	Non
275	49,000	16	1,333	Non
276	49,000	15	1,250	Non
277	48,500	15	1,276	Non
278	48,500	15	1,276	Non
279	48,500	15	1,276	Non
280	48,500	15	1,276	Non
281	48,500	15	1,276	Non
282	49,000	15	1,249	Non
283	49,500	16	1,306	Non
284	50,000	16	1,281	Oui
285	50,500	16	1,255	Oui
286	51,000	17	1,308	Oui
287	51,500	17	1,283	Oui
288	51,500	17	1,283	Oui
289	51,500	17	1,283	Oui
290	52,000	17	1,259	Oui
291	51,500	17	1,283	Oui
292	51,500	17	1,283	Oui
293	51,500	17	1,283	Oui
294	52,000	17	1,258	Oui
295	52,000	17	1,258	Oui
296	52,000	17	1,258	Oui
297	52,000	17	1,258	Oui
298	52,000	17	1,258	Oui
299	52,500	18	1,307	Oui
300	52,500	18	1,309	Oui
301	53,000	18	1,286	Oui
302	53,500	18	1,263	Oui
303	54,000	18	1,238	Oui
304	53,500	18	1,261	Oui
305	53,000	17	1,214	Oui
306	52,500	17	1,236	Oui
307	52,500	17	1,236	Oui
308	52,500	17	1,239	Oui
309	52,500	16	1,166	Oui
310	52,000	16	1,187	Oui
311	52,000	16	1,187	Oui
312	51,500	15	1,136	Oui
313	51,000	15	1,157	Oui
314	51,000	15	1,157	Oui
315	50,500	15	1,182	Oui
316	51,000	15	1,157	Oui
317	51,000	15	1,161	Oui
318	50,500	15	1,182	Oui
319	50,500	15	1,182	Oui
320	50,000	15	1,208	Oui
321	50,500	15	1,182	Oui
322	50,000	15	1,208	Oui
323	50,500	15	1,182	Oui
324	50,000	15	1,208	Oui
325	50,000	15	1,208	Oui
326	50,500	15	1,182	Oui
327	50,000	15	1,204	Oui
328	50,000	15	1,204	Oui
329	50,000	15	1,204	Oui
330	50,000	15	1,204	Oui
331	50,000	15	1,204	Oui
332	50,000	15	1,204	Oui
333	49,500	15	1,231	Non
334	50,000	15	1,208	Oui
335	49,500	15	1,231	Non
336	50,000	15	1,204	Oui
337	49,500	14	1,148	Non
338	49,500	14	1,148	Non
339	49,500	14	1,148	Non
340	49,500	14	1,148	Non
341	50,000	15	1,208	Oui
342	49,500	15	1,231	Non
343	49,000	15	1,258	Non
344	49,000	15	1,258	Non
345	49,000	15	1,263	Non
346	49,000	15	1,263	Non
347	49,500	15	1,235	Non
348	49,500	15	1,235	Non
349	49,000	15	1,263	Non
350	48,500	14	1,206	Non
351	48,000	14	1,229	Non
352	48,000	14	1,229	Non
353	47,500	14	1,252	Non
354	47,500	14	1,252	Non
355	47,500	14	1,252	Non
356	48,000	14	1,224	Non
357	47,500	14	1,252	Non
358	47,500	14	1,258	Non
359	48,000	14	1,235	Non
360	47,500	14	1,258	Non
361	48,000	14	1,235	Non
362	48,500	14	1,212	Non
363	48,500	14	1,220	Non
364	49,000	14	1,198	Non
365	49,500	14	1,170	Non
366	49,500	14	1,170	Non
367	49,500	14	1,163	Non
368	49,500	14	1,163	Non
369	49,000	14	1,190	Non
370	49,000	14	1,190	Non
371	49,000	14	1,184	Non
372	49,500	15	1,246	Non
373	49,000	14	1,190	Non
374	48,500	14	1,212	Non
375	48,500	14	1,212	Non
376	49,000	14	1,190	Non
377	49,500	14	1,163	Non
378	49,000	14	1,190	Non
379	49,000	14	1,190	Non
380	49,000	14	1,190	Non
381	49,000	14	1,190	Non
382	48,500	14	1,212	Non
383	48,500	14	1,212	Non
384	48,000	14	1,235	Non
385	48,500	14	1,206	Non
386	48,500	15	1,292	Non
387	48,500	15	1,292	Non
388	48,500	15	1,292	Non
389	48,500	15	1,299	Non
390	48,500	15	1,299	Non
391	48,000	15	1,323	Non
392	48,000	15	1,323	Non
393	48,500	15	1,299	Non
394	49,000	15	1,276	Non
395	49,000	15	1,268	Non
396	48,500	14	1,212	Non
397	48,500	14	1,206	Non
398	48,500	14	1,206	Non
399	48,500	14	1,206	Non
400	48,000	14	1,229	Non
401	47,500	13	1,168	Non
402	47,000	13	1,190	Non
403	46,500	13	1,214	Non
404	46,000	13	1,238	Non
405	45,500	13	1,263	Non
406	46,000	13	1,238	Non
407	46,000	12	1,148	Non
408	45,500	12	1,171	Non
409	45,500	12	1,166	Non
410	45,500	12	1,166	Non
411	46,000	13	1,238	Non
412	46,000	13	1,238	Non
413	46,500	13	1,209	Non
414	46,000	13	1,234	Non
415	46,000	13	1,234	Non
416	46,000	13	1,234	Non
417	46,000	13	1,231	Non
418	46,000	12	1,136	Non
419	45,500	12	1,161	Non
420	46,000	12	1,136	Non
421	45,500	12	1,161	Non
422	45,500	12	1,161	Non
423	46,000	12	1,136	Non
424	46,000	12	1,136	Non
425	46,500	12	1,111	Non
426	46,500	12	1,111	Non
427	46,500	12	1,111	Non
428	46,000	12	1,135	Non
429	45,500	11	1,064	Non
430	45,500	11	1,063	Non
431	45,500	12	1,159	Non
432	46,000	12	1,135	Non
433	45,500	12	1,161	Non
434	45,500	12	1,161	Non
435	45,500	12	1,161	Non
436	45,000	12	1,186	Non
437	45,000	11	1,089	Non
438	44,500	11	1,112	Non
439	44,500	11	1,112	Non
440	45,000	11	1,087	Non
441	45,000	11	1,087	Non
442	45,500	11	1,063	Non
443	46,000	12	1,135	Non
444	45,500	12	1,159	Non
445	45,000	12	1,185	Non
446	45,000	12	1,186	Non
447	45,000	12	1,186	Non
448	44,500	12	1,213	Non
449	44,500	12	1,213	Non
450	45,000	12	1,186	Non
451	45,000	12	1,188	Non
452	44,500	12	1,213	Non
453	45,000	12	1,188	Non
454	44,500	11	1,112	Non
455	44,500	11	1,112	Non
456	44,500	11	1,111	Non
457	44,500	11	1,111	Non
458	45,000	11	1,087	Non
459	45,000	12	1,185	Non
460	45,000	12	1,185	Non
461	45,000	12	1,185	Non
462	45,000	12	1,186	Non
463	45,000	12	1,186	Non
464	44,500	12	1,212	Non
465	44,500	12	1,212	Non
466	44,500	12	1,212	Non
467	44,000	12	1,240	Non
468	44,000	12	1,240	Non
469	43,500	12	1,268	Non
470	43,500	12	1,270	Non
471	43,500	12	1,270	Non
472	43,000	12	1,301	Non
473	43,000	11	1,196	Non
474	43,000	11	1,196	Non
475	43,000	11	1,196	Non
476	42,500	11	1,222	Non
477	42,500	11	1,222	Non
478	42,500	11	1,222	Non
479	42,500	11	1,222	Non
480	42,500	11	1,222	Non
481	43,000	11	1,192	Non
482	42,500	10	1,111	Non
483	42,000	10	1,136	Non
484	41,500	10	1,163	Non
485	41,000	9	1,073	Non
486	40,500	9	1,099	Non
487	40,500	9	1,099	Non
488	41,000	9	1,071	Non
489	41,000	9	1,071	Non
490	40,500	9	1,098	Non
491	41,000	9	1,071	Non
492	41,500	9	1,045	Non
493	41,500	9	1,045	Non
494	41,500	9	1,045	Non
495	41,500	9	1,045	Non
496	42,000	9	1,020	Non
497	42,500	9	0,997	Non
498	42,500	9	0,997	Non
499	42,500	9	0,997	Non
500	42,000	9	1,020	Non
501	42,000	9	1,020	Non
502	41,500	9	1,045	Non
503	41,000	9	1,071	Non
504	41,000	9	1,071	Non
505	41,500	9	1,045	Non
506	41,500	9	1,045	Non
507	42,000	9	1,021	Non
508	41,500	9	1,047	Non
509	41,000	9	1,071	Non
510	41,000	9	1,071	Non
511	41,500	9	1,045	Non
512	42,000	9	1,021	Non
513	42,500	9	0,998	Non
514	43,000	10	1,082	Non
515	43,500	10	1,057	Non
516	43,500	9	0,951	Non
517	43,000	9	0,973	Non
518	43,500	9	0,951	Non
519	43,500	9	0,951	Non
520	43,500	9	0,951	Non
521	43,000	9	0,973	Non
522	43,000	9	0,973	Non
523	42,500	9	0,997	Non
524	43,000	9	0,974	Non
525	43,000	9	0,974	Non
526	42,500	9	0,998	Non
527	42,500	9	0,998	Non
528	42,500	9	0,998	Non
529	42,500	9	0,998	Non
530	42,500	9	0,998	Non
531	42,500	9	0,998	Non
532	43,000	9	0,974	Non
533	43,500	10	1,058	Non
534	43,000	10	1,082	Non
535	43,000	10	1,082	Non
536	42,500	10	1,109	Non
537	42,500	10	1,109	Non
538	42,500	10	1,107	Non
539	43,000	10	1,082	Non
540	42,500	9	0,997	Non
541	42,000	9	1,020	Non
542	42,500	9	0,997	Non
543	42,500	9	0,997	Non
544	43,000	9	0,974	Non
545	42,500	9	0,997	Non
546	43,000	9	0,973	Non
547	42,500	9	0,997	Non
548	43,000	9	0,973	Non
549	43,000	9	0,973	Non
550	43,000	9	0,973	Non
551	43,500	9	0,951	Non
552	44,000	9	0,930	Non
553	44,500	10	1,010	Non
554	45,000	10	0,988	Non
555	44,500	10	1,010	Non
556	44,500	10	1,010	Non
557	44,500	10	1,010	Non
558	44,500	10	1,010	Non
559	44,000	10	1,034	Non
560	44,000	10	1,034	Non
561	44,000	10	1,035	Non
562	44,000	11	1,139	Non
563	43,500	11	1,166	Non
564	43,000	11	1,196	Non
565	43,000	11	1,196	Non
566	43,500	11	1,170	Non
567	43,000	11	1,196	Non
568	43,000	11	1,196	Non
569	43,500	11	1,170	Non
570	44,000	12	1,245	Non
571	44,000	11	1,139	Non
572	44,000	11	1,139	Non
573	44,000	11	1,139	Non
574	44,500	11	1,112	Non
575	45,000	11	1,089	Non
576	44,500	11	1,114	Non
577	44,000	11	1,139	Non
578	44,000	11	1,139	Non
579	44,000	11	1,139	Non
580	44,000	11	1,139	Non
581	44,500	11	1,114	Non
582	44,500	11	1,114	Non
583	45,000	11	1,091	Non
584	45,000	11	1,091	Non
585	45,000	10	0,990	Non
586	44,500	10	1,013	Non
587	44,500	10	1,013	Non
588	44,500	10	1,013	Non
589	44,500	10	1,013	Non
590	44,500	10	1,013	Non
591	44,500	10	1,013	Non
592	44,500	10	1,013	Non
593	44,500	10	1,013	Non
594	44,500	10	1,013	Non
595	44,000	10	1,035	Non
596	44,000	10	1,035	Non
597	44,000	10	1,034	Non
598	44,500	10	1,011	Non
599	45,000	10	0,990	Non
600	45,000	10	0,990	Non
601	45,000	10	0,990	Non
602	45,500	10	0,967	Non
603	45,500	10	0,967	Non
604	45,500	10	0,967	Non
605	45,500	10	0,967	Non
606	45,500	10	0,969	Non
607	45,500	10	0,972	Non
608	46,000	10	0,952	Non
609	46,000	10	0,952	Non
610	46,000	9	0,857	Non
611	46,000	10	0,952	Non
612	46,000	10	0,952	Non
613	46,000	10	0,949	Non
614	46,000	10	0,949	Non
615	46,000	10	0,949	Non
616	45,500	10	0,972	Non
617	45,500	10	0,969	Non
618	45,000	10	0,990	Non
619	45,500	10	0,967	Non
620	45,500	10	0,969	Non
621	45,500	10	0,969	Non
622	45,500	10	0,969	Non
623	45,000	10	0,992	Non
624	45,000	10	0,990	Non
625	44,500	10	1,011	Non
626	44,000	10	1,034	Non
627	44,000	10	1,034	Non
628	44,500	10	1,011	Non
629	44,500	10	1,011	Non
630	44,000	9	0,930	Non
631	44,000	9	0,932	Non
632	43,500	9	0,954	Non
633	44,000	9	0,934	Non
634	44,500	9	0,915	Non
635	44,500	9	0,915	Non
636	44,500	9	0,915	Non
637	44,500	9	0,918	Non
638	44,500	9	0,918	Non
639	45,000	9	0,900	Non
640	44,500	9	0,918	Non
641	44,500	9	0,915	Non
642	44,000	8	0,830	Non
643	43,500	8	0,851	Non
644	44,000	8	0,830	Non
645	44,500	8	0,813	Non
646	44,500	9	0,912	Non
647	45,000	9	0,893	Non
648	45,000	9	0,893	Non
649	45,000	9	0,893	Non
650	45,000	9	0,893	Non
651	44,500	9	0,912	Non
652	44,500	9	0,912	Non
653	44,000	9	0,932	Non
654	44,500	9	0,912	Non
655	44,000	9	0,934	Non
656	44,000	9	0,938	Non
657	44,000	9	0,938	Non
658	43,500	8	0,851	Non
659	43,500	8	0,855	Non
660	43,500	8	0,855	Non
661	43,500	8	0,855	Non
662	43,000	8	0,873	Non
663	43,000	8	0,873	Non
664	43,000	8	0,873	Non
665	43,500	8	0,851	Non
666	43,000	8	0,870	Non
667	43,000	8	0,870	Non
668	43,000	8	0,870	Non
669	43,500	8	0,848	Non
670	43,500	8	0,848	Non
671	43,500	8	0,848	Non
672	44,000	8	0,830	Non
673	43,500	8	0,851	Non
674	43,500	8	0,855	Non
675	44,000	8	0,837	Non
676	44,000	8	0,837	Non
677	44,000	8	0,837	Non
678	44,000	8	0,837	Non
679	44,500	8	0,821	Non
680	44,500	8	0,821	Non
681	44,500	8	0,821	Non
682	45,000	8	0,804	Non
683	45,000	8	0,804	Non
684	45,500	8	0,789	Non
685	45,500	8	0,789	Non
686	46,000	8	0,774	Non
687	46,000	8	0,780	Non
688	45,500	8	0,794	Non
689	46,000	8	0,780	Non
690	46,000	8	0,780	Non
691	46,000	8	0,786	Non
692	46,000	9	0,877	Non
693	46,000	9	0,877	Non
694	46,000	9	0,871	Non
695	46,000	9	0,865	Non
696	46,000	9	0,865	Non
697	46,000	9	0,861	Non
698	45,500	9	0,882	Non
699	45,500	9	0,882	Non
700	46,000	9	0,865	Non
701	46,000	9	0,871	Non
702	46,000	9	0,871	Non
703	46,500	9	0,849	Non
704	47,000	9	0,833	Non
705	47,000	9	0,833	Non
706	47,500	10	0,903	Non
707	47,500	10	0,898	Non
708	48,000	10	0,878	Non
709	48,500	10	0,858	Non
710	48,500	10	0,858	Non
711	48,500	10	0,861	Non
712	48,500	11	0,943	Non
713	48,500	10	0,855	Non
714	48,000	10	0,874	Non
715	47,500	10	0,894	Non
716	47,000	10	0,916	Non
717	47,500	10	0,894	Non
718	47,500	10	0,894	Non
719	47,500	10	0,894	Non
720	48,000	10	0,878	Non
721	48,500	10	0,861	Non
722	49,000	10	0,846	Non
723	49,500	10	0,831	Non
724	49,000	10	0,850	Non
725	49,500	10	0,831	Non
726	50,000	10	0,812	Oui
727	50,000	10	0,812	Oui
728	50,500	10	0,797	Oui
729	51,000	11	0,858	Oui
730	51,000	11	0,858	Oui
731	51,000	11	0,858	Oui
732	51,000	10	0,776	Oui
733	51,000	10	0,776	Oui
734	51,500	10	0,763	Oui
735	51,500	10	0,763	Oui
736	52,000	10	0,750	Oui
737	52,000	10	0,750	Oui
738	52,000	10	0,747	Oui
739	52,000	10	0,744	Oui
740	52,000	10	0,744	Oui
741	52,500	10	0,731	Oui
742	52,500	11	0,804	Oui
743	53,000	11	0,790	Oui
744	53,000	12	0,862	Oui
745	53,000	12	0,862	Oui
746	53,000	12	0,859	Oui
747	53,000	12	0,859	Oui
748	52,500	12	0,875	Oui
749	53,000	12	0,859	Oui
750	53,500	12	0,844	Oui
751	53,500	12	0,847	Oui
752	53,500	12	0,844	Oui
753	53,500	12	0,847	Oui
754	53,000	12	0,862	Oui
755	53,000	12	0,862	Oui
756	53,000	12	0,865	Oui
757	53,000	12	0,865	Oui
758	53,000	12	0,865	Oui
759	53,000	12	0,865	Oui
760	53,000	12	0,865	Oui
761	52,500	11	0,807	Oui
762	52,500	11	0,811	Oui
763	52,500	11	0,811	Oui
764	53,000	11	0,797	Oui
765	52,500	11	0,811	Oui
766	52,000	11	0,825	Oui
767	52,500	11	0,807	Oui
768	52,500	11	0,807	Oui
769	52,000	10	0,747	Oui
770	51,500	10	0,763	Oui
771	51,000	10	0,780	Oui
772	51,000	10	0,784	Oui
773	51,500	11	0,843	Oui
774	51,500	11	0,847	Oui
775	51,000	11	0,862	Oui
776	51,000	11	0,862	Oui
777	51,000	11	0,862	Oui
778	51,500	11	0,847	Oui
779	51,500	11	0,847	Oui
780	51,500	11	0,847	Oui
781	51,000	11	0,862	Oui
782	51,500	11	0,843	Oui
783	51,000	11	0,858	Oui
784	51,500	11	0,839	Oui
785	51,000	11	0,858	Oui
786	51,000	11	0,858	Oui
787	51,500	11	0,839	Oui
788	52,000	11	0,821	Oui
789	52,000	11	0,825	Oui
790	52,500	11	0,811	Oui
791	53,000	12	0,865	Oui
792	53,500	12	0,851	Oui
793	53,000	12	0,870	Oui
794	52,500	12	0,889	Oui
795	53,000	12	0,874	Oui
796	53,500	12	0,860	Oui
797	53,500	13	0,932	Oui
798	53,500	13	0,932	Oui
799	53,500	13	0,932	Oui
800	53,500	13	0,932	Oui
801	53,500	13	0,932	Oui
802	53,000	13	0,953	Oui
803	53,500	13	0,938	Oui
804	53,500	13	0,938	Oui
805	54,000	13	0,923	Oui
806	54,000	13	0,923	Oui
807	53,500	13	0,938	Oui
808	53,000	13	0,953	Oui
809	52,500	13	0,969	Oui
810	52,500	12	0,889	Oui
811	52,000	12	0,909	Oui
812	52,000	12	0,909	Oui
813	52,000	12	0,915	Oui
814	52,500	12	0,900	Oui
815	52,500	12	0,900	Oui
816	52,500	12	0,900	Oui
817	52,500	12	0,900	Oui
818	53,000	12	0,880	Oui
819	52,500	12	0,900	Oui
820	52,000	12	0,915	Oui
821	52,000	12	0,915	Oui
822	52,000	12	0,915	Oui
823	52,500	12	0,894	Oui
824	52,000	12	0,915	Oui
825	52,500	12	0,900	Oui
826	52,500	12	0,900	Oui
827	53,000	12	0,886	Oui
828	53,000	12	0,886	Oui
829	53,500	13	0,938	Oui
830	54,000	13	0,923	Oui
831	53,500	13	0,938	Oui
832	53,500	13	0,938	Oui
833	53,000	13	0,953	Oui
834	52,500	13	0,969	Oui
835	53,000	13	0,947	Oui
836	53,000	13	0,947	Oui
837	53,000	13	0,947	Oui
838	53,500	14	0,998	Oui
839	53,000	14	1,014	Oui
840	53,000	14	1,014	Oui
841	53,000	14	1,014	Oui
842	53,000	14	1,014	Oui
843	53,500	14	0,993	Oui
844	53,000	14	1,014	Oui
845	53,000	13	0,938	Oui
846	53,000	13	0,942	Oui
847	53,000	13	0,942	Oui
848	53,500	13	0,927	Oui
849	53,500	13	0,927	Oui
850	53,500	13	0,927	Oui
851	54,000	13	0,907	Oui
852	54,000	13	0,907	Oui
853	54,000	13	0,907	Oui
854	53,500	13	0,922	Oui
855	54,000	13	0,903	Oui
856	53,500	13	0,918	Oui
857	53,500	13	0,918	Oui
858	53,500	13	0,918	Oui
859	53,500	13	0,918	Oui
860	53,500	13	0,918	Oui
861	53,500	13	0,918	Oui
862	54,000	13	0,899	Oui
863	54,500	13	0,884	Oui
864	55,000	14	0,933	Oui
865	54,500	14	0,952	Oui
866	54,500	14	0,952	Oui
867	54,500	14	0,952	Oui
868	55,000	14	0,933	Oui
869	54,500	14	0,952	Oui
870	54,500	14	0,952	Oui
871	54,500	14	0,952	Oui
872	54,000	14	0,969	Oui
873	54,000	14	0,969	Oui
874	54,000	14	0,966	Oui
875	53,500	14	0,982	Oui
876	53,500	14	0,982	Oui
877	53,500	14	0,982	Oui
878	53,500	14	0,982	Oui
879	53,000	14	1,000	Oui
880	53,500	14	0,980	Oui
881	53,500	14	0,979	Oui
882	53,500	14	0,978	Oui
883	53,500	14	0,978	Oui
884	53,000	14	0,997	Oui
885	53,000	14	0,997	Oui
886	52,500	14	1,016	Oui
887	52,500	14	1,016	Oui
888	52,500	14	1,016	Oui
889	52,500	14	1,017	Oui
890	52,500	14	1,017	Oui
891	52,000	13	0,963	Oui
892	51,500	13	0,981	Oui
893	52,000	13	0,963	Oui
894	51,500	13	0,981	Oui
895	51,500	13	0,980	Oui
896	51,000	12	0,923	Oui
897	50,500	12	0,941	Oui
898	50,500	12	0,941	Oui
899	50,500	12	0,941	Oui
900	50,000	12	0,960	Oui
901	50,000	12	0,960	Oui
902	50,500	12	0,942	Oui
903	50,500	12	0,941	Oui
904	50,500	12	0,941	Oui
905	50,500	12	0,942	Oui
906	50,500	12	0,942	Oui
907	50,500	12	0,941	Oui
908	50,000	12	0,960	Oui
909	50,000	12	0,960	Oui
910	50,500	12	0,942	Oui
911	50,500	11	0,863	Oui
912	50,500	11	0,865	Oui
913	50,000	11	0,883	Oui
914	50,500	11	0,865	Oui
915	50,500	11	0,865	Oui
916	51,000	11	0,849	Oui
917	51,000	12	0,926	Oui
918	51,000	12	0,926	Oui
919	51,000	12	0,926	Oui
920	51,000	12	0,926	Oui
921	51,000	12	0,926	Oui
922	50,500	12	0,943	Oui
923	50,500	12	0,942	Oui
924	50,500	12	0,942	Oui
925	50,000	12	0,962	Oui
926	49,500	12	0,982	Non
927	50,000	12	0,962	Oui
928	50,000	11	0,880	Oui
929	50,000	11	0,880	Oui
930	50,500	11	0,863	Oui
931	51,000	11	0,846	Oui
932	51,000	11	0,846	Oui
933	51,000	11	0,847	Oui
934	50,500	11	0,863	Oui
935	50,500	11	0,863	Oui
936	50,500	11	0,863	Oui
937	50,500	11	0,863	Oui
938	50,500	11	0,863	Oui
939	50,000	11	0,881	Oui
940	50,000	11	0,881	Oui
941	49,500	10	0,817	Non
942	49,500	10	0,817	Non
943	49,000	9	0,750	Non
944	49,000	9	0,750	Non
945	49,000	9	0,750	Non
946	49,000	9	0,751	Non
947	49,500	10	0,817	Non
948	49,500	10	0,817	Non
949	49,000	10	0,833	Non
950	49,000	10	0,833	Non
951	49,000	9	0,750	Non
952	48,500	9	0,766	Non
953	48,500	9	0,766	Non
954	49,000	10	0,833	Non
955	49,500	10	0,817	Non
956	49,000	10	0,833	Non
957	49,500	10	0,816	Non
958	49,000	10	0,833	Non
959	49,500	10	0,816	Non
960	50,000	11	0,880	Oui
961	50,500	11	0,863	Oui
962	50,000	11	0,880	Oui
963	50,500	11	0,863	Oui
964	50,500	12	0,942	Oui
965	51,000	12	0,923	Oui
966	51,000	12	0,923	Oui
967	51,000	12	0,923	Oui
968	51,000	12	0,923	Oui
969	51,500	12	0,906	Oui
970	51,500	12	0,906	Oui
971	51,500	12	0,906	Oui
972	51,000	11	0,847	Oui
973	50,500	11	0,863	Oui
974	50,500	11	0,863	Oui
975	50,500	11	0,863	Oui
976	51,000	11	0,846	Oui
977	51,000	11	0,846	Oui
978	51,000	11	0,846	Oui
979	51,500	12	0,906	Oui
980	51,500	12	0,906	Oui
981	52,000	12	0,889	Oui
982	51,500	12	0,906	Oui
983	51,500	12	0,906	Oui
984	51,000	12	0,923	Oui
985	51,000	12	0,923	Oui
986	51,500	12	0,906	Oui
987	51,500	12	0,906	Oui
988	51,500	12	0,905	Oui
989	51,500	13	0,981	Oui
990	51,000	12	0,924	Oui
991	50,500	12	0,942	Oui
992	50,500	12	0,943	Oui
993	51,000	12	0,926	Oui
994	51,500	12	0,907	Oui
995	51,500	12	0,907	Oui
996	51,500	12	0,909	Oui
997	51,500	12	0,907	Oui
998	51,500	12	0,907	Oui
999	51,000	12	0,926	Oui
1000	51,000	12	0,926	Oui
1001	51,000	12	0,926	Oui
1002	51,000	12	0,926	Oui
1003	51,000	12	0,926	Oui
1004	51,000	12	0,926	Oui
1005	50,500	12	0,946	Oui
1006	50,500	12	0,949	Oui
1007	51,000	12	0,932	Oui
1008	51,500	12	0,912	Oui
1009	52,000	13	0,971	Oui
1010	51,500	13	0,988	Oui
1011	52,000	13	0,971	Oui
1012	52,000	13	0,971	Oui
1013	51,500	13	0,992	Oui
1014	51,000	13	1,014	Oui
1015	51,500	13	0,992	Oui
1016	51,500	13	0,992	Oui
1017	51,500	13	0,992	Oui
1018	51,500	13	0,992	Oui
1019	52,000	13	0,971	Oui
1020	52,500	13	0,950	Oui
1021	53,000	14	1,006	Oui
1022	53,500	14	0,989	Oui
1023	53,500	14	0,985	Oui
1024	54,000	15	1,038	Oui
1025	54,000	15	1,042	Oui
1026	54,500	15	1,025	Oui
1027	54,000	15	1,046	Oui
1028	54,000	14	0,982	Oui
1029	53,500	14	0,998	Oui
1030	53,500	14	1,004	Oui
1031	53,500	14	1,004	Oui
1032	53,500	14	1,004	Oui
1033	53,500	14	1,004	Oui
1034	54,000	14	0,982	Oui
1035	54,000	14	0,977	Oui
1036	54,000	14	0,977	Oui
1037	53,500	13	0,927	Oui
1038	53,500	13	0,922	Oui
1039	54,000	14	0,977	Oui
1040	54,000	14	0,977	Oui
1041	53,500	14	0,993	Oui
1042	53,500	14	0,993	Oui
1043	53,500	14	0,989	Oui
1044	53,500	14	0,989	Oui
1045	53,500	14	0,989	Oui
1046	53,000	14	1,010	Oui
1047	53,000	14	1,014	Oui
1048	53,000	14	1,020	Oui
1049	53,500	14	1,004	Oui
1050	53,000	14	1,020	Oui
1051	52,500	14	1,037	Oui
1052	53,000	14	1,014	Oui
1053	53,500	15	1,069	Oui
1054	54,000	15	1,052	Oui
1055	53,500	15	1,069	Oui
1056	54,000	15	1,052	Oui
1057	54,500	15	1,030	Oui
1058	54,500	15	1,030	Oui
1059	54,000	15	1,052	Oui
1060	54,000	15	1,052	Oui
1061	54,500	15	1,035	Oui
1062	54,000	15	1,052	Oui
1063	54,000	14	0,982	Oui
1064	53,500	14	0,998	Oui
1065	53,500	14	0,998	Oui
1066	54,000	14	0,982	Oui
1067	54,000	14	0,982	Oui
1068	53,500	14	0,998	Oui
1069	53,500	14	0,998	Oui
1070	53,000	14	1,014	Oui
1071	53,000	14	1,014	Oui
1072	53,500	14	0,993	Oui
1073	53,500	14	0,993	Oui
1074	53,500	14	0,989	Oui
1075	53,500	14	0,989	Oui
1076	54,000	14	0,969	Oui
1077	54,500	14	0,949	Oui
1078	55,000	15	1,000	Oui
1079	55,500	15	0,980	Oui
1080	55,500	15	0,978	Oui
1081	55,000	15	0,995	Oui
1082	55,000	15	0,993	Oui
1083	55,000	15	0,993	Oui
1084	55,000	15	0,993	Oui
1085	55,000	15	0,993	Oui
1086	55,000	15	0,993	Oui
1087	54,500	15	1,012	Oui
1088	55,000	15	0,995	Oui
1089	54,500	15	1,012	Oui
1090	55,000	15	0,995	Oui
1091	55,000	15	0,995	Oui
1092	55,500	15	0,976	Oui
1093	55,500	15	0,975	Oui
1094	56,000	15	0,957	Oui
1095	56,000	16	1,022	Oui
1096	56,000	16	1,022	Oui
1097	56,000	16	1,022	Oui
1098	56,000	16	1,022	Oui
1099	55,500	16	1,041	Oui
1100	56,000	16	1,023	Oui
1101	55,500	16	1,041	Oui
1102	55,500	16	1,041	Oui
1103	55,500	16	1,041	Oui
1104	55,500	15	0,976	Oui
1105	55,000	15	0,993	Oui
1106	54,500	15	1,011	Oui
1107	54,000	15	1,030	Oui
1108	54,500	15	1,012	Oui
1109	54,500	15	1,012	Oui
1110	54,500	15	1,012	Oui
1111	54,500	15	1,012	Oui
1112	54,000	15	1,032	Oui
1113	54,000	15	1,032	Oui
1114	54,000	15	1,030	Oui
1115	54,000	15	1,030	Oui
1116	54,000	14	0,963	Oui
1117	54,000	14	0,963	Oui
1118	54,000	14	0,963	Oui
1119	54,500	15	1,014	Oui
1120	54,500	15	1,017	Oui
1121	54,000	15	1,038	Oui
1122	54,500	15	1,020	Oui
1123	54,000	15	1,038	Oui
1124	54,500	15	1,020	Oui
1125	54,500	15	1,020	Oui
1126	54,500	15	1,020	Oui
1127	54,500	15	1,020	Oui
1128	54,000	15	1,038	Oui
1129	54,000	15	1,034	Oui
1130	53,500	15	1,053	Oui
1131	53,500	15	1,053	Oui
1132	53,500	15	1,056	Oui
1133	53,000	15	1,078	Oui
1134	53,000	15	1,078	Oui
1135	53,500	15	1,056	Oui
1136	53,500	16	1,126	Oui
1137	54,000	16	1,103	Oui
1138	53,500	16	1,126	Oui
1139	54,000	16	1,103	Oui
1140	54,000	16	1,103	Oui
1141	54,000	16	1,103	Oui
1142	53,500	16	1,123	Oui
1143	53,500	16	1,123	Oui
1144	53,000	16	1,143	Oui
1145	53,000	16	1,143	Oui
1146	53,000	15	1,074	Oui
1147	52,500	15	1,093	Oui
1148	52,500	15	1,093	Oui
1149	52,500	15	1,093	Oui
1150	52,500	15	1,093	Oui
1151	52,500	16	1,170	Oui
1152	53,000	16	1,146	Oui
1153	52,500	15	1,096	Oui
1154	52,000	15	1,116	Oui
1155	52,000	15	1,120	Oui
1156	52,000	15	1,120	Oui
1157	52,000	15	1,116	Oui
1158	52,500	15	1,093	Oui
1159	52,500	14	1,020	Oui
1160	52,000	14	1,039	Oui
1161	52,000	14	1,039	Oui
1162	52,000	14	1,039	Oui
1163	52,000	13	0,965	Oui
1164	52,000	14	1,039	Oui
1165	52,000	14	1,039	Oui
1166	52,000	14	1,039	Oui
1167	51,500	14	1,058	Oui
1168	51,500	14	1,058	Oui
1169	51,000	14	1,078	Oui
1170	51,000	14	1,078	Oui
1171	51,500	14	1,058	Oui
1172	51,500	14	1,058	Oui
1173	51,500	14	1,058	Oui
1174	51,000	14	1,080	Oui
1175	51,500	14	1,061	Oui
1176	51,500	14	1,064	Oui
1177	52,000	14	1,045	Oui
1178	51,500	13	0,992	Oui
1179	51,500	13	0,992	Oui
1180	52,000	13	0,971	Oui
1181	51,500	13	0,988	Oui
1182	52,000	13	0,971	Oui
1183	52,000	13	0,971	Oui
1184	52,000	13	0,971	Oui
1185	52,500	13	0,950	Oui
1186	52,000	13	0,967	Oui
1187	52,000	13	0,967	Oui
1188	52,000	12	0,893	Oui
1189	52,000	13	0,967	Oui
1190	52,500	13	0,948	Oui
1191	52,500	13	0,948	Oui
1192	52,000	13	0,965	Oui
1193	51,500	13	0,983	Oui
1194	51,500	13	0,983	Oui
1195	51,500	13	0,985	Oui
1196	51,500	13	0,985	Oui
1197	51,000	13	1,006	Oui
1198	50,500	13	1,028	Oui
1199	51,000	13	1,009	Oui
1200	51,500	13	0,988	Oui
1201	52,000	13	0,967	Oui
1202	52,000	13	0,967	Oui
1203	52,000	13	0,971	Oui
1204	52,500	13	0,954	Oui
1205	52,500	13	0,954	Oui
1206	52,500	13	0,954	Oui
1207	52,500	13	0,954	Oui
1208	52,000	12	0,900	Oui
1209	52,000	12	0,896	Oui
1210	52,500	12	0,877	Oui
1211	52,000	12	0,893	Oui
1212	52,500	12	0,877	Oui
1213	52,500	12	0,877	Oui
1214	52,500	12	0,877	Oui
1215	52,500	12	0,880	Oui
1216	52,500	12	0,880	Oui
1217	52,500	12	0,877	Oui
1218	52,000	12	0,893	Oui
1219	51,500	12	0,912	Oui
1220	51,000	11	0,854	Oui
1221	50,500	11	0,870	Oui
1222	50,000	11	0,886	Oui
1223	49,500	10	0,823	Non
1224	49,500	10	0,820	Non
1225	49,500	11	0,902	Non
1226	49,500	11	0,902	Non
1227	49,500	11	0,902	Non
1228	49,500	11	0,902	Non
1229	49,500	11	0,902	Non
1230	49,000	11	0,920	Non
1231	49,500	11	0,902	Non
1232	49,500	11	0,902	Non
1233	49,500	11	0,902	Non
1234	49,000	11	0,922	Non
1235	49,000	11	0,922	Non
1236	49,000	11	0,922	Non
1237	49,500	11	0,902	Non
1238	49,500	10	0,820	Non
1239	49,500	11	0,902	Non
1240	49,500	11	0,902	Non
1241	49,500	11	0,902	Non
1242	49,500	11	0,902	Non
1243	49,000	11	0,922	Non
1244	49,500	11	0,905	Non
1245	49,000	11	0,922	Non
1246	49,500	11	0,905	Non
1247	49,000	11	0,922	Non
1248	48,500	11	0,940	Non
1249	48,500	11	0,940	Non
1250	48,500	11	0,940	Non
1251	48,500	11	0,940	Non
1252	48,000	10	0,874	Non
1253	47,500	10	0,891	Non
1254	47,500	10	0,891	Non
1255	47,500	10	0,891	Non
1256	47,500	10	0,889	Non
1257	47,000	10	0,909	Non
1258	47,000	10	0,909	Non
1259	47,500	10	0,891	Non
1260	47,500	10	0,891	Non
1261	47,000	10	0,909	Non
1262	47,500	10	0,889	Non
1263	47,000	10	0,909	Non
1264	47,000	10	0,909	Non
1265	47,000	10	0,909	Non
1266	46,500	10	0,928	Non
1267	46,500	10	0,928	Non
1268	47,000	10	0,909	Non
1269	47,500	10	0,891	Non
1270	47,500	10	0,891	Non
1271	47,500	10	0,891	Non
1272	47,500	10	0,891	Non
1273	47,500	10	0,891	Non
1274	47,000	10	0,912	Non
1275	47,000	10	0,912	Non
1276	46,500	10	0,934	Non
1277	46,500	9	0,840	Non
1278	46,000	9	0,857	Non
1279	46,000	9	0,861	Non
1280	45,500	9	0,882	Non
1281	45,500	9	0,882	Non
1282	45,000	9	0,905	Non
1283	45,000	9	0,905	Non
1284	45,500	9	0,888	Non
1285	45,500	9	0,888	Non
1286	46,000	9	0,871	Non
1287	46,000	9	0,871	Non
1288	46,000	9	0,865	Non
1289	46,000	9	0,865	Non
1290	45,500	9	0,882	Non
1291	45,500	9	0,882	Non
1292	45,500	9	0,888	Non
1293	45,000	9	0,911	Non
1294	45,000	8	0,810	Non
1295	45,000	8	0,804	Non
1296	45,000	8	0,804	Non
1297	45,500	8	0,789	Non
1298	46,000	8	0,769	Non
1299	46,500	8	0,750	Non
1300	46,000	8	0,765	Non
1301	46,500	8	0,750	Non
1302	46,500	8	0,750	Non
1303	46,500	8	0,750	Non
1304	46,000	8	0,769	Non
1305	46,500	8	0,755	Non
1306	46,500	8	0,755	Non
1307	46,500	8	0,755	Non
1308	46,500	8	0,750	Non
1309	46,000	8	0,769	Non
1310	46,000	8	0,774	Non
1311	45,500	8	0,794	Non
1312	46,000	8	0,774	Non
1313	46,000	8	0,774	Non
1314	45,500	8	0,794	Non
1315	46,000	8	0,774	Non
1316	45,500	8	0,789	Non
1317	45,000	8	0,804	Non
1318	44,500	7	0,722	Non
1319	44,000	7	0,737	Non
1320	43,500	7	0,752	Non
1321	43,500	7	0,752	Non
1322	43,000	7	0,768	Non
1323	43,500	7	0,748	Non
1324	43,000	7	0,764	Non
1325	43,000	7	0,764	Non
1326	43,000	7	0,764	Non
1327	42,500	7	0,780	Non
1328	43,000	7	0,761	Non
1329	42,500	7	0,780	Non
1330	43,000	7	0,761	Non
1331	42,500	7	0,778	Non
1332	42,000	7	0,795	Non
1333	42,500	7	0,776	Non
1334	42,500	7	0,776	Non
1335	42,000	6	0,682	Non
1336	42,000	6	0,681	Non
1337	41,500	6	0,698	Non
1338	42,000	6	0,681	Non
1339	42,000	7	0,795	Non
1340	42,500	7	0,776	Non
1341	43,000	7	0,758	Non
1342	43,500	7	0,740	Non
1343	43,500	7	0,740	Non
1344	44,000	7	0,724	Non
1345	44,500	7	0,707	Non
1346	44,000	7	0,723	Non
1347	44,000	7	0,723	Non
1348	44,000	7	0,723	Non
1349	44,500	7	0,707	Non
1350	44,000	6	0,620	Non
1351	43,500	6	0,634	Non
1352	43,500	6	0,634	Non
1353	44,000	7	0,724	Non
1354	44,000	7	0,724	Non
1355	44,000	7	0,723	Non
1356	44,500	8	0,808	Non
1357	44,000	8	0,827	Non
1358	44,000	8	0,827	Non
1359	44,000	9	0,932	Non
1360	44,500	9	0,910	Non
1361	44,000	9	0,930	Non
1362	44,000	9	0,930	Non
1363	44,000	8	0,827	Non
1364	43,500	8	0,846	Non
1365	43,000	8	0,866	Non
1366	43,500	8	0,846	Non
1367	43,500	8	0,846	Non
1368	44,000	8	0,827	Non
1369	44,500	8	0,808	Non
1370	45,000	9	0,889	Non
1371	44,500	9	0,909	Non
1372	44,500	9	0,909	Non
1373	44,500	9	0,909	Non
1374	45,000	9	0,889	Non
1375	44,500	9	0,909	Non
1376	44,500	9	0,909	Non
1377	44,000	9	0,930	Non
1378	44,000	9	0,930	Non
1379	43,500	9	0,951	Non
1380	43,000	9	0,973	Non
1381	43,500	9	0,951	Non
1382	43,500	9	0,951	Non
1383	44,000	9	0,930	Non
1384	44,000	9	0,930	Non
1385	43,500	9	0,951	Non
1386	43,500	9	0,951	Non
1387	43,500	9	0,951	Non
1388	43,500	8	0,846	Non
1389	43,000	8	0,866	Non
1390	43,000	8	0,865	Non
1391	43,500	8	0,846	Non
1392	44,000	8	0,826	Non
1393	44,000	8	0,826	Non
1394	44,000	7	0,723	Non
1395	43,500	7	0,740	Non
1396	43,000	7	0,758	Non
1397	43,500	7	0,741	Non
1398	43,500	7	0,741	Non
1399	43,000	7	0,759	Non
1400	42,500	7	0,776	Non
1401	42,500	7	0,775	Non
1402	43,000	7	0,758	Non
1403	42,500	7	0,776	Non
1404	42,000	7	0,795	Non
1405	42,000	7	0,795	Non
1406	41,500	7	0,816	Non
1407	41,000	7	0,837	Non
1408	41,500	7	0,816	Non
1409	41,500	7	0,816	Non
1410	41,000	7	0,835	Non
1411	41,500	7	0,814	Non
1412	41,500	7	0,814	Non
1413	42,000	7	0,795	Non
1414	42,500	7	0,778	Non
1415	42,000	7	0,798	Non
1416	42,500	7	0,778	Non
1417	42,000	7	0,795	Non
1418	42,500	7	0,776	Non
1419	43,000	7	0,759	Non
1420	43,000	7	0,759	Non
1421	43,500	7	0,742	Non
1422	43,500	7	0,742	Non
1423	44,000	7	0,727	Non
1424	43,500	6	0,636	Non
1425	43,500	6	0,636	Non
1426	43,500	6	0,638	Non
1427	43,500	6	0,638	Non
1428	43,500	6	0,638	Non
1429	43,500	6	0,638	Non
1430	43,500	6	0,638	Non
1431	43,500	6	0,641	Non
1432	43,500	6	0,641	Non
1433	44,000	6	0,628	Non
1434	44,500	6	0,615	Non
1435	44,500	6	0,615	Non
1436	45,000	7	0,700	Non
1437	44,500	7	0,714	Non
1438	44,000	6	0,625	Non
1439	43,500	6	0,641	Non
1440	43,500	6	0,641	Non
1441	44,000	6	0,628	Non
1442	44,000	6	0,628	Non
1443	44,000	6	0,628	Non
1444	43,500	6	0,644	Non
1445	44,000	6	0,628	Non
1446	43,500	6	0,644	Non
1447	44,000	6	0,632	Non
1448	44,000	6	0,632	Non
1449	43,500	6	0,649	Non
1450	43,500	6	0,649	Non
1451	43,500	6	0,649	Non
1452	44,000	6	0,636	Non
1453	44,500	7	0,722	Non
1454	44,000	7	0,742	Non
1455	44,000	7	0,742	Non
1456	44,000	7	0,742	Non
1457	44,000	7	0,742	Non
1458	44,000	7	0,742	Non
1459	43,500	7	0,763	Non
1460	44,000	7	0,748	Non
1461	44,500	7	0,734	Non
1462	44,000	7	0,748	Non
1463	44,500	7	0,728	Non
1464	44,500	7	0,728	Non
1465	45,000	7	0,714	Non
1466	45,000	7	0,714	Non
1467	45,000	7	0,714	Non
1468	44,500	7	0,734	Non
1469	44,500	7	0,741	Non
1470	45,000	7	0,727	Non
1471	45,000	7	0,727	Non
1472	45,000	7	0,727	Non
1473	45,500	8	0,808	Non
1474	45,500	8	0,808	Non
1475	46,000	8	0,786	Non
1476	46,500	8	0,766	Non
1477	46,500	8	0,766	Non
1478	47,000	9	0,839	Non
1479	47,000	9	0,846	Non
1480	47,500	10	0,916	Non
1481	47,500	10	0,916	Non
1482	48,000	10	0,900	Non
1483	48,500	10	0,884	Non
1484	48,500	10	0,892	Non
1485	48,500	10	0,892	Non
1486	48,000	10	0,916	Non
1487	48,500	10	0,901	Non
1488	48,500	11	0,981	Non
1489	48,500	11	0,981	Non
1490	49,000	11	0,956	Non
1491	49,500	11	0,940	Non
1492	49,000	11	0,965	Non
1493	49,500	11	0,949	Non
1494	49,500	11	0,949	Non
1495	49,000	11	0,965	Non
1496	49,000	11	0,965	Non
1497	49,000	11	0,965	Non
1498	48,500	11	0,981	Non
1499	48,500	11	0,981	Non
1500	48,500	11	0,981	Non
1501	48,500	11	0,991	Non
1502	48,000	11	1,019	Non
1503	48,000	11	1,019	Non
1504	48,500	11	1,002	Non
1505	48,000	11	1,030	Non
1506	48,500	11	1,014	Non
1507	49,000	11	0,998	Non
1508	48,500	11	1,014	Non
1509	48,500	11	1,014	Non
1510	48,000	11	1,044	Non
1511	48,000	11	1,044	Non
1512	47,500	11	1,061	Non
1513	47,500	11	1,061	Non
1514	48,000	11	1,044	Non
1515	48,000	12	1,124	Non
1516	48,000	12	1,124	Non
1517	48,000	12	1,124	Non
1518	48,000	12	1,124	Non
1519	48,000	12	1,124	Non
1520	48,500	12	1,106	Non
1521	48,500	12	1,106	Non
1522	49,000	12	1,075	Non
1523	49,000	12	1,075	Non
1524	49,500	13	1,133	Non
1525	50,000	13	1,115	Oui
1526	50,500	13	1,098	Oui
1527	51,000	13	1,081	Oui
1528	51,000	14	1,151	Oui
1529	51,500	14	1,122	Oui
1530	51,000	14	1,140	Oui
1531	51,000	14	1,140	Oui
1532	51,000	14	1,140	Oui
1533	50,500	14	1,158	Oui
1534	50,500	14	1,158	Oui
1535	50,500	14	1,158	Oui
1536	50,000	14	1,177	Oui
1537	50,500	14	1,148	Oui
1538	50,500	13	1,057	Oui
1539	50,000	13	1,083	Oui
1540	50,000	13	1,075	Oui
1541	49,500	13	1,093	Non
1542	49,500	13	1,086	Non
1543	49,500	13	1,086	Non
1544	49,500	13	1,086	Non
1545	49,000	13	1,105	Non
1546	49,000	13	1,105	Non
1547	49,500	13	1,086	Non
1548	49,500	13	1,086	Non
1549	49,500	13	1,086	Non
1550	49,500	13	1,086	Non
1551	50,000	13	1,067	Oui
1552	49,500	12	1,003	Non
1553	49,500	12	1,003	Non
1554	49,500	12	1,003	Non
1555	49,000	11	0,935	Non
1556	49,000	11	0,935	Non
1557	49,500	11	0,919	Non
1558	49,000	10	0,850	Non
1559	49,000	10	0,850	Non
1560	48,500	10	0,866	Non
1561	48,500	10	0,866	Non
1562	48,500	10	0,866	Non
1563	48,000	10	0,882	Non
1564	48,000	10	0,882	Non
1565	48,000	10	0,882	Non
1566	47,500	10	0,898	Non
1567	47,500	10	0,898	Non
1568	47,000	10	0,920	Non
1569	47,000	9	0,828	Non
1570	46,500	9	0,849	Non
1571	47,000	9	0,828	Non
1572	47,500	9	0,809	Non
1573	48,000	9	0,794	Non
1574	48,000	9	0,798	Non
1575	48,500	10	0,866	Non
1576	48,000	10	0,887	Non
1577	48,500	10	0,871	Non
1578	48,500	10	0,871	Non
1579	48,500	10	0,871	Non
1580	49,000	10	0,856	Non
1581	48,500	10	0,877	Non
1582	48,500	10	0,877	Non
1583	48,000	10	0,893	Non
1584	48,000	10	0,893	Non
1585	48,000	10	0,893	Non
1586	48,500	10	0,871	Non
1587	48,500	10	0,871	Non
1588	48,000	10	0,887	Non
1589	48,500	10	0,866	Non
1590	48,500	10	0,866	Non
1591	48,000	10	0,887	Non
1592	48,000	10	0,882	Non
1593	48,000	10	0,882	Non
1594	47,500	10	0,898	Non
1595	47,500	10	0,898	Non
1596	47,500	10	0,898	Non
1597	47,500	10	0,894	Non
1598	47,500	10	0,894	Non
1599	47,500	10	0,894	Non
1600	48,000	10	0,878	Non
1601	48,000	11	0,965	Non
1602	47,500	11	0,984	Non
1603	48,000	11	0,962	Non
1604	48,000	11	0,962	Non
1605	48,000	11	0,962	Non
1606	48,000	11	0,962	Non
1607	48,500	11	0,943	Non
1608	48,000	11	0,965	Non
1609	47,500	11	0,984	Non
1610	48,000	11	0,965	Non
1611	47,500	11	0,988	Non
1612	47,000	11	1,012	Non
1613	46,500	11	1,032	Non
1614	46,500	11	1,027	Non
1615	47,000	11	1,007	Non
1616	47,000	12	1,099	Non
1617	47,500	12	1,078	Non
1618	47,000	12	1,104	Non
1619	47,000	12	1,099	Non
1620	47,500	12	1,073	Non
1621	47,500	12	1,070	Non
1622	47,500	12	1,070	Non
1623	47,000	12	1,091	Non
1624	47,500	12	1,067	Non
1625	47,500	12	1,067	Non
1626	47,500	12	1,067	Non
1627	47,500	12	1,067	Non
1628	47,000	12	1,091	Non
1629	47,500	12	1,070	Non
1630	48,000	13	1,133	Non
1631	47,500	13	1,156	Non
1632	48,000	13	1,130	Non
1633	48,000	13	1,129	Non
1634	47,500	13	1,152	Non
1635	47,000	12	1,086	Non
1636	47,000	12	1,086	Non
1637	47,000	12	1,086	Non
1638	47,500	12	1,064	Non
1639	48,000	13	1,128	Non
1640	48,500	13	1,105	Non
1641	48,000	13	1,128	Non
1642	48,500	13	1,105	Non
1643	49,000	14	1,166	Non
1644	49,000	14	1,166	Non
1645	48,500	14	1,190	Non
1646	49,000	14	1,167	Non
1647	49,000	14	1,167	Non
1648	49,500	14	1,144	Non
1649	50,000	14	1,122	Oui
1650	50,000	14	1,122	Oui
1651	50,500	14	1,101	Oui
1652	50,000	13	1,042	Oui
1653	49,500	13	1,064	Non
1654	49,500	13	1,064	Non
1655	50,000	13	1,044	Oui
1656	50,000	14	1,122	Oui
1657	50,000	14	1,122	Oui
1658	50,500	14	1,099	Oui
1659	51,000	14	1,077	Oui
1660	51,000	14	1,077	Oui
1661	50,500	14	1,098	Oui
1662	51,000	14	1,077	Oui
1663	50,500	14	1,098	Oui
1664	50,500	14	1,098	Oui
1665	50,500	14	1,098	Oui
1666	50,500	14	1,098	Oui
1667	51,000	14	1,077	Oui
1668	51,500	14	1,056	Oui
1669	51,500	15	1,131	Oui
1670	51,500	15	1,131	Oui
1671	51,500	15	1,131	Oui
1672	51,500	14	1,056	Oui
1673	51,000	14	1,077	Oui
1674	51,500	14	1,056	Oui
1675	51,000	14	1,077	Oui
1676	50,500	14	1,099	Oui
1677	50,500	13	1,020	Oui
1678	50,000	13	1,040	Oui
1679	50,000	12	0,960	Oui
1680	50,000	12	0,962	Oui
1681	50,500	12	0,943	Oui
1682	50,000	12	0,962	Oui
1683	49,500	12	0,980	Non
1684	49,500	12	0,980	Non
1685	50,000	12	0,962	Oui
1686	50,500	13	1,020	Oui
1687	50,500	12	0,941	Oui
1688	50,000	12	0,960	Oui
1689	50,500	12	0,942	Oui
1690	50,000	12	0,962	Oui
1691	49,500	12	0,980	Non
1692	49,500	12	0,980	Non
1693	49,000	12	1,000	Non
1694	49,000	12	1,000	Non
1695	49,000	12	1,000	Non
1696	49,500	12	0,980	Non
1697	49,000	12	1,000	Non
1698	49,500	12	0,980	Non
1699	49,000	12	1,000	Non
1700	49,500	12	0,980	Non
1701	49,000	12	1,000	Non
1702	49,500	12	0,980	Non
1703	49,000	12	1,000	Non
1704	49,000	12	1,000	Non
1705	49,500	12	0,980	Non
1706	49,500	12	0,980	Non
1707	49,000	12	1,000	Non
1708	49,500	12	0,980	Non
1709	49,500	12	0,980	Non
1710	49,500	12	0,980	Non
1711	50,000	12	0,960	Oui
1712	50,000	12	0,960	Oui
1713	50,500	12	0,941	Oui
1714	50,000	11	0,880	Oui
1715	50,000	11	0,880	Oui
1716	50,500	11	0,863	Oui
1717	50,500	11	0,863	Oui
1718	51,000	11	0,846	Oui
1719	51,500	11	0,830	Oui
1720	51,000	11	0,846	Oui
1721	51,000	11	0,846	Oui
1722	51,000	11	0,846	Oui
1723	50,500	10	0,784	Oui
1724	50,000	10	0,800	Oui
1725	49,500	10	0,816	Non
1726	49,000	10	0,833	Non
1727	48,500	9	0,765	Non
1728	48,500	9	0,765	Non
1729	48,000	9	0,782	Non
1730	48,500	9	0,766	Non
1731	48,500	9	0,766	Non
1732	48,500	9	0,766	Non
1733	49,000	9	0,750	Non
1734	49,500	9	0,735	Non
1735	49,500	9	0,735	Non
1736	50,000	9	0,720	Oui
1737	49,500	9	0,735	Non
1738	49,000	9	0,751	Non
1739	49,000	9	0,751	Non
1740	48,500	9	0,767	Non
1741	49,000	9	0,751	Non
1742	48,500	9	0,767	Non
1743	49,000	9	0,751	Non
1744	48,500	9	0,767	Non
1745	49,000	9	0,753	Non
1746	49,500	9	0,738	Non
1747	49,000	9	0,753	Non
1748	49,000	9	0,753	Non
1749	49,000	9	0,755	Non
1750	49,000	9	0,755	Non
1751	49,000	9	0,753	Non
1752	49,000	9	0,753	Non
1753	48,500	9	0,769	Non
1754	48,500	9	0,769	Non
1755	49,000	9	0,755	Non
1756	49,000	9	0,758	Non
1757	49,000	10	0,839	Non
1758	49,500	10	0,823	Non
1759	49,500	10	0,826	Non
1760	50,000	10	0,812	Oui
1761	50,000	10	0,812	Oui
1762	50,000	10	0,812	Oui
1763	50,500	10	0,797	Oui
1764	51,000	10	0,784	Oui
1765	51,000	10	0,784	Oui
1766	51,000	10	0,784	Oui
1767	51,000	10	0,784	Oui
1768	51,000	10	0,784	Oui
1769	50,500	10	0,797	Oui
1770	51,000	10	0,780	Oui
1771	51,000	10	0,784	Oui
1772	50,500	10	0,802	Oui
1773	50,000	10	0,816	Oui
1774	49,500	9	0,748	Non
1775	49,000	9	0,765	Non
1776	49,500	9	0,748	Non
1777	49,000	9	0,761	Non
1778	49,000	9	0,761	Non
1779	49,000	9	0,761	Non
1780	48,500	9	0,775	Non
1781	49,000	9	0,761	Non
1782	49,000	9	0,765	Non
1783	49,500	10	0,831	Non
1784	50,000	10	0,812	Oui
1785	50,500	10	0,797	Oui
1786	50,500	11	0,877	Oui
1787	50,500	11	0,873	Oui
1788	51,000	11	0,854	Oui
1789	50,500	11	0,873	Oui
1790	50,000	11	0,893	Oui
1791	50,500	11	0,877	Oui
1792	50,000	11	0,898	Oui
1793	50,000	11	0,898	Oui
1794	50,500	11	0,882	Oui
1795	51,000	12	0,940	Oui
1796	51,000	12	0,940	Oui
1797	51,000	12	0,946	Oui
1798	51,000	12	0,946	Oui
1799	51,000	12	0,946	Oui
1800	51,000	11	0,867	Oui
1801	50,500	11	0,888	Oui
1802	50,500	11	0,888	Oui
1803	50,000	11	0,909	Oui
1804	50,500	11	0,888	Oui
1805	50,500	11	0,888	Oui
1806	51,000	11	0,867	Oui
1807	51,000	11	0,867	Oui
1808	51,500	12	0,924	Oui
1809	51,500	12	0,924	Oui
1810	51,500	12	0,924	Oui
1811	52,000	12	0,909	Oui
1812	52,000	12	0,909	Oui
1813	52,500	12	0,889	Oui
1814	52,500	12	0,889	Oui
1815	52,000	11	0,829	Oui
1816	52,000	11	0,833	Oui
1817	51,500	11	0,847	Oui
1818	52,000	11	0,829	Oui
1819	51,500	11	0,847	Oui
1820	51,500	11	0,853	Oui
1821	51,000	11	0,873	Oui
1822	51,000	11	0,873	Oui
1823	51,000	11	0,873	Oui
1824	50,500	11	0,894	Oui
1825	50,000	11	0,917	Oui
1826	50,000	11	0,909	Oui
1827	50,000	11	0,909	Oui
1828	50,500	11	0,894	Oui
1829	50,500	11	0,888	Oui
1830	50,000	11	0,909	Oui
1831	50,500	11	0,894	Oui
1832	50,500	11	0,902	Oui
1833	50,500	11	0,910	Oui
1834	50,500	11	0,910	Oui
1835	50,500	11	0,910	Oui
1836	50,000	11	0,934	Oui
1837	50,500	11	0,919	Oui
1838	50,500	11	0,910	Oui
1839	50,500	11	0,910	Oui
1840	50,000	11	0,925	Oui
1841	50,500	11	0,902	Oui
1842	50,500	10	0,813	Oui
1843	50,000	10	0,833	Oui
1844	50,000	10	0,833	Oui
1845	50,500	10	0,820	Oui
1846	50,000	10	0,833	Oui
1847	50,000	10	0,827	Oui
1848	50,000	10	0,827	Oui
1849	50,000	11	0,903	Oui
1850	50,000	11	0,903	Oui
1851	50,000	11	0,898	Oui
1852	50,000	11	0,898	Oui
1853	50,000	11	0,898	Oui
1854	50,000	11	0,898	Oui
1855	49,500	10	0,831	Non
1856	49,000	10	0,850	Non
1857	49,000	10	0,850	Non
1858	48,500	10	0,871	Non
1859	48,500	10	0,871	Non
1860	48,500	10	0,877	Non
1861	48,500	10	0,877	Non
1862	48,000	10	0,900	Non
1863	48,500	10	0,884	Non
1864	48,500	10	0,884	Non
1865	48,500	10	0,884	Non
1866	48,500	10	0,884	Non
1867	48,500	10	0,877	Non
1868	48,500	9	0,784	Non
1869	48,000	9	0,804	Non
1870	48,000	9	0,798	Non
1871	48,000	9	0,798	Non
1872	48,000	9	0,794	Non
1873	48,000	9	0,794	Non
1874	48,000	9	0,790	Non
1875	48,500	9	0,775	Non
1876	49,000	10	0,842	Non
1877	48,500	10	0,861	Non
1878	48,500	10	0,861	Non
1879	48,000	10	0,878	Non
1880	48,000	10	0,874	Non
1881	48,000	10	0,874	Non
1882	48,500	10	0,858	Non
1883	48,500	10	0,858	Non
1884	48,000	10	0,874	Non
1885	48,000	9	0,787	Non
1886	48,000	9	0,790	Non
1887	48,000	9	0,794	Non
1888	48,500	10	0,861	Non
1889	48,500	10	0,861	Non
1890	48,500	10	0,861	Non
1891	49,000	10	0,846	Non
1892	49,000	10	0,846	Non
1893	49,500	10	0,831	Non
1894	49,500	10	0,831	Non
1895	49,500	10	0,831	Non
1896	49,000	10	0,850	Non
1897	49,000	10	0,850	Non
1898	49,000	10	0,856	Non
1899	49,500	10	0,841	Non
1900	49,000	10	0,856	Non
1901	49,500	10	0,841	Non
1902	49,500	10	0,841	Non
1903	49,500	10	0,841	Non
1904	49,500	10	0,835	Non
1905	49,500	10	0,831	Non
1906	49,500	10	0,826	Non
1907	49,500	10	0,826	Non
1908	49,000	10	0,842	Non
1909	49,000	10	0,842	Non
1910	49,000	10	0,842	Non
1911	48,500	10	0,861	Non
1912	48,500	10	0,861	Non
1913	48,500	10	0,858	Non
1914	49,000	10	0,839	Non
1915	49,000	10	0,839	Non
1916	48,500	10	0,855	Non
1917	48,500	10	0,855	Non
1918	48,000	10	0,871	Non
1919	47,500	10	0,889	Non
1920	47,500	10	0,889	Non
1921	47,500	10	0,889	Non
1922	47,000	10	0,909	Non
1923	47,500	10	0,891	Non
1924	48,000	11	0,959	Non
1925	48,500	11	0,938	Non
1926	49,000	11	0,918	Non
1927	49,500	11	0,900	Non
1928	49,000	11	0,918	Non
1929	49,000	11	0,918	Non
1930	48,500	11	0,936	Non
1931	48,500	11	0,936	Non
1932	49,000	11	0,917	Non
1933	49,000	11	0,917	Non
1934	48,500	11	0,935	Non
1935	49,000	11	0,917	Non
1936	48,500	11	0,936	Non
1937	49,000	11	0,917	Non
1938	49,500	11	0,899	Non
1939	50,000	11	0,881	Oui
1940	50,500	11	0,865	Oui
1941	50,000	11	0,883	Oui
1942	50,500	11	0,867	Oui
1943	50,500	11	0,870	Oui
1944	51,000	11	0,854	Oui
1945	51,000	12	0,928	Oui
1946	50,500	12	0,946	Oui
1947	50,500	12	0,946	Oui
1948	51,000	12	0,928	Oui
1949	51,000	12	0,928	Oui
1950	51,000	12	0,928	Oui
1951	51,000	12	0,932	Oui
1952	51,500	12	0,915	Oui
1953	52,000	12	0,900	Oui
1954	52,000	12	0,900	Oui
1955	52,000	12	0,896	Oui
1956	51,500	11	0,836	Oui
1957	51,000	11	0,854	Oui
1958	51,000	11	0,854	Oui
1959	51,000	12	0,928	Oui
1960	50,500	12	0,946	Oui
1961	50,500	12	0,946	Oui
1962	50,500	12	0,946	Oui
1963	50,500	12	0,946	Oui
1964	50,500	13	1,022	Oui
1965	50,500	13	1,022	Oui
1966	50,500	13	1,022	Oui
1967	51,000	13	1,003	Oui
1968	51,500	13	0,985	Oui
1969	51,500	13	0,985	Oui
1970	51,000	13	1,006	Oui
1971	50,500	13	1,024	Oui
1972	51,000	13	1,003	Oui
1973	51,000	13	1,003	Oui
1974	51,000	13	1,003	Oui
1975	51,000	13	1,003	Oui
1976	51,000	13	1,006	Oui
1977	51,500	14	1,061	Oui
1978	52,000	14	1,042	Oui
1979	52,000	14	1,042	Oui
1980	52,500	14	1,020	Oui
1981	52,500	14	1,018	Oui
1982	52,000	13	0,963	Oui
1983	51,500	13	0,983	Oui
1984	51,500	13	0,985	Oui
1985	51,500	13	0,983	Oui
1986	51,000	13	1,003	Oui
1987	50,500	13	1,024	Oui
1988	50,500	13	1,024	Oui
1989	51,000	13	1,003	Oui
1990	51,500	13	0,985	Oui
1991	51,000	13	1,003	Oui
1992	51,000	13	1,003	Oui
1993	51,000	13	1,003	Oui
1994	51,000	12	0,926	Oui
1995	50,500	12	0,946	Oui
1996	51,000	12	0,926	Oui
1997	51,000	12	0,926	Oui
1998	51,000	12	0,926	Oui
1999	51,500	12	0,909	Oui
2000	51,500	13	0,983	Oui
2001	52,000	13	0,963	Oui
2002	52,500	13	0,944	Oui
2003	52,500	13	0,944	Oui
2004	52,500	13	0,944	Oui
2005	52,500	13	0,944	Oui
2006	52,000	13	0,963	Oui
2007	51,500	12	0,906	Oui
2008	51,500	12	0,906	Oui
2009	51,500	12	0,906	Oui
2010	51,500	12	0,906	Oui
2011	51,500	12	0,906	Oui
2012	52,000	13	0,962	Oui
2013	52,000	13	0,962	Oui
2014	51,500	13	0,981	Oui
2015	51,500	13	0,981	Oui
2016	51,500	13	0,980	Oui
2017	52,000	13	0,962	Oui
2018	51,500	13	0,981	Oui
2019	52,000	13	0,962	Oui
2020	52,000	13	0,962	Oui
2021	52,500	14	1,016	Oui
2022	53,000	14	0,997	Oui
2023	53,500	14	0,979	Oui
2024	53,500	14	0,979	Oui
2025	53,500	14	0,979	Oui
2026	53,500	14	0,980	Oui
2027	53,500	14	0,980	Oui
2028	53,500	13	0,909	Oui
2029	53,000	13	0,927	Oui
2030	53,000	13	0,927	Oui
2031	53,000	13	0,926	Oui
2032	53,000	13	0,926	Oui
2033	52,500	13	0,943	Oui
2034	52,500	13	0,943	Oui
2035	53,000	13	0,926	Oui
2036	53,500	14	0,978	Oui
2037	53,500	13	0,908	Oui
2038	53,000	13	0,926	Oui
2039	52,500	13	0,943	Oui
2040	52,500	13	0,943	Oui
2041	52,500	13	0,943	Oui
2042	52,000	13	0,962	Oui
2043	52,000	13	0,962	Oui
2044	52,000	13	0,962	Oui
2045	52,000	13	0,962	Oui
2046	52,500	14	1,016	Oui
2047	52,000	14	1,036	Oui
2048	52,000	13	0,962	Oui
2049	51,500	13	0,980	Oui
2050	52,000	13	0,962	Oui
2051	52,000	14	1,036	Oui
2052	52,500	14	1,017	Oui
2053	53,000	14	0,998	Oui
2054	53,500	15	1,049	Oui
2055	54,000	15	1,029	Oui
2056	54,000	15	1,029	Oui
2057	54,000	15	1,029	Oui
2058	54,500	15	1,011	Oui
2059	54,500	16	1,078	Oui
2060	54,500	16	1,077	Oui
2061	54,500	16	1,077	Oui
2062	54,500	16	1,077	Oui
2063	54,000	16	1,097	Oui
2064	54,000	16	1,097	Oui
2065	53,500	16	1,118	Oui
2066	54,000	16	1,098	Oui
2067	53,500	16	1,118	Oui
2068	53,000	16	1,139	Oui
2069	53,000	16	1,139	Oui
2070	53,000	16	1,139	Oui
2071	53,500	16	1,118	Oui
2072	53,500	17	1,188	Oui
2073	53,500	17	1,188	Oui
2074	53,500	17	1,189	Oui
2075	53,500	17	1,188	Oui
2076	53,500	17	1,189	Oui
2077	54,000	18	1,235	Oui
2078	54,000	18	1,235	Oui
2079	54,500	18	1,212	Oui
2080	54,500	18	1,213	Oui
2081	54,500	19	1,279	Oui
2082	54,500	19	1,279	Oui
2083	54,500	19	1,279	Oui
2084	55,000	19	1,257	Oui
2085	54,500	19	1,279	Oui
2086	54,000	19	1,303	Oui
2087	54,000	18	1,235	Oui
2088	54,000	19	1,303	Oui
2089	53,500	19	1,328	Oui
2090	54,000	19	1,304	Oui
2091	53,500	19	1,329	Oui
2092	54,000	19	1,305	Oui
2093	54,000	19	1,307	Oui
2094	54,000	19	1,307	Oui
2095	54,500	19	1,282	Oui
2096	54,500	19	1,282	Oui
2097	55,000	19	1,260	Oui
2098	54,500	19	1,285	Oui
2099	54,000	19	1,310	Oui
2100	54,000	19	1,310	Oui
2101	54,000	19	1,314	Oui
2102	54,000	19	1,314	Oui
2103	54,000	19	1,314	Oui
2104	53,500	19	1,337	Oui
2105	53,000	19	1,361	Oui
2106	53,000	19	1,357	Oui
2107	53,000	19	1,357	Oui
2108	53,500	19	1,333	Oui
2109	53,500	19	1,333	Oui
2110	54,000	19	1,307	Oui
2111	54,000	19	1,307	Oui
2112	54,000	19	1,307	Oui
2113	53,500	19	1,331	Oui
2114	53,500	19	1,329	Oui
2115	53,500	20	1,399	Oui
2116	54,000	20	1,372	Oui
2117	54,500	20	1,347	Oui
2118	54,500	20	1,347	Oui
2119	54,500	20	1,347	Oui
2120	54,500	20	1,347	Oui
2121	55,000	20	1,323	Oui
2122	55,500	20	1,300	Oui
2123	55,000	19	1,258	Oui
2124	55,000	19	1,258	Oui
2125	54,500	19	1,280	Oui
2126	54,000	19	1,304	Oui
2127	53,500	19	1,329	Oui
2128	53,500	19	1,329	Oui
2129	53,500	19	1,329	Oui
2130	53,500	19	1,329	Oui
2131	53,500	19	1,329	Oui
2132	53,000	19	1,353	Oui
2133	52,500	19	1,379	Oui
2134	53,000	19	1,353	Oui
2135	52,500	19	1,380	Oui
2136	52,500	19	1,380	Oui
2137	52,500	19	1,380	Oui
2138	52,000	19	1,407	Oui
2139	51,500	19	1,436	Oui
2140	51,000	19	1,466	Oui
2141	51,000	19	1,466	Oui
2142	50,500	19	1,497	Oui
2143	50,500	19	1,502	Oui
2144	50,500	18	1,429	Oui
2145	50,000	18	1,455	Oui
2146	50,000	18	1,455	Oui
2147	50,000	18	1,455	Oui
2148	50,000	18	1,455	Oui
2149	49,500	18	1,488	Non
2150	50,000	18	1,455	Oui
2151	49,500	18	1,488	Non
2152	49,000	18	1,522	Non
2153	48,500	18	1,558	Non
2154	48,500	18	1,558	Non
2155	48,000	18	1,587	Non
2156	48,500	18	1,558	Non
2157	49,000	18	1,522	Non
2158	48,500	17	1,472	Non
2159	48,000	17	1,499	Non
2160	48,000	17	1,499	Non
2161	48,000	17	1,499	Non
2162	48,500	17	1,472	Non
2163	48,000	16	1,419	Non
2164	48,000	16	1,419	Non
2165	48,000	16	1,419	Non
2166	48,500	16	1,385	Non
2167	48,500	17	1,481	Non
2168	48,000	17	1,518	Non
2169	48,500	17	1,481	Non
2170	48,500	17	1,481	Non
2171	49,000	17	1,446	Non
