	C+G(%)	CpG(%)	C	G	A	T
 sequence entiere	53,966	6,835	547	732	598	493
 
 
Fenetres	C+G(%)	CpG	Rapport CpG	Ilot CpG
1	53,500	12	0,839	Oui
2	53,500	12	0,839	Oui
3	53,000	11	0,783	Oui
4	52,500	11	0,798	Oui
5	52,500	11	0,799	Oui
6	52,500	11	0,799	Oui
7	52,000	11	0,814	Oui
8	51,500	11	0,830	Oui
9	51,500	10	0,755	Oui
10	51,500	10	0,754	Oui
11	52,000	10	0,740	Oui
12	51,500	10	0,754	Oui
13	51,500	10	0,754	Oui
14	52,000	10	0,740	Oui
15	52,000	10	0,740	Oui
16	52,000	10	0,740	Oui
17	52,000	10	0,741	Oui
18	51,500	10	0,756	Oui
19	51,000	9	0,694	Oui
20	51,000	9	0,694	Oui
21	50,500	9	0,708	Oui
22	50,000	9	0,723	Oui
23	49,500	9	0,738	Non
24	49,500	9	0,738	Non
25	49,500	9	0,738	Non
26	49,500	9	0,738	Non
27	49,500	9	0,738	Non
28	50,000	9	0,723	Oui
29	50,000	9	0,723	Oui
30	50,500	10	0,788	Oui
31	50,500	10	0,788	Oui
32	50,000	10	0,805	Oui
33	50,500	10	0,791	Oui
34	50,000	10	0,805	Oui
35	50,000	10	0,805	Oui
36	50,500	10	0,791	Oui
37	50,500	10	0,791	Oui
38	50,000	10	0,808	Oui
39	50,000	10	0,808	Oui
40	50,000	10	0,808	Oui
41	50,000	10	0,808	Oui
42	50,000	10	0,808	Oui
43	50,000	10	0,808	Oui
44	50,500	11	0,873	Oui
45	50,500	11	0,873	Oui
46	51,000	11	0,858	Oui
47	51,000	11	0,858	Oui
48	51,000	11	0,854	Oui
49	51,000	10	0,776	Oui
50	51,000	10	0,774	Oui
51	51,000	10	0,774	Oui
52	51,000	10	0,774	Oui
53	51,000	10	0,774	Oui
54	51,000	10	0,776	Oui
55	51,000	10	0,776	Oui
56	51,500	10	0,760	Oui
57	51,500	11	0,836	Oui
58	51,000	11	0,851	Oui
59	51,500	11	0,836	Oui
60	52,000	11	0,821	Oui
61	52,500	11	0,807	Oui
62	52,500	11	0,807	Oui
63	53,000	11	0,790	Oui
64	53,000	12	0,862	Oui
65	53,000	11	0,790	Oui
66	52,500	11	0,804	Oui
67	52,500	11	0,804	Oui
68	52,500	11	0,804	Oui
69	52,000	11	0,821	Oui
70	52,000	11	0,821	Oui
71	51,500	11	0,836	Oui
72	52,000	11	0,821	Oui
73	51,500	11	0,839	Oui
74	51,500	11	0,839	Oui
75	52,000	11	0,825	Oui
76	52,000	11	0,821	Oui
77	52,500	12	0,880	Oui
78	53,000	12	0,862	Oui
79	52,500	12	0,877	Oui
80	52,000	12	0,893	Oui
81	52,000	12	0,893	Oui
82	52,000	12	0,891	Oui
83	52,500	13	0,948	Oui
84	52,000	13	0,965	Oui
85	52,000	13	0,965	Oui
86	52,000	13	0,965	Oui
87	52,000	13	0,965	Oui
88	52,000	13	0,965	Oui
89	51,500	12	0,909	Oui
90	51,500	12	0,909	Oui
91	51,500	12	0,909	Oui
92	51,500	12	0,909	Oui
93	51,500	12	0,909	Oui
94	52,000	13	0,967	Oui
95	51,500	13	0,985	Oui
96	52,000	13	0,967	Oui
97	51,500	13	0,985	Oui
98	51,000	13	1,003	Oui
99	51,500	13	0,985	Oui
100	51,000	13	1,003	Oui
101	51,000	13	1,003	Oui
102	51,000	13	1,003	Oui
103	51,000	13	1,003	Oui
104	50,500	13	1,022	Oui
105	51,000	13	1,003	Oui
106	51,500	13	0,985	Oui
107	52,000	13	0,967	Oui
108	52,000	13	0,967	Oui
109	52,000	13	0,965	Oui
110	52,000	13	0,965	Oui
111	52,500	13	0,948	Oui
112	52,500	13	0,948	Oui
113	53,000	14	1,003	Oui
114	52,500	14	1,020	Oui
115	52,000	14	1,042	Oui
116	51,500	14	1,064	Oui
117	51,500	14	1,064	Oui
118	52,000	14	1,042	Oui
119	52,000	14	1,042	Oui
120	52,000	14	1,042	Oui
121	51,500	14	1,061	Oui
122	51,000	13	1,006	Oui
123	50,500	13	1,024	Oui
124	51,000	13	1,003	Oui
125	51,000	14	1,080	Oui
126	51,000	13	1,003	Oui
127	50,500	13	1,022	Oui
128	50,500	13	1,022	Oui
129	51,000	13	1,003	Oui
130	51,000	13	1,003	Oui
131	50,500	13	1,022	Oui
132	50,500	13	1,022	Oui
133	51,000	13	1,003	Oui
134	51,500	13	0,983	Oui
135	51,000	12	0,926	Oui
136	51,000	12	0,926	Oui
137	51,500	12	0,909	Oui
138	52,000	12	0,891	Oui
139	52,000	12	0,891	Oui
140	51,500	12	0,909	Oui
141	51,500	12	0,909	Oui
142	52,000	12	0,893	Oui
143	51,500	12	0,909	Oui
144	52,000	12	0,893	Oui
145	51,500	12	0,912	Oui
146	51,500	12	0,912	Oui
147	51,000	12	0,932	Oui
148	51,000	12	0,932	Oui
149	51,000	12	0,932	Oui
150	51,000	12	0,932	Oui
151	50,500	12	0,952	Oui
152	50,500	12	0,952	Oui
153	50,500	12	0,952	Oui
154	50,000	12	0,974	Oui
155	50,000	12	0,974	Oui
156	50,000	12	0,970	Oui
157	50,000	13	1,055	Oui
158	50,000	13	1,055	Oui
159	50,000	13	1,055	Oui
160	49,500	12	0,997	Non
161	49,500	12	0,997	Non
162	50,000	12	0,979	Oui
163	50,500	12	0,962	Oui
164	50,500	12	0,962	Oui
165	50,500	12	0,962	Oui
166	50,500	12	0,962	Oui
167	50,000	12	0,979	Oui
168	50,000	12	0,979	Oui
169	49,500	12	1,003	Non
170	49,000	12	1,027	Non
171	49,000	11	0,941	Non
172	49,000	11	0,935	Non
173	48,500	11	0,952	Non
174	48,000	11	0,970	Non
175	47,500	11	0,994	Non
176	47,500	11	0,994	Non
177	48,000	11	0,970	Non
178	47,500	11	0,994	Non
179	48,000	11	0,970	Non
180	48,500	11	0,947	Non
181	48,000	11	0,970	Non
182	48,500	11	0,952	Non
183	48,500	11	0,947	Non
184	48,500	12	1,034	Non
185	48,000	12	1,053	Non
186	48,500	12	1,029	Non
187	49,000	12	1,006	Non
188	49,000	12	1,010	Non
189	49,000	12	1,006	Non
190	49,000	12	1,006	Non
191	48,500	12	1,029	Non
192	49,000	12	1,006	Non
193	49,000	13	1,090	Non
194	49,000	13	1,094	Non
195	49,000	13	1,094	Non
196	49,000	13	1,099	Non
197	49,000	13	1,099	Non
198	49,500	13	1,074	Non
199	49,500	13	1,074	Non
200	50,000	13	1,055	Oui
201	50,500	13	1,032	Oui
202	50,500	13	1,028	Oui
203	51,000	14	1,087	Oui
204	51,000	14	1,087	Oui
205	51,000	14	1,083	Oui
206	51,000	14	1,083	Oui
207	51,000	14	1,083	Oui
208	51,500	14	1,064	Oui
209	51,500	14	1,061	Oui
210	51,000	14	1,083	Oui
211	50,500	14	1,107	Oui
212	50,500	14	1,107	Oui
213	50,500	14	1,107	Oui
214	50,500	14	1,107	Oui
215	51,000	14	1,087	Oui
216	50,500	14	1,107	Oui
217	50,500	14	1,103	Oui
218	51,000	14	1,080	Oui
219	51,500	14	1,058	Oui
220	51,000	14	1,078	Oui
221	51,000	14	1,078	Oui
222	51,500	14	1,058	Oui
223	51,500	14	1,058	Oui
224	51,500	14	1,058	Oui
225	51,500	14	1,061	Oui
226	52,000	14	1,039	Oui
227	52,000	14	1,037	Oui
228	52,000	15	1,113	Oui
229	51,500	14	1,061	Oui
230	51,500	14	1,061	Oui
231	52,000	14	1,039	Oui
232	52,500	14	1,018	Oui
233	52,500	15	1,091	Oui
234	52,500	15	1,091	Oui
235	53,000	15	1,071	Oui
236	53,000	15	1,071	Oui
237	53,500	15	1,050	Oui
238	53,500	15	1,050	Oui
239	54,000	15	1,030	Oui
240	54,000	15	1,030	Oui
241	53,500	15	1,049	Oui
242	53,500	15	1,049	Oui
243	53,500	14	0,979	Oui
244	53,500	15	1,049	Oui
245	53,500	15	1,049	Oui
246	53,000	15	1,068	Oui
247	53,500	15	1,049	Oui
248	53,000	15	1,070	Oui
249	52,500	15	1,091	Oui
250	52,500	15	1,093	Oui
251	52,000	15	1,116	Oui
252	52,000	15	1,116	Oui
253	52,500	15	1,096	Oui
254	52,000	15	1,116	Oui
255	52,000	15	1,116	Oui
256	51,500	14	1,064	Oui
257	51,000	14	1,083	Oui
258	51,000	14	1,083	Oui
259	51,000	14	1,080	Oui
260	50,500	14	1,101	Oui
261	50,000	14	1,122	Oui
262	49,500	14	1,144	Non
263	49,000	13	1,085	Non
264	49,000	13	1,085	Non
265	48,500	13	1,108	Non
266	49,000	13	1,087	Non
267	49,000	13	1,087	Non
268	49,500	13	1,066	Non
269	50,000	13	1,044	Oui
270	50,500	13	1,022	Oui
271	50,500	13	1,022	Oui
272	50,500	13	1,022	Oui
273	50,500	13	1,022	Oui
274	51,000	13	1,001	Oui
275	51,000	13	1,000	Oui
276	51,000	13	1,001	Oui
277	50,500	13	1,020	Oui
278	50,500	13	1,020	Oui
279	50,500	13	1,020	Oui
280	51,000	13	1,000	Oui
281	51,500	13	0,980	Oui
282	51,500	13	0,981	Oui
283	51,000	13	1,000	Oui
284	51,500	13	0,981	Oui
285	52,000	13	0,963	Oui
286	52,000	13	0,963	Oui
287	52,000	13	0,963	Oui
288	52,000	13	0,963	Oui
289	52,000	13	0,963	Oui
290	51,500	13	0,981	Oui
291	51,000	13	1,001	Oui
292	51,000	13	1,001	Oui
293	50,500	12	0,943	Oui
294	50,500	12	0,943	Oui
295	50,500	12	0,943	Oui
296	50,500	12	0,943	Oui
297	50,500	12	0,943	Oui
298	51,000	12	0,924	Oui
299	51,000	12	0,923	Oui
300	51,000	12	0,923	Oui
301	51,000	12	0,923	Oui
302	50,500	12	0,942	Oui
303	50,500	12	0,942	Oui
304	51,000	12	0,924	Oui
305	50,500	12	0,942	Oui
306	50,000	12	0,960	Oui
307	49,500	12	0,980	Non
308	49,000	12	1,000	Non
309	49,000	12	1,000	Non
310	49,000	12	1,000	Non
311	48,500	12	1,020	Non
312	48,000	11	0,955	Non
313	48,000	11	0,955	Non
314	48,500	11	0,935	Non
315	48,500	11	0,935	Non
316	49,000	11	0,916	Non
317	49,500	11	0,898	Non
318	49,000	11	0,917	Non
319	49,000	11	0,918	Non
320	49,000	11	0,918	Non
321	49,500	11	0,899	Non
322	49,500	11	0,899	Non
323	49,500	11	0,899	Non
324	49,000	10	0,834	Non
325	48,500	10	0,851	Non
326	48,000	10	0,870	Non
327	48,500	10	0,853	Non
328	48,000	10	0,870	Non
329	47,500	10	0,887	Non
330	47,500	10	0,887	Non
331	48,000	10	0,868	Non
332	48,000	10	0,868	Non
333	47,500	10	0,887	Non
334	47,000	10	0,906	Non
335	47,500	10	0,887	Non
336	47,000	10	0,905	Non
337	47,000	10	0,905	Non
338	46,500	10	0,925	Non
339	47,000	10	0,905	Non
340	47,500	10	0,887	Non
341	48,000	11	0,955	Non
342	48,000	11	0,955	Non
343	48,500	11	0,935	Non
344	48,000	11	0,955	Non
345	48,500	11	0,935	Non
346	48,500	11	0,935	Non
347	48,500	11	0,935	Non
348	48,500	11	0,935	Non
349	48,500	11	0,935	Non
350	48,500	11	0,935	Non
351	48,500	11	0,935	Non
352	48,500	11	0,935	Non
353	48,500	11	0,935	Non
354	48,500	11	0,935	Non
355	49,000	11	0,916	Non
356	48,500	10	0,850	Non
357	48,500	10	0,850	Non
358	48,000	10	0,868	Non
359	48,000	10	0,868	Non
360	48,000	10	0,868	Non
361	47,500	10	0,887	Non
362	47,500	10	0,887	Non
363	47,000	10	0,907	Non
364	47,000	10	0,907	Non
365	47,500	11	0,976	Non
366	48,000	11	0,955	Non
367	48,000	11	0,955	Non
368	47,500	11	0,975	Non
369	47,500	11	0,975	Non
370	47,500	11	0,975	Non
371	47,000	11	0,996	Non
372	47,000	11	0,996	Non
373	47,500	12	1,064	Non
374	48,000	12	1,042	Non
375	48,500	12	1,020	Non
376	49,000	13	1,083	Non
377	48,500	13	1,106	Non
378	49,000	13	1,085	Non
379	49,000	13	1,087	Non
380	48,500	13	1,111	Non
381	49,000	13	1,087	Non
382	49,000	14	1,171	Non
383	48,500	13	1,111	Non
384	48,500	13	1,111	Non
385	49,000	13	1,090	Non
386	49,000	13	1,094	Non
387	49,000	12	1,010	Non
388	48,500	12	1,029	Non
389	48,500	12	1,034	Non
390	48,500	12	1,034	Non
391	49,000	12	1,015	Non
392	48,500	11	0,952	Non
393	48,500	11	0,952	Non
394	48,000	11	0,970	Non
395	48,500	11	0,952	Non
396	48,500	11	0,952	Non
397	48,000	11	0,976	Non
398	47,500	11	1,000	Non
399	48,000	11	0,982	Non
400	48,000	11	0,982	Non
401	47,500	11	1,007	Non
402	47,500	10	0,923	Non
403	47,000	10	0,940	Non
404	47,000	10	0,940	Non
405	47,000	10	0,948	Non
406	47,500	10	0,932	Non
407	48,000	10	0,916	Non
408	48,000	10	0,916	Non
409	48,000	10	0,916	Non
410	48,000	10	0,916	Non
411	48,500	10	0,901	Non
412	49,000	10	0,877	Non
413	48,500	10	0,892	Non
414	48,500	10	0,892	Non
415	48,500	10	0,884	Non
416	49,000	10	0,862	Non
417	49,000	10	0,862	Non
418	49,000	11	0,956	Non
419	48,500	11	0,981	Non
420	48,500	11	0,981	Non
421	48,500	11	0,981	Non
422	48,000	11	0,998	Non
423	48,500	11	0,973	Non
424	48,500	11	0,973	Non
425	48,000	11	0,990	Non
426	47,500	11	1,016	Non
427	47,500	10	0,923	Non
428	47,500	11	1,016	Non
429	48,000	11	0,998	Non
430	47,500	11	1,016	Non
431	47,000	11	1,043	Non
432	47,000	10	0,958	Non
433	46,500	10	0,975	Non
434	47,000	10	0,958	Non
435	47,000	10	0,948	Non
436	46,500	10	0,965	Non
437	46,000	10	0,992	Non
438	46,000	10	0,992	Non
439	46,000	10	1,003	Non
440	46,500	10	0,975	Non
441	47,000	10	0,948	Non
442	47,500	11	1,025	Non
443	47,500	10	0,942	Non
444	47,000	10	0,958	Non
445	47,000	10	0,948	Non
446	47,500	11	1,025	Non
447	47,500	11	1,025	Non
448	48,000	11	1,008	Non
449	48,000	11	1,008	Non
450	48,000	11	0,998	Non
451	48,500	12	1,070	Non
452	49,000	12	1,053	Non
453	49,000	12	1,043	Non
454	49,500	12	1,017	Non
455	49,500	12	1,017	Non
456	50,000	12	0,992	Oui
457	50,500	13	1,057	Oui
458	51,000	13	1,040	Oui
459	51,000	13	1,040	Oui
460	51,500	13	1,015	Oui
461	52,000	14	1,075	Oui
462	52,000	14	1,075	Oui
463	52,500	14	1,058	Oui
464	52,500	14	1,058	Oui
465	53,000	14	1,042	Oui
466	52,500	14	1,058	Oui
467	53,000	14	1,042	Oui
468	53,000	14	1,034	Oui
469	53,000	15	1,116	Oui
470	53,000	15	1,116	Oui
471	53,000	15	1,116	Oui
472	53,000	15	1,107	Oui
473	53,500	15	1,082	Oui
474	53,500	15	1,082	Oui
475	53,000	14	1,034	Oui
476	52,500	14	1,050	Oui
477	52,500	14	1,050	Oui
478	52,000	14	1,075	Oui
479	52,000	14	1,075	Oui
480	52,000	14	1,075	Oui
481	52,000	13	0,998	Oui
482	51,500	13	1,015	Oui
483	52,000	13	0,998	Oui
484	51,500	13	1,015	Oui
485	51,500	13	1,008	Oui
486	52,000	14	1,067	Oui
487	52,500	14	1,050	Oui
488	53,000	14	1,034	Oui
489	53,500	14	1,017	Oui
490	53,500	14	1,017	Oui
491	54,000	14	0,994	Oui
492	54,000	14	0,994	Oui
493	54,500	14	0,972	Oui
494	54,500	14	0,966	Oui
495	55,000	15	1,019	Oui
496	55,000	15	1,013	Oui
497	55,000	15	1,013	Oui
498	54,500	15	1,035	Oui
499	54,000	15	1,058	Oui
500	54,000	15	1,058	Oui
501	54,000	15	1,058	Oui
502	54,500	15	1,042	Oui
503	55,000	15	1,026	Oui
504	55,000	15	1,026	Oui
505	55,000	15	1,026	Oui
506	55,500	15	1,010	Oui
507	56,000	15	0,995	Oui
508	56,500	15	0,980	Oui
509	56,000	15	1,003	Oui
510	56,500	15	0,988	Oui
511	57,000	15	0,966	Oui
512	57,000	15	0,966	Oui
513	56,500	15	0,980	Oui
514	56,000	15	1,003	Oui
515	56,500	15	0,980	Oui
516	56,500	16	1,046	Oui
517	56,500	16	1,046	Oui
518	57,000	16	1,031	Oui
519	56,500	16	1,046	Oui
520	57,000	16	1,023	Oui
521	57,000	16	1,023	Oui
522	57,000	16	1,023	Oui
523	57,500	16	1,008	Oui
524	58,000	16	0,994	Oui
525	58,000	16	0,994	Oui
526	58,000	16	0,994	Oui
527	57,500	16	1,008	Oui
528	58,000	16	0,994	Oui
529	58,000	16	0,994	Oui
530	58,000	16	0,994	Oui
531	58,000	16	1,002	Oui
532	58,000	16	1,002	Oui
533	58,000	16	1,002	Oui
534	58,000	16	1,002	Oui
535	57,500	16	1,024	Oui
536	57,500	16	1,024	Oui
537	57,500	16	1,016	Oui
538	57,500	16	1,016	Oui
539	57,500	16	1,024	Oui
540	57,000	15	0,983	Oui
541	56,500	15	0,997	Oui
542	56,500	15	0,988	Oui
543	56,500	15	0,980	Oui
544	56,500	15	0,980	Oui
545	56,000	15	1,003	Oui
546	56,000	15	1,003	Oui
547	56,500	15	0,988	Oui
548	57,000	15	0,966	Oui
549	57,500	15	0,945	Oui
550	57,500	15	0,945	Oui
551	57,500	15	0,945	Oui
552	58,000	15	0,925	Oui
553	58,500	16	0,973	Oui
554	58,500	16	0,973	Oui
555	58,500	16	0,966	Oui
556	59,000	16	0,946	Oui
557	59,000	17	1,012	Oui
558	59,500	17	0,991	Oui
559	59,500	17	0,991	Oui
560	60,000	17	0,977	Oui
561	60,500	17	0,964	Oui
562	60,500	17	0,970	Oui
563	61,000	17	0,951	Oui
564	61,000	16	0,895	Oui
565	60,500	16	0,907	Oui
566	60,000	16	0,920	Oui
567	60,000	16	0,920	Oui
568	60,000	16	0,920	Oui
569	60,000	16	0,920	Oui
570	60,500	16	0,907	Oui
571	60,500	16	0,907	Oui
572	60,000	15	0,868	Oui
573	60,000	15	0,868	Oui
574	60,000	15	0,862	Oui
575	59,500	14	0,822	Oui
576	59,000	14	0,833	Oui
577	59,000	14	0,833	Oui
578	58,500	14	0,845	Oui
579	58,000	14	0,858	Oui
580	58,000	14	0,858	Oui
581	58,000	13	0,802	Oui
582	58,000	13	0,797	Oui
583	58,500	14	0,845	Oui
584	58,500	14	0,845	Oui
585	58,500	14	0,845	Oui
586	58,500	14	0,840	Oui
587	58,500	14	0,840	Oui
588	58,500	14	0,840	Oui
589	58,000	14	0,853	Oui
590	58,000	14	0,853	Oui
591	58,000	14	0,848	Oui
592	58,500	14	0,832	Oui
593	58,000	14	0,845	Oui
594	58,000	14	0,845	Oui
595	57,500	14	0,858	Oui
596	57,500	14	0,855	Oui
597	58,000	14	0,839	Oui
598	58,000	14	0,839	Oui
599	58,000	14	0,839	Oui
600	58,000	14	0,836	Oui
601	58,500	14	0,821	Oui
602	58,000	14	0,835	Oui
603	58,500	14	0,821	Oui
604	59,000	14	0,806	Oui
605	59,000	14	0,805	Oui
606	58,500	14	0,819	Oui
607	58,000	14	0,833	Oui
608	58,000	14	0,833	Oui
609	58,000	14	0,833	Oui
610	58,500	14	0,819	Oui
611	58,500	15	0,877	Oui
612	58,000	15	0,893	Oui
613	58,000	15	0,893	Oui
614	58,000	15	0,892	Oui
615	58,000	15	0,892	Oui
616	58,000	15	0,892	Oui
617	58,000	15	0,893	Oui
618	57,500	15	0,908	Oui
619	57,500	15	0,908	Oui
620	58,000	15	0,893	Oui
621	58,000	15	0,893	Oui
622	58,000	15	0,893	Oui
623	58,000	15	0,894	Oui
624	58,500	15	0,878	Oui
625	59,000	16	0,922	Oui
626	59,000	16	0,922	Oui
627	59,000	15	0,866	Oui
628	59,000	15	0,866	Oui
629	59,000	15	0,866	Oui
630	59,000	15	0,866	Oui
631	59,500	15	0,850	Oui
632	59,500	16	0,907	Oui
633	59,500	16	0,907	Oui
634	59,500	16	0,907	Oui
635	59,000	16	0,924	Oui
636	59,500	16	0,909	Oui
637	60,000	16	0,893	Oui
638	60,500	17	0,934	Oui
639	60,000	17	0,949	Oui
640	60,000	17	0,951	Oui
641	59,500	16	0,912	Oui
642	59,000	16	0,926	Oui
643	59,000	16	0,924	Oui
644	59,500	17	0,966	Oui
645	59,500	16	0,909	Oui
646	59,500	16	0,907	Oui
647	59,500	17	0,964	Oui
648	59,000	17	0,979	Oui
649	59,500	17	0,962	Oui
650	59,500	16	0,905	Oui
651	59,500	16	0,904	Oui
652	59,000	16	0,920	Oui
653	58,500	16	0,936	Oui
654	58,500	16	0,936	Oui
655	59,000	16	0,920	Oui
656	59,000	16	0,920	Oui
657	59,000	16	0,920	Oui
658	58,500	16	0,936	Oui
659	58,000	16	0,952	Oui
660	58,000	15	0,894	Oui
661	58,000	15	0,893	Oui
662	58,500	16	0,937	Oui
663	58,500	16	0,936	Oui
664	58,500	16	0,935	Oui
665	58,000	16	0,951	Oui
666	58,000	16	0,951	Oui
667	58,000	16	0,951	Oui
668	57,500	15	0,907	Oui
669	57,500	15	0,907	Oui
670	57,500	15	0,907	Oui
671	57,500	15	0,907	Oui
672	57,000	15	0,923	Oui
673	57,000	15	0,923	Oui
674	56,500	15	0,940	Oui
675	56,500	15	0,940	Oui
676	57,000	15	0,923	Oui
677	57,000	15	0,923	Oui
678	57,000	15	0,923	Oui
679	57,500	15	0,907	Oui
680	57,500	16	0,968	Oui
681	57,000	16	0,985	Oui
682	57,000	16	0,985	Oui
683	56,500	16	1,003	Oui
684	57,000	16	0,985	Oui
685	56,500	15	0,940	Oui
686	56,500	15	0,940	Oui
687	56,000	15	0,957	Oui
688	56,000	15	0,957	Oui
689	55,500	15	0,975	Oui
690	56,000	15	0,957	Oui
691	55,500	15	0,974	Oui
692	55,500	15	0,974	Oui
693	55,000	15	0,992	Oui
694	54,500	14	0,943	Oui
695	54,000	14	0,961	Oui
696	53,500	14	0,979	Oui
697	54,000	14	0,961	Oui
698	54,000	14	0,961	Oui
699	54,000	14	0,961	Oui
700	54,000	14	0,961	Oui
701	54,500	14	0,943	Oui
702	54,000	14	0,961	Oui
703	53,500	14	0,978	Oui
704	53,000	14	0,997	Oui
705	53,000	14	0,997	Oui
706	52,500	14	1,016	Oui
707	52,000	14	1,036	Oui
708	51,500	14	1,057	Oui
709	51,500	14	1,057	Oui
710	51,500	14	1,058	Oui
711	51,500	14	1,058	Oui
712	52,000	14	1,039	Oui
713	52,500	15	1,091	Oui
714	53,000	15	1,071	Oui
715	52,500	14	1,018	Oui
716	52,000	14	1,039	Oui
717	51,500	14	1,061	Oui
718	51,000	14	1,083	Oui
719	51,500	14	1,064	Oui
720	51,000	14	1,083	Oui
721	50,500	14	1,103	Oui
722	50,500	14	1,103	Oui
723	50,000	14	1,127	Oui
724	50,000	14	1,127	Oui
725	50,000	14	1,127	Oui
726	50,000	14	1,127	Oui
727	50,500	14	1,107	Oui
728	50,000	14	1,131	Oui
729	50,500	14	1,107	Oui
730	50,500	14	1,107	Oui
731	50,000	14	1,131	Oui
732	50,500	14	1,107	Oui
733	50,500	14	1,107	Oui
734	51,000	14	1,083	Oui
735	51,000	14	1,083	Oui
736	51,500	14	1,064	Oui
737	51,500	15	1,136	Oui
738	52,000	15	1,113	Oui
739	52,000	15	1,113	Oui
740	52,500	15	1,091	Oui
741	52,500	15	1,091	Oui
742	52,000	15	1,111	Oui
743	52,000	15	1,110	Oui
744	52,500	15	1,089	Oui
745	53,000	15	1,068	Oui
746	53,500	15	1,049	Oui
747	53,000	15	1,070	Oui
748	52,500	15	1,089	Oui
749	52,500	15	1,089	Oui
750	53,000	16	1,140	Oui
751	53,000	16	1,140	Oui
752	53,000	15	1,068	Oui
753	53,000	15	1,068	Oui
754	53,500	15	1,048	Oui
755	53,500	15	1,049	Oui
756	53,500	14	0,980	Oui
757	53,500	14	0,980	Oui
758	53,500	14	0,982	Oui
759	53,500	14	0,982	Oui
760	53,000	14	1,000	Oui
761	53,000	14	1,000	Oui
762	52,500	14	1,018	Oui
763	52,000	14	1,039	Oui
764	52,000	14	1,042	Oui
765	52,000	14	1,042	Oui
766	52,000	14	1,042	Oui
767	52,000	14	1,042	Oui
768	52,500	14	1,020	Oui
769	52,500	14	1,020	Oui
770	52,500	14	1,020	Oui
771	53,000	14	1,003	Oui
772	53,500	14	0,985	Oui
773	53,000	14	1,003	Oui
774	52,500	14	1,023	Oui
775	53,000	14	1,006	Oui
776	53,000	14	1,006	Oui
777	53,500	14	0,989	Oui
778	53,500	14	0,989	Oui
779	53,500	14	0,989	Oui
780	53,500	14	0,989	Oui
781	53,000	14	1,006	Oui
782	53,000	13	0,938	Oui
783	52,500	13	0,954	Oui
784	52,500	13	0,954	Oui
785	52,500	13	0,954	Oui
786	52,000	13	0,975	Oui
787	52,000	13	0,979	Oui
788	52,000	13	0,979	Oui
789	52,500	13	0,963	Oui
790	53,000	13	0,947	Oui
791	53,000	13	0,953	Oui
792	52,500	13	0,975	Oui
793	52,500	13	0,975	Oui
794	52,500	13	0,975	Oui
795	53,000	13	0,953	Oui
796	52,500	13	0,975	Oui
797	52,500	13	0,983	Oui
798	52,500	13	0,983	Oui
799	52,500	13	0,983	Oui
800	52,000	13	1,007	Oui
801	51,500	13	1,032	Oui
802	51,500	13	1,032	Oui
803	51,500	13	1,023	Oui
804	51,000	13	1,048	Oui
805	51,000	13	1,048	Oui
806	51,000	13	1,048	Oui
807	51,500	13	1,023	Oui
808	51,000	13	1,040	Oui
809	50,500	13	1,057	Oui
810	50,000	12	1,000	Oui
811	50,000	12	1,000	Oui
812	50,000	12	1,000	Oui
813	50,500	12	0,976	Oui
814	50,500	13	1,066	Oui
815	50,500	13	1,075	Oui
816	50,500	12	0,993	Oui
817	50,000	12	1,009	Oui
818	50,500	12	0,984	Oui
819	51,000	13	1,048	Oui
820	51,000	13	1,048	Oui
821	51,500	13	1,032	Oui
822	52,000	13	1,016	Oui
823	51,500	13	1,032	Oui
824	51,500	12	0,962	Oui
825	51,500	12	0,962	Oui
826	51,500	12	0,962	Oui
827	51,500	12	0,952	Oui
828	51,000	12	0,968	Oui
829	51,000	12	0,968	Oui
830	51,500	12	0,952	Oui
831	51,000	11	0,895	Oui
832	51,000	11	0,895	Oui
833	51,000	11	0,895	Oui
834	51,000	11	0,895	Oui
835	51,000	11	0,895	Oui
836	51,000	11	0,887	Oui
837	51,000	10	0,806	Oui
838	51,000	10	0,800	Oui
839	51,000	10	0,800	Oui
840	51,000	10	0,794	Oui
841	51,000	10	0,794	Oui
842	51,500	10	0,775	Oui
843	51,000	9	0,714	Oui
844	50,500	9	0,726	Oui
845	50,500	9	0,732	Oui
846	50,500	8	0,650	Oui
847	50,500	9	0,732	Oui
848	50,500	9	0,732	Oui
849	50,500	9	0,738	Oui
850	50,000	9	0,757	Oui
851	49,500	9	0,777	Non
852	50,000	9	0,764	Oui
853	50,500	9	0,752	Oui
854	50,000	9	0,772	Oui
855	50,000	8	0,694	Oui
856	50,000	8	0,694	Oui
857	50,000	8	0,686	Oui
858	50,500	9	0,760	Oui
859	50,500	9	0,760	Oui
860	50,500	9	0,760	Oui
861	50,000	8	0,694	Oui
862	50,000	8	0,694	Oui
863	49,500	8	0,714	Non
864	49,000	8	0,735	Non
865	49,500	8	0,724	Non
866	50,000	8	0,713	Oui
867	50,000	8	0,713	Oui
868	50,000	8	0,713	Oui
869	50,000	8	0,724	Oui
870	49,500	8	0,746	Non
871	50,000	8	0,735	Oui
872	50,000	8	0,735	Oui
873	50,000	8	0,748	Oui
874	50,000	8	0,748	Oui
875	50,500	8	0,725	Oui
876	50,500	8	0,725	Oui
877	51,000	8	0,703	Oui
878	51,500	8	0,682	Oui
879	51,500	8	0,693	Oui
880	51,500	8	0,682	Oui
881	51,500	8	0,682	Oui
882	51,500	8	0,682	Oui
883	52,000	8	0,672	Oui
884	51,500	8	0,693	Oui
885	52,000	8	0,683	Oui
886	52,000	8	0,672	Oui
887	52,500	8	0,653	Oui
888	52,500	9	0,746	Oui
889	52,500	9	0,746	Oui
890	52,000	9	0,756	Oui
891	52,000	9	0,756	Oui
892	52,000	9	0,756	Oui
893	52,500	9	0,735	Oui
894	53,000	10	0,805	Oui
895	53,500	10	0,782	Oui
896	54,000	10	0,761	Oui
897	54,000	10	0,761	Oui
898	54,000	10	0,761	Oui
899	54,500	10	0,741	Oui
900	54,500	10	0,741	Oui
901	54,000	10	0,752	Oui
902	54,000	10	0,752	Oui
903	54,500	10	0,733	Oui
904	55,000	10	0,714	Oui
905	55,000	10	0,714	Oui
906	55,500	10	0,704	Oui
907	56,000	10	0,687	Oui
908	56,000	10	0,687	Oui
909	56,500	10	0,678	Oui
910	56,500	10	0,685	Oui
911	56,000	10	0,702	Oui
912	56,000	9	0,632	Oui
913	55,500	9	0,641	Oui
914	55,500	9	0,649	Oui
915	56,000	9	0,632	Oui
916	56,500	9	0,616	Oui
917	57,000	10	0,676	Oui
918	57,500	10	0,667	Oui
919	57,000	10	0,684	Oui
920	57,500	10	0,675	Oui
921	58,000	10	0,666	Oui
922	58,500	10	0,649	Oui
923	58,500	10	0,649	Oui
924	58,000	10	0,658	Oui
925	58,500	10	0,649	Oui
926	59,000	10	0,634	Oui
927	58,500	10	0,649	Oui
928	58,500	10	0,649	Oui
929	58,000	10	0,658	Oui
930	58,000	10	0,658	Oui
931	58,000	10	0,658	Oui
932	57,500	10	0,667	Oui
933	57,500	10	0,667	Oui
934	57,000	10	0,676	Oui
935	57,000	10	0,676	Oui
936	57,000	9	0,615	Oui
937	56,500	9	0,624	Oui
938	56,500	9	0,624	Oui
939	56,500	9	0,624	Oui
940	56,000	9	0,632	Oui
941	56,500	9	0,616	Oui
942	56,500	9	0,616	Oui
943	56,000	9	0,625	Oui
944	55,500	9	0,634	Oui
945	55,000	9	0,650	Oui
946	54,500	9	0,667	Oui
947	54,500	9	0,667	Oui
948	55,000	9	0,650	Oui
949	55,000	9	0,658	Oui
950	54,500	9	0,667	Oui
951	54,500	9	0,667	Oui
952	54,000	9	0,677	Oui
953	54,000	9	0,677	Oui
954	54,000	9	0,669	Oui
955	53,500	9	0,679	Oui
956	53,000	9	0,689	Oui
957	53,000	9	0,682	Oui
958	53,000	10	0,758	Oui
959	53,500	10	0,746	Oui
960	54,000	10	0,728	Oui
961	53,500	10	0,739	Oui
962	54,000	10	0,728	Oui
963	54,500	10	0,711	Oui
964	54,500	10	0,705	Oui
965	55,000	11	0,764	Oui
966	55,000	11	0,764	Oui
967	55,500	11	0,752	Oui
968	55,500	11	0,759	Oui
969	56,000	11	0,748	Oui
970	55,500	11	0,759	Oui
971	55,000	11	0,770	Oui
972	55,000	11	0,764	Oui
973	55,500	11	0,746	Oui
974	56,000	11	0,730	Oui
975	55,500	11	0,741	Oui
976	55,500	11	0,741	Oui
977	55,500	11	0,736	Oui
978	56,000	11	0,720	Oui
979	56,000	11	0,720	Oui
980	56,500	11	0,709	Oui
981	56,500	11	0,709	Oui
982	56,500	11	0,705	Oui
983	57,000	11	0,691	Oui
984	56,500	11	0,702	Oui
985	56,500	11	0,702	Oui
986	57,000	11	0,688	Oui
987	57,000	12	0,750	Oui
988	57,000	12	0,750	Oui
989	57,000	12	0,747	Oui
990	56,500	12	0,759	Oui
991	56,500	12	0,759	Oui
992	56,500	12	0,759	Oui
993	57,000	12	0,744	Oui
994	57,000	12	0,744	Oui
995	56,500	12	0,759	Oui
996	57,000	12	0,747	Oui
997	56,500	12	0,759	Oui
998	57,000	12	0,744	Oui
999	57,000	13	0,806	Oui
1000	57,000	13	0,806	Oui
1001	57,000	13	0,806	Oui
1002	57,500	13	0,791	Oui
1003	57,000	13	0,806	Oui
1004	57,500	13	0,791	Oui
1005	57,500	13	0,791	Oui
1006	57,500	13	0,791	Oui
1007	57,000	13	0,806	Oui
1008	57,500	13	0,794	Oui
1009	57,500	13	0,794	Oui
1010	58,000	13	0,781	Oui
1011	57,500	13	0,794	Oui
1012	57,500	13	0,794	Oui
1013	57,500	12	0,733	Oui
1014	57,000	12	0,744	Oui
1015	57,000	12	0,744	Oui
1016	57,000	12	0,744	Oui
1017	57,500	12	0,730	Oui
1018	57,500	11	0,670	Oui
1019	57,500	11	0,668	Oui
1020	57,000	11	0,679	Oui
1021	56,500	11	0,691	Oui
1022	56,500	11	0,691	Oui
1023	57,000	11	0,679	Oui
1024	57,000	11	0,679	Oui
1025	57,000	11	0,679	Oui
1026	57,500	11	0,667	Oui
1027	57,500	12	0,729	Oui
1028	58,000	12	0,715	Oui
1029	58,000	12	0,714	Oui
1030	57,500	12	0,726	Oui
1031	58,000	12	0,714	Oui
1032	58,000	12	0,714	Oui
1033	58,500	13	0,760	Oui
1034	58,500	13	0,760	Oui
1035	59,000	13	0,747	Oui
1036	58,500	13	0,760	Oui
1037	58,000	13	0,774	Oui
1038	58,000	13	0,775	Oui
1039	58,000	13	0,775	Oui
1040	57,500	13	0,789	Oui
1041	58,000	13	0,777	Oui
1042	57,500	13	0,791	Oui
1043	58,000	13	0,777	Oui
1044	58,000	13	0,777	Oui
1045	58,000	13	0,775	Oui
1046	58,000	13	0,777	Oui
1047	58,000	13	0,775	Oui
1048	58,500	13	0,761	Oui
1049	58,500	13	0,760	Oui
1050	58,500	13	0,760	Oui
1051	59,000	13	0,748	Oui
1052	58,500	13	0,760	Oui
1053	58,500	13	0,760	Oui
1054	59,000	13	0,748	Oui
1055	58,500	13	0,760	Oui
1056	58,500	13	0,760	Oui
1057	58,500	13	0,760	Oui
1058	58,000	13	0,773	Oui
1059	58,500	13	0,760	Oui
1060	58,500	14	0,818	Oui
1061	59,000	14	0,804	Oui
1062	58,500	14	0,818	Oui
1063	59,000	14	0,804	Oui
1064	59,000	14	0,804	Oui
1065	59,000	14	0,805	Oui
1066	59,000	15	0,862	Oui
1067	58,500	15	0,877	Oui
1068	59,000	15	0,862	Oui
1069	59,000	15	0,862	Oui
1070	59,500	15	0,847	Oui
1071	59,500	15	0,848	Oui
1072	60,000	16	0,889	Oui
1073	60,000	16	0,889	Oui
1074	60,500	16	0,875	Oui
1075	60,000	16	0,889	Oui
1076	59,500	16	0,904	Oui
1077	59,000	16	0,919	Oui
1078	59,000	15	0,862	Oui
1079	58,500	15	0,877	Oui
1080	58,500	15	0,877	Oui
1081	58,500	15	0,877	Oui
1082	59,000	15	0,862	Oui
1083	58,500	15	0,877	Oui
1084	58,500	15	0,877	Oui
1085	58,500	15	0,877	Oui
1086	58,500	16	0,935	Oui
1087	58,000	15	0,892	Oui
1088	58,000	15	0,892	Oui
1089	58,500	15	0,877	Oui
1090	58,500	15	0,877	Oui
1091	58,500	15	0,877	Oui
1092	58,000	15	0,892	Oui
1093	57,500	14	0,847	Oui
1094	57,000	14	0,862	Oui
1095	57,000	14	0,862	Oui
1096	57,000	14	0,862	Oui
1097	57,000	15	0,924	Oui
1098	57,500	15	0,907	Oui
1099	57,000	15	0,924	Oui
1100	57,500	15	0,908	Oui
1101	58,000	15	0,893	Oui
1102	58,000	15	0,893	Oui
1103	58,000	15	0,893	Oui
1104	58,000	16	0,954	Oui
1105	58,000	16	0,954	Oui
1106	58,000	16	0,954	Oui
1107	58,000	16	0,956	Oui
1108	58,000	16	0,956	Oui
1109	58,000	16	0,956	Oui
1110	58,000	16	0,954	Oui
1111	58,500	16	0,937	Oui
1112	58,500	17	0,997	Oui
1113	58,500	17	0,997	Oui
1114	58,000	17	1,013	Oui
1115	58,000	17	1,016	Oui
1116	57,500	16	0,974	Oui
1117	57,000	16	0,990	Oui
1118	57,000	16	0,988	Oui
1119	57,500	17	1,032	Oui
1120	57,000	17	1,049	Oui
1121	57,000	17	1,048	Oui
1122	56,500	17	1,067	Oui
1123	56,500	17	1,067	Oui
1124	57,000	17	1,049	Oui
1125	56,500	17	1,067	Oui
1126	56,000	17	1,087	Oui
1127	56,000	17	1,087	Oui
1128	56,500	17	1,069	Oui
1129	56,500	17	1,069	Oui
1130	56,500	17	1,069	Oui
1131	56,500	17	1,069	Oui
1132	56,500	17	1,069	Oui
1133	56,500	17	1,069	Oui
1134	57,000	17	1,052	Oui
1135	57,500	17	1,035	Oui
1136	57,000	17	1,052	Oui
1137	57,500	17	1,035	Oui
1138	57,000	17	1,052	Oui
1139	57,000	17	1,052	Oui
1140	57,000	17	1,052	Oui
1141	57,000	17	1,055	Oui
1142	57,500	17	1,035	Oui
1143	57,500	17	1,035	Oui
1144	57,500	17	1,035	Oui
1145	58,000	17	1,018	Oui
1146	58,500	17	0,999	Oui
1147	59,000	17	0,981	Oui
1148	59,000	17	0,984	Oui
1149	59,000	17	0,981	Oui
1150	59,500	18	1,023	Oui
1151	60,000	18	1,004	Oui
1152	60,000	18	1,004	Oui
1153	59,500	18	1,020	Oui
1154	59,500	18	1,023	Oui
1155	59,500	18	1,023	Oui
1156	59,500	18	1,023	Oui
1157	59,000	17	0,984	Oui
1158	58,500	17	0,999	Oui
1159	58,500	17	0,997	Oui
1160	58,500	17	0,997	Oui
1161	58,500	17	0,997	Oui
1162	58,000	17	1,013	Oui
1163	57,500	17	1,032	Oui
1164	57,000	16	0,990	Oui
1165	57,000	16	0,990	Oui
1166	57,000	16	0,990	Oui
1167	57,000	16	0,990	Oui
1168	57,000	16	0,990	Oui
1169	56,500	16	1,006	Oui
1170	56,500	16	1,006	Oui
1171	56,500	16	1,006	Oui
1172	56,000	16	1,026	Oui
1173	56,000	16	1,026	Oui
1174	56,000	17	1,093	Oui
1175	56,000	17	1,093	Oui
1176	56,000	17	1,093	Oui
1177	55,500	17	1,115	Oui
1178	55,500	17	1,115	Oui
1179	56,000	18	1,161	Oui
1180	56,000	18	1,161	Oui
1181	56,000	18	1,161	Oui
1182	55,500	18	1,185	Oui
1183	55,500	18	1,185	Oui
1184	56,000	18	1,161	Oui
1185	55,500	18	1,180	Oui
1186	55,000	17	1,138	Oui
1187	55,000	17	1,138	Oui
1188	55,000	17	1,138	Oui
1189	55,000	17	1,138	Oui
1190	55,000	17	1,138	Oui
1191	55,000	17	1,138	Oui
1192	55,000	17	1,138	Oui
1193	54,500	17	1,161	Oui
1194	54,500	17	1,161	Oui
1195	54,500	17	1,161	Oui
1196	54,500	17	1,161	Oui
1197	55,000	17	1,138	Oui
1198	54,500	16	1,093	Oui
1199	54,000	16	1,111	Oui
1200	54,000	16	1,111	Oui
1201	54,500	16	1,093	Oui
1202	54,000	16	1,116	Oui
1203	54,000	16	1,116	Oui
1204	53,500	16	1,140	Oui
1205	53,000	16	1,166	Oui
1206	53,500	16	1,140	Oui
1207	53,500	16	1,140	Oui
1208	53,500	16	1,140	Oui
1209	54,000	16	1,122	Oui
1210	54,000	16	1,122	Oui
1211	54,000	16	1,122	Oui
1212	54,000	16	1,122	Oui
1213	53,500	16	1,147	Oui
1214	53,500	16	1,147	Oui
1215	53,500	16	1,140	Oui
1216	53,500	16	1,140	Oui
1217	53,500	17	1,219	Oui
1218	53,000	17	1,246	Oui
1219	52,500	17	1,275	Oui
1220	53,000	17	1,246	Oui
1221	53,000	17	1,246	Oui
1222	53,000	17	1,246	Oui
1223	53,000	17	1,246	Oui
1224	53,000	17	1,246	Oui
1225	52,500	17	1,267	Oui
1226	52,000	16	1,220	Oui
1227	51,500	16	1,240	Oui
1228	51,000	16	1,270	Oui
1229	50,500	16	1,301	Oui
1230	51,000	16	1,270	Oui
1231	50,500	16	1,291	Oui
1232	50,500	15	1,211	Oui
1233	50,000	15	1,232	Oui
1234	50,000	15	1,224	Oui
1235	49,500	15	1,253	Non
1236	50,000	15	1,232	Oui
1237	50,500	15	1,203	Oui
1238	50,500	16	1,283	Oui
1239	50,500	16	1,283	Oui
1240	51,000	16	1,261	Oui
1241	50,500	16	1,283	Oui
1242	51,000	16	1,261	Oui
1243	50,500	16	1,291	Oui
1244	50,500	16	1,291	Oui
1245	50,000	15	1,240	Oui
1246	50,000	15	1,240	Oui
1247	50,000	15	1,240	Oui
1248	50,000	16	1,333	Oui
1249	49,500	16	1,368	Non
1250	49,500	16	1,368	Non
1251	49,500	16	1,356	Non
1252	50,000	17	1,417	Oui
1253	50,000	17	1,417	Oui
1254	49,500	17	1,441	Non
1255	49,500	17	1,441	Non
1256	49,500	16	1,368	Non
1257	49,500	16	1,356	Non
1258	50,000	17	1,417	Oui
1259	49,500	16	1,368	Non
1260	49,500	16	1,368	Non
1261	49,500	16	1,368	Non
1262	49,500	16	1,368	Non
1263	49,500	16	1,368	Non
1264	49,500	16	1,368	Non
1265	49,500	15	1,282	Non
1266	49,500	16	1,368	Non
1267	50,000	16	1,345	Oui
1268	49,500	16	1,368	Non
1269	49,500	16	1,356	Non
1270	49,500	16	1,346	Non
1271	49,500	16	1,356	Non
1272	49,500	16	1,356	Non
1273	49,500	16	1,356	Non
1274	49,000	16	1,391	Non
1275	49,000	16	1,391	Non
1276	49,500	16	1,356	Non
1277	49,500	16	1,356	Non
1278	49,500	16	1,356	Non
1279	50,000	16	1,323	Oui
1280	50,000	17	1,417	Oui
1281	50,000	17	1,417	Oui
1282	49,500	17	1,441	Non
1283	50,000	17	1,406	Oui
1284	50,500	18	1,463	Oui
1285	50,000	17	1,417	Oui
1286	49,500	17	1,441	Non
1287	50,000	17	1,406	Oui
1288	49,500	17	1,430	Non
1289	49,500	17	1,430	Non
1290	49,500	17	1,430	Non
1291	49,500	17	1,430	Non
1292	50,000	17	1,406	Oui
1293	50,000	17	1,406	Oui
1294	50,000	17	1,406	Oui
1295	50,000	17	1,417	Oui
1296	49,500	16	1,368	Non
1297	49,000	16	1,391	Non
1298	49,000	16	1,404	Non
1299	49,000	16	1,404	Non
1300	49,000	16	1,404	Non
1301	49,000	16	1,391	Non
1302	49,500	17	1,453	Non
1303	49,500	16	1,368	Non
1304	49,500	16	1,356	Non
1305	50,000	16	1,323	Oui
1306	50,000	17	1,406	Oui
1307	50,000	17	1,396	Oui
1308	50,500	18	1,453	Oui
1309	50,500	18	1,453	Oui
1310	50,000	18	1,488	Oui
1311	50,000	17	1,417	Oui
1312	50,000	17	1,406	Oui
1313	50,500	17	1,372	Oui
1314	50,500	17	1,372	Oui
1315	50,000	17	1,396	Oui
1316	50,500	17	1,363	Oui
1317	50,500	17	1,363	Oui
1318	50,500	16	1,291	Oui
1319	50,500	16	1,283	Oui
1320	51,000	16	1,254	Oui
1321	51,000	17	1,340	Oui
1322	51,000	17	1,340	Oui
1323	51,000	17	1,340	Oui
1324	51,000	17	1,340	Oui
1325	51,500	17	1,318	Oui
1326	51,500	17	1,318	Oui
1327	52,000	17	1,296	Oui
1328	51,500	17	1,318	Oui
1329	52,000	17	1,296	Oui
1330	52,000	17	1,296	Oui
1331	52,000	17	1,296	Oui
1332	52,500	17	1,275	Oui
1333	53,000	17	1,255	Oui
1334	53,000	17	1,255	Oui
1335	53,000	17	1,255	Oui
1336	53,000	17	1,255	Oui
1337	53,000	17	1,246	Oui
1338	53,000	17	1,246	Oui
1339	52,500	17	1,267	Oui
1340	53,000	17	1,246	Oui
1341	53,000	17	1,246	Oui
1342	52,500	17	1,275	Oui
1343	52,500	17	1,275	Oui
1344	52,500	17	1,275	Oui
1345	52,000	17	1,296	Oui
1346	52,000	17	1,296	Oui
1347	52,000	17	1,306	Oui
1348	52,000	17	1,306	Oui
1349	51,500	16	1,259	Oui
1350	51,500	16	1,259	Oui
1351	51,000	16	1,290	Oui
1352	51,500	16	1,270	Oui
1353	52,000	16	1,239	Oui
1354	52,000	17	1,316	Oui
1355	52,000	17	1,316	Oui
1356	52,500	17	1,285	Oui
1357	53,000	18	1,339	Oui
1358	53,000	18	1,339	Oui
1359	52,500	18	1,372	Oui
1360	52,000	18	1,406	Oui
1361	52,500	18	1,372	Oui
1362	53,000	19	1,426	Oui
1363	53,500	19	1,404	Oui
1364	54,000	19	1,383	Oui
1365	54,000	19	1,383	Oui
1366	54,500	19	1,363	Oui
1367	54,000	19	1,383	Oui
1368	53,500	19	1,404	Oui
1369	54,000	19	1,371	Oui
1370	54,500	19	1,339	Oui
1371	55,000	19	1,309	Oui
1372	55,500	19	1,279	Oui
1373	55,500	18	1,212	Oui
1374	55,500	19	1,279	Oui
1375	56,000	19	1,260	Oui
1376	56,000	19	1,260	Oui
1377	56,000	19	1,260	Oui
1378	56,000	18	1,194	Oui
1379	56,000	18	1,186	Oui
1380	55,500	18	1,204	Oui
1381	56,000	18	1,186	Oui
1382	56,500	18	1,161	Oui
1383	56,500	18	1,161	Oui
1384	56,000	18	1,186	Oui
1385	56,000	18	1,186	Oui
1386	56,000	18	1,186	Oui
1387	55,500	18	1,204	Oui
1388	56,000	18	1,186	Oui
1389	55,500	18	1,212	Oui
1390	55,500	18	1,212	Oui
1391	55,000	18	1,231	Oui
1392	55,500	18	1,212	Oui
1393	56,000	18	1,194	Oui
1394	56,500	18	1,168	Oui
1395	57,000	18	1,143	Oui
1396	57,000	18	1,136	Oui
1397	57,000	18	1,136	Oui
1398	57,500	19	1,182	Oui
1399	57,500	19	1,182	Oui
1400	58,000	19	1,157	Oui
1401	57,500	19	1,175	Oui
1402	57,500	19	1,175	Oui
1403	58,000	19	1,157	Oui
1404	58,500	19	1,140	Oui
1405	58,500	19	1,140	Oui
1406	58,000	19	1,164	Oui
1407	58,000	19	1,164	Oui
1408	57,500	19	1,182	Oui
1409	57,500	19	1,175	Oui
1410	57,500	20	1,237	Oui
1411	58,000	20	1,218	Oui
1412	58,000	20	1,218	Oui
1413	58,500	20	1,194	Oui
1414	59,000	21	1,235	Oui
1415	58,500	21	1,261	Oui
1416	58,500	20	1,208	Oui
1417	58,000	20	1,225	Oui
1418	58,000	20	1,225	Oui
1419	58,500	20	1,208	Oui
1420	58,000	20	1,233	Oui
1421	58,000	20	1,233	Oui
1422	58,000	20	1,225	Oui
1423	57,500	20	1,244	Oui
1424	57,000	20	1,263	Oui
1425	57,500	20	1,244	Oui
1426	57,500	20	1,244	Oui
1427	57,500	20	1,244	Oui
1428	58,000	20	1,225	Oui
1429	58,500	20	1,208	Oui
1430	58,000	20	1,233	Oui
1431	58,500	20	1,216	Oui
1432	58,000	20	1,242	Oui
1433	58,000	20	1,242	Oui
1434	58,000	20	1,242	Oui
1435	58,000	20	1,242	Oui
1436	58,000	20	1,233	Oui
1437	58,000	19	1,172	Oui
1438	57,500	19	1,189	Oui
1439	58,000	19	1,172	Oui
1440	57,500	19	1,189	Oui
1441	57,500	19	1,189	Oui
1442	57,000	19	1,207	Oui
1443	57,000	19	1,207	Oui
1444	57,500	19	1,189	Oui
1445	57,500	19	1,189	Oui
1446	57,000	19	1,207	Oui
1447	57,000	18	1,143	Oui
1448	57,000	18	1,136	Oui
1449	57,000	18	1,136	Oui
1450	57,000	18	1,136	Oui
1451	57,000	17	1,080	Oui
1452	57,000	17	1,073	Oui
1453	57,000	18	1,136	Oui
1454	57,500	18	1,119	Oui
1455	58,000	18	1,097	Oui
1456	57,500	18	1,113	Oui
1457	57,500	17	1,051	Oui
1458	57,500	17	1,046	Oui
1459	58,000	18	1,091	Oui
1460	57,500	18	1,108	Oui
1461	57,500	18	1,113	Oui
1462	58,000	18	1,091	Oui
1463	58,000	19	1,152	Oui
1464	58,500	19	1,129	Oui
1465	58,000	18	1,091	Oui
1466	57,500	18	1,108	Oui
1467	57,500	18	1,103	Oui
1468	58,000	18	1,082	Oui
1469	57,500	18	1,103	Oui
1470	57,000	17	1,062	Oui
1471	56,500	17	1,079	Oui
1472	56,000	17	1,097	Oui
1473	56,000	17	1,093	Oui
1474	56,500	17	1,072	Oui
1475	56,500	17	1,072	Oui
1476	56,000	17	1,093	Oui
1477	56,000	17	1,093	Oui
1478	55,500	17	1,115	Oui
1479	55,000	16	1,071	Oui
1480	54,500	16	1,088	Oui
1481	55,000	16	1,071	Oui
1482	55,500	16	1,053	Oui
1483	55,000	15	1,008	Oui
1484	54,500	15	1,025	Oui
1485	55,000	15	1,008	Oui
1486	55,500	15	0,992	Oui
1487	55,500	15	0,992	Oui
1488	56,000	16	1,042	Oui
1489	55,500	16	1,058	Oui
1490	56,000	16	1,042	Oui
1491	56,500	16	1,026	Oui
1492	56,500	16	1,026	Oui
1493	56,500	16	1,026	Oui
1494	57,000	16	1,005	Oui
1495	56,500	16	1,020	Oui
1496	57,000	16	1,005	Oui
1497	57,500	16	0,985	Oui
1498	57,500	17	1,046	Oui
1499	57,500	17	1,046	Oui
1500	57,000	17	1,062	Oui
1501	57,000	16	1,005	Oui
1502	57,000	16	1,005	Oui
1503	57,000	16	1,010	Oui
1504	56,500	16	1,032	Oui
1505	56,500	15	0,973	Oui
1506	56,000	15	0,988	Oui
1507	56,000	14	0,922	Oui
1508	55,500	14	0,936	Oui
1509	55,000	14	0,951	Oui
1510	55,000	14	0,951	Oui
1511	55,000	14	0,946	Oui
1512	55,000	14	0,946	Oui
1513	54,500	14	0,966	Oui
1514	55,000	14	0,951	Oui
1515	55,500	14	0,936	Oui
1516	55,000	14	0,957	Oui
1517	55,500	14	0,936	Oui
1518	55,000	14	0,951	Oui
1519	55,000	14	0,951	Oui
1520	54,500	13	0,903	Oui
1521	54,500	13	0,897	Oui
1522	55,000	14	0,951	Oui
1523	55,000	14	0,951	Oui
1524	55,000	14	0,951	Oui
1525	55,000	14	0,946	Oui
1526	55,000	14	0,946	Oui
1527	55,000	14	0,946	Oui
1528	55,500	14	0,931	Oui
1529	55,500	14	0,926	Oui
1530	56,000	14	0,907	Oui
1531	56,500	15	0,957	Oui
1532	56,500	15	0,952	Oui
1533	56,500	16	1,016	Oui
1534	56,500	16	1,016	Oui
1535	56,500	16	1,016	Oui
1536	56,500	16	1,016	Oui
1537	56,500	16	1,016	Oui
1538	56,500	16	1,016	Oui
1539	57,000	16	0,996	Oui
1540	57,000	16	0,993	Oui
1541	56,500	16	1,009	Oui
1542	57,000	16	0,993	Oui
1543	57,000	16	0,993	Oui
1544	57,000	16	0,993	Oui
1545	57,000	16	0,993	Oui
1546	56,500	15	0,949	Oui
1547	56,500	15	0,949	Oui
1548	56,500	15	0,949	Oui
1549	56,500	15	0,949	Oui
1550	56,000	15	0,964	Oui
1551	56,500	15	0,946	Oui
1552	56,000	15	0,962	Oui
1553	56,000	14	0,900	Oui
1554	55,500	14	0,915	Oui
1555	55,500	14	0,915	Oui
1556	55,500	13	0,852	Oui
1557	55,000	13	0,867	Oui
1558	55,500	13	0,852	Oui
1559	56,000	13	0,839	Oui
1560	56,000	13	0,839	Oui
1561	56,000	12	0,774	Oui
1562	55,500	12	0,787	Oui
1563	55,000	12	0,800	Oui
1564	54,500	12	0,814	Oui
1565	54,500	12	0,811	Oui
1566	54,500	13	0,879	Oui
1567	55,000	13	0,864	Oui
1568	55,500	13	0,847	Oui
1569	55,500	13	0,847	Oui
1570	55,000	13	0,864	Oui
1571	54,500	13	0,881	Oui
1572	54,500	13	0,884	Oui
1573	54,000	12	0,833	Oui
1574	53,500	12	0,847	Oui
1575	53,000	12	0,862	Oui
1576	53,500	12	0,844	Oui
1577	53,500	12	0,844	Oui
1578	53,000	12	0,862	Oui
1579	53,000	12	0,865	Oui
1580	53,500	12	0,851	Oui
1581	53,000	12	0,865	Oui
1582	52,500	12	0,884	Oui
1583	52,000	12	0,904	Oui
1584	52,000	12	0,904	Oui
1585	52,000	12	0,904	Oui
1586	52,000	12	0,904	Oui
1587	52,000	12	0,904	Oui
1588	51,500	12	0,920	Oui
1589	52,000	12	0,904	Oui
1590	52,000	12	0,904	Oui
1591	52,000	12	0,904	Oui
1592	51,500	12	0,920	Oui
1593	51,000	12	0,936	Oui
1594	50,500	12	0,957	Oui
1595	50,500	12	0,962	Oui
1596	50,500	12	0,969	Oui
1597	50,000	11	0,909	Oui
1598	50,000	11	0,903	Oui
1599	50,500	11	0,882	Oui
1600	50,000	11	0,903	Oui
1601	50,500	11	0,888	Oui
1602	51,000	11	0,873	Oui
1603	50,500	11	0,888	Oui
1604	50,000	11	0,903	Oui
1605	50,500	11	0,888	Oui
1606	51,000	11	0,873	Oui
1607	51,000	11	0,873	Oui
1608	51,500	11	0,859	Oui
1609	51,500	10	0,787	Oui
1610	51,000	10	0,800	Oui
1611	50,500	10	0,813	Oui
1612	51,000	10	0,800	Oui
1613	51,000	9	0,726	Oui
1614	51,000	9	0,726	Oui
1615	51,000	9	0,726	Oui
1616	50,500	9	0,738	Oui
1617	50,500	9	0,738	Oui
1618	51,000	9	0,720	Oui
1619	50,500	9	0,732	Oui
1620	51,000	9	0,714	Oui
1621	51,000	9	0,714	Oui
1622	50,500	9	0,732	Oui
1623	50,500	9	0,732	Oui
1624	51,000	9	0,720	Oui
1625	50,500	9	0,732	Oui
1626	51,000	9	0,714	Oui
1627	51,500	9	0,698	Oui
1628	51,000	9	0,709	Oui
1629	51,000	9	0,709	Oui
1630	51,500	9	0,698	Oui
1631	51,500	9	0,698	Oui
1632	52,000	9	0,686	Oui
1633	52,000	9	0,686	Oui
1634	51,500	9	0,703	Oui
1635	52,000	9	0,686	Oui
1636	51,500	9	0,703	Oui
1637	51,500	9	0,708	Oui
1638	51,500	9	0,708	Oui
1639	51,000	9	0,720	Oui
1640	51,000	9	0,720	Oui
1641	51,500	9	0,708	Oui
1642	51,500	9	0,708	Oui
1643	51,500	9	0,708	Oui
1644	51,000	9	0,720	Oui
1645	51,000	9	0,720	Oui
1646	51,000	9	0,720	Oui
1647	51,000	9	0,720	Oui
1648	50,500	9	0,738	Oui
1649	51,000	9	0,726	Oui
1650	51,500	9	0,708	Oui
1651	51,000	9	0,720	Oui
1652	50,500	8	0,656	Oui
1653	50,500	8	0,656	Oui
1654	50,500	8	0,656	Oui
1655	50,500	8	0,662	Oui
1656	50,500	8	0,662	Oui
1657	50,500	8	0,668	Oui
1658	50,500	7	0,585	Non
1659	50,500	7	0,579	Non
1660	50,500	7	0,579	Non
1661	50,500	7	0,574	Non
1662	50,000	6	0,504	Non
1663	49,500	6	0,513	Non
1664	49,000	6	0,526	Non
1665	49,500	6	0,513	Non
1666	50,000	7	0,588	Non
1667	49,500	7	0,604	Non
1668	49,500	7	0,604	Non
1669	49,500	7	0,604	Non
1670	49,500	7	0,604	Non
1671	50,000	7	0,588	Non
1672	50,500	8	0,662	Oui
1673	50,500	8	0,668	Oui
1674	50,500	8	0,676	Oui
1675	51,000	8	0,658	Oui
1676	51,000	8	0,658	Oui
1677	51,500	8	0,648	Oui
1678	52,000	8	0,638	Oui
1679	52,000	8	0,638	Oui
1680	52,500	8	0,628	Oui
1681	52,500	8	0,622	Oui
1682	52,500	9	0,699	Oui
1683	52,500	9	0,699	Oui
1684	52,500	9	0,699	Oui
1685	52,000	9	0,710	Oui
1686	52,000	9	0,710	Oui
1687	52,000	8	0,638	Oui
1688	52,000	8	0,638	Oui
1689	52,000	8	0,638	Oui
1690	52,000	8	0,638	Oui
1691	52,000	8	0,631	Oui
1692	51,500	8	0,641	Oui
1693	52,000	8	0,625	Oui
1694	52,000	8	0,625	Oui
1695	52,000	8	0,625	Oui
1696	51,500	8	0,635	Oui
1697	51,500	7	0,561	Non
1698	51,500	7	0,561	Non
1699	51,500	7	0,561	Non
1700	52,000	7	0,552	Non
1701	52,000	7	0,547	Non
1702	52,000	8	0,625	Oui
1703	51,500	8	0,635	Oui
1704	52,000	8	0,619	Oui
1705	51,500	8	0,629	Oui
1706	51,500	8	0,629	Oui
1707	51,000	8	0,645	Oui
1708	51,000	8	0,645	Oui
1709	51,500	8	0,635	Oui
1710	52,000	8	0,619	Oui
1711	51,500	8	0,635	Oui
1712	51,500	8	0,635	Oui
1713	51,500	8	0,635	Oui
1714	51,000	8	0,645	Oui
1715	51,000	8	0,645	Oui
1716	51,500	8	0,629	Oui
1717	51,000	8	0,645	Oui
1718	51,500	8	0,635	Oui
1719	51,500	8	0,641	Oui
1720	52,000	8	0,625	Oui
1721	51,500	7	0,561	Non
1722	51,500	7	0,561	Non
1723	52,000	7	0,547	Non
1724	52,000	8	0,625	Oui
1725	51,500	8	0,641	Oui
1726	51,500	8	0,641	Oui
1727	51,500	8	0,641	Oui
1728	51,500	8	0,635	Oui
1729	51,000	8	0,651	Oui
1730	51,000	7	0,570	Non
1731	51,000	8	0,651	Oui
1732	51,000	7	0,570	Non
1733	51,000	8	0,651	Oui
1734	50,500	8	0,662	Oui
1735	50,500	8	0,656	Oui
1736	51,000	9	0,726	Oui
1737	51,000	9	0,733	Oui
1738	51,500	9	0,714	Oui
1739	51,000	9	0,733	Oui
1740	50,500	9	0,752	Oui
1741	50,500	9	0,752	Oui
1742	50,500	9	0,744	Oui
1743	51,000	9	0,726	Oui
1744	51,500	10	0,794	Oui
1745	52,000	10	0,781	Oui
1746	52,500	10	0,762	Oui
1747	52,000	10	0,774	Oui
1748	51,500	10	0,787	Oui
1749	52,000	10	0,774	Oui
1750	52,000	10	0,774	Oui
1751	52,000	10	0,774	Oui
1752	52,500	10	0,756	Oui
1753	52,000	10	0,768	Oui
1754	52,000	10	0,768	Oui
1755	52,500	10	0,756	Oui
1756	52,500	10	0,750	Oui
1757	53,000	10	0,733	Oui
1758	52,500	10	0,745	Oui
1759	52,500	10	0,745	Oui
1760	53,000	10	0,733	Oui
1761	53,000	10	0,733	Oui
1762	53,000	10	0,733	Oui
1763	53,500	10	0,717	Oui
1764	54,000	11	0,776	Oui
1765	53,500	10	0,722	Oui
1766	53,500	10	0,722	Oui
1767	53,000	10	0,733	Oui
1768	53,000	10	0,738	Oui
1769	53,000	10	0,744	Oui
1770	53,000	10	0,744	Oui
1771	53,000	10	0,744	Oui
1772	52,500	10	0,756	Oui
1773	53,000	10	0,738	Oui
1774	53,000	10	0,738	Oui
1775	53,000	10	0,738	Oui
1776	53,000	10	0,744	Oui
1777	53,500	10	0,727	Oui
1778	53,500	10	0,727	Oui
1779	53,500	10	0,727	Oui
1780	53,500	10	0,722	Oui
1781	54,000	11	0,781	Oui
1782	54,500	11	0,764	Oui
1783	55,000	12	0,821	Oui
1784	55,500	12	0,803	Oui
1785	55,500	12	0,803	Oui
1786	55,500	12	0,803	Oui
1787	56,000	12	0,791	Oui
1788	56,500	12	0,774	Oui
1789	56,500	13	0,838	Oui
1790	57,000	13	0,826	Oui
1791	57,500	13	0,808	Oui
1792	57,500	13	0,808	Oui
1793	58,000	13	0,792	Oui
1794	58,500	14	0,840	Oui
1795	58,500	14	0,840	Oui
1796	58,000	14	0,853	Oui
1797	58,500	14	0,840	Oui
1798	58,500	14	0,845	Oui
1799	58,500	14	0,845	Oui
1800	58,500	14	0,845	Oui
1801	58,000	14	0,858	Oui
1802	57,500	14	0,871	Oui
1803	57,500	14	0,871	Oui
1804	58,000	14	0,858	Oui
1805	57,500	14	0,871	Oui
1806	57,500	14	0,866	Oui
1807	57,500	14	0,866	Oui
1808	57,500	14	0,866	Oui
1809	57,000	14	0,879	Oui
1810	57,500	14	0,862	Oui
1811	58,000	14	0,845	Oui
1812	57,500	14	0,858	Oui
1813	57,000	14	0,871	Oui
1814	57,000	14	0,868	Oui
1815	57,000	14	0,868	Oui
1816	57,500	14	0,855	Oui
1817	57,500	14	0,855	Oui
1818	57,000	14	0,871	Oui
1819	57,000	14	0,871	Oui
1820	56,500	14	0,889	Oui
1821	57,000	14	0,875	Oui
1822	57,000	14	0,875	Oui
1823	57,500	14	0,862	Oui
1824	57,000	14	0,875	Oui
1825	57,000	14	0,875	Oui
1826	57,000	14	0,875	Oui
1827	57,000	15	0,942	Oui
1828	57,000	15	0,942	Oui
1829	56,500	15	0,957	Oui
1830	56,500	15	0,952	Oui
1831	56,000	15	0,968	Oui
1832	55,500	15	0,984	Oui
1833	55,500	15	0,984	Oui
1834	56,000	15	0,968	Oui
1835	55,500	15	0,987	Oui
1836	56,000	15	0,972	Oui
1837	56,000	15	0,972	Oui
1838	56,500	15	0,952	Oui
1839	57,000	16	1,000	Oui
1840	57,000	16	1,000	Oui
1841	57,000	16	0,996	Oui
1842	57,000	16	0,996	Oui
1843	57,000	16	0,996	Oui
1844	57,500	16	0,977	Oui
1845	57,500	16	0,977	Oui
1846	58,000	16	0,962	Oui
1847	58,000	16	0,962	Oui
1848	58,500	17	1,006	Oui
1849	58,000	17	1,022	Oui
1850	58,000	17	1,022	Oui
1851	58,000	17	1,022	Oui
1852	58,000	17	1,022	Oui
1853	57,500	17	1,038	Oui
1854	57,000	17	1,055	Oui
1855	57,000	17	1,055	Oui
1856	57,500	17	1,035	Oui
1857	57,500	18	1,096	Oui
1858	57,500	18	1,099	Oui
1859	57,000	18	1,120	Oui
1860	57,500	18	1,103	Oui
1861	57,000	18	1,125	Oui
1862	57,500	18	1,108	Oui
1863	58,000	18	1,086	Oui
1864	58,000	18	1,086	Oui
1865	58,000	17	1,026	Oui
1866	58,000	17	1,022	Oui
1867	58,500	18	1,065	Oui
1868	58,000	18	1,086	Oui
1869	58,500	18	1,070	Oui
1870	58,500	18	1,070	Oui
1871	58,000	17	1,030	Oui
1872	57,500	17	1,046	Oui
1873	57,500	17	1,046	Oui
1874	57,500	17	1,046	Oui
1875	57,000	17	1,068	Oui
1876	57,000	17	1,068	Oui
1877	56,500	17	1,084	Oui
1878	56,000	17	1,101	Oui
1879	56,000	17	1,101	Oui
1880	55,500	17	1,119	Oui
1881	55,500	16	1,058	Oui
1882	55,500	16	1,058	Oui
1883	55,500	16	1,058	Oui
1884	55,500	16	1,058	Oui
1885	56,000	16	1,037	Oui
1886	56,000	16	1,032	Oui
1887	55,500	16	1,049	Oui
1888	55,500	16	1,049	Oui
1889	55,500	16	1,049	Oui
1890	55,000	16	1,067	Oui
1891	55,000	16	1,071	Oui
1892	55,000	16	1,071	Oui
1893	54,500	16	1,093	Oui
1894	54,000	16	1,116	Oui
1895	54,000	16	1,116	Oui
1896	54,500	16	1,093	Oui
1897	54,000	16	1,111	Oui
1898	54,000	16	1,111	Oui
1899	54,000	16	1,111	Oui
1900	54,000	16	1,107	Oui
1901	53,500	15	1,059	Oui
1902	53,500	15	1,059	Oui
1903	54,000	15	1,038	Oui
1904	54,000	16	1,111	Oui
1905	54,500	16	1,088	Oui
1906	55,000	16	1,067	Oui
1907	55,500	17	1,115	Oui
1908	55,500	17	1,115	Oui
1909	55,000	17	1,133	Oui
1910	54,500	17	1,156	Oui
1911	55,000	17	1,138	Oui
1912	54,500	17	1,161	Oui
1913	54,500	17	1,161	Oui
1914	55,000	17	1,142	Oui
1915	54,500	17	1,161	Oui
1916	54,500	17	1,167	Oui
1917	54,500	17	1,167	Oui
1918	54,000	17	1,186	Oui
1919	54,000	17	1,186	Oui
1920	54,000	17	1,186	Oui
1921	54,500	18	1,235	Oui
1922	54,500	18	1,235	Oui
1923	54,500	17	1,173	Oui
1924	54,000	17	1,192	Oui
1925	54,500	17	1,167	Oui
1926	55,000	18	1,216	Oui
1927	55,000	18	1,210	Oui
1928	55,000	19	1,283	Oui
1929	55,500	19	1,263	Oui
1930	55,500	18	1,204	Oui
1931	55,000	18	1,223	Oui
1932	55,000	17	1,155	Oui
1933	55,000	18	1,223	Oui
1934	55,500	18	1,204	Oui
1935	55,500	17	1,137	Oui
1936	55,500	17	1,130	Oui
1937	55,000	17	1,148	Oui
1938	54,500	17	1,173	Oui
1939	55,000	17	1,155	Oui
1940	55,000	17	1,155	Oui
1941	55,000	17	1,155	Oui
1942	54,500	17	1,181	Oui
1943	54,500	16	1,111	Oui
1944	54,500	17	1,181	Oui
1945	54,500	17	1,173	Oui
1946	54,000	17	1,199	Oui
1947	54,500	17	1,181	Oui
1948	55,000	17	1,155	Oui
1949	55,000	18	1,223	Oui
1950	55,500	18	1,204	Oui
1951	55,500	18	1,212	Oui
1952	55,500	18	1,221	Oui
1953	56,000	18	1,203	Oui
1954	56,000	18	1,203	Oui
1955	56,000	18	1,194	Oui
1956	56,000	18	1,194	Oui
1957	56,000	18	1,194	Oui
1958	56,500	19	1,242	Oui
1959	56,500	19	1,233	Oui
1960	56,500	20	1,298	Oui
1961	56,500	20	1,307	Oui
1962	56,500	20	1,307	Oui
1963	56,500	19	1,252	Oui
1964	56,000	19	1,270	Oui
1965	56,000	19	1,270	Oui
1966	56,000	19	1,270	Oui
1967	56,500	19	1,252	Oui
1968	56,500	19	1,242	Oui
1969	56,500	19	1,233	Oui
1970	57,000	20	1,279	Oui
1971	57,500	20	1,252	Oui
1972	57,500	20	1,252	Oui
1973	57,500	20	1,252	Oui
1974	57,500	20	1,252	Oui
1975	57,500	20	1,252	Oui
1976	57,500	20	1,244	Oui
1977	57,500	21	1,314	Oui
1978	58,000	21	1,287	Oui
1979	57,500	21	1,306	Oui
1980	57,000	20	1,270	Oui
1981	57,000	20	1,270	Oui
1982	57,000	19	1,215	Oui
1983	57,000	19	1,215	Oui
1984	57,000	19	1,224	Oui
1985	57,000	19	1,224	Oui
1986	57,500	19	1,206	Oui
1987	57,500	19	1,206	Oui
1988	57,000	18	1,169	Oui
1989	57,000	18	1,159	Oui
1990	56,500	18	1,176	Oui
1991	56,000	18	1,203	Oui
1992	56,000	18	1,203	Oui
1993	55,500	17	1,163	Oui
1994	55,000	17	1,180	Oui
1995	55,000	17	1,180	Oui
1996	55,000	17	1,180	Oui
1997	55,000	17	1,180	Oui
1998	54,500	17	1,198	Oui
1999	54,000	17	1,227	Oui
2000	54,000	17	1,227	Oui
2001	54,000	17	1,227	Oui
2002	54,500	17	1,198	Oui
2003	55,000	17	1,171	Oui
2004	54,500	17	1,189	Oui
2005	55,000	17	1,162	Oui
2006	54,500	17	1,189	Oui
2007	54,500	17	1,189	Oui
2008	54,000	17	1,207	Oui
2009	54,000	17	1,207	Oui
2010	53,500	17	1,235	Oui
2011	53,000	17	1,265	Oui
2012	53,000	17	1,265	Oui
2013	53,000	17	1,265	Oui
2014	53,000	17	1,276	Oui
2015	53,500	17	1,256	Oui
2016	53,500	17	1,245	Oui
2017	53,500	17	1,245	Oui
2018	54,000	17	1,227	Oui
2019	54,000	17	1,227	Oui
2020	54,000	17	1,227	Oui
2021	53,500	17	1,245	Oui
2022	53,500	17	1,245	Oui
2023	53,500	17	1,235	Oui
2024	53,500	17	1,235	Oui
2025	54,000	17	1,207	Oui
2026	53,500	16	1,163	Oui
2027	53,000	16	1,181	Oui
2028	53,000	16	1,181	Oui
2029	53,000	16	1,181	Oui
2030	53,000	16	1,190	Oui
2031	53,000	16	1,190	Oui
2032	53,000	16	1,190	Oui
2033	53,000	16	1,190	Oui
2034	53,000	16	1,190	Oui
2035	53,500	16	1,163	Oui
2036	53,500	17	1,235	Oui
2037	53,500	17	1,235	Oui
2038	53,000	16	1,190	Oui
2039	53,000	16	1,190	Oui
2040	53,000	16	1,190	Oui
2041	53,000	16	1,201	Oui
2042	53,500	16	1,183	Oui
2043	53,500	16	1,183	Oui
2044	53,000	16	1,212	Oui
2045	53,500	16	1,194	Oui
2046	53,500	16	1,183	Oui
2047	53,500	16	1,194	Oui
2048	53,500	16	1,194	Oui
2049	54,000	16	1,165	Oui
2050	54,000	16	1,165	Oui
2051	54,000	16	1,165	Oui
2052	54,500	16	1,137	Oui
2053	54,500	16	1,137	Oui
2054	55,000	16	1,111	Oui
2055	55,000	17	1,180	Oui
2056	55,000	16	1,120	Oui
2057	55,000	16	1,111	Oui
2058	55,000	17	1,180	Oui
2059	55,000	17	1,180	Oui
2060	55,000	17	1,180	Oui
2061	55,500	17	1,153	Oui
2062	55,500	18	1,221	Oui
2063	55,000	18	1,250	Oui
2064	55,000	18	1,250	Oui
2065	55,000	18	1,261	Oui
2066	54,500	17	1,220	Oui
2067	54,500	17	1,208	Oui
2068	55,000	17	1,180	Oui
2069	54,500	17	1,198	Oui
2070	55,000	17	1,180	Oui
2071	55,000	17	1,180	Oui
2072	55,500	17	1,163	Oui
2073	55,500	17	1,153	Oui
2074	55,000	17	1,171	Oui
2075	55,500	17	1,153	Oui
2076	55,500	17	1,153	Oui
2077	56,000	17	1,128	Oui
2078	56,000	17	1,128	Oui
2079	56,500	17	1,111	Oui
2080	57,000	17	1,087	Oui
2081	56,500	17	1,103	Oui
2082	56,500	17	1,096	Oui
2083	57,000	17	1,073	Oui
2084	57,000	17	1,073	Oui
2085	56,500	17	1,096	Oui
2086	56,000	17	1,120	Oui
2087	56,000	17	1,120	Oui
2088	55,500	17	1,137	Oui
2089	55,500	17	1,137	Oui
2090	55,500	17	1,137	Oui
2091	55,500	17	1,137	Oui
2092	55,500	17	1,137	Oui
2093	56,000	17	1,120	Oui
2094	56,000	17	1,120	Oui
2095	56,500	17	1,096	Oui
2096	56,500	17	1,096	Oui
2097	56,500	17	1,096	Oui
2098	56,500	17	1,096	Oui
2099	56,500	17	1,096	Oui
2100	56,000	17	1,120	Oui
2101	56,500	17	1,103	Oui
2102	56,000	17	1,120	Oui
2103	55,500	16	1,077	Oui
2104	55,500	16	1,077	Oui
2105	55,000	16	1,102	Oui
2106	54,500	15	1,057	Oui
2107	54,500	15	1,049	Oui
2108	55,000	16	1,102	Oui
2109	55,000	16	1,102	Oui
2110	55,500	16	1,085	Oui
2111	55,500	16	1,085	Oui
2112	56,000	16	1,061	Oui
2113	56,500	17	1,111	Oui
2114	56,500	17	1,103	Oui
2115	56,500	17	1,103	Oui
2116	56,500	17	1,103	Oui
2117	56,500	17	1,103	Oui
2118	57,000	17	1,087	Oui
2119	57,000	17	1,087	Oui
2120	56,500	16	1,046	Oui
2121	56,500	16	1,038	Oui
2122	56,500	17	1,103	Oui
2123	56,500	17	1,103	Oui
2124	56,500	17	1,103	Oui
2125	56,500	16	1,038	Oui
2126	56,500	17	1,103	Oui
2127	56,500	16	1,046	Oui
2128	56,500	16	1,046	Oui
2129	56,000	16	1,061	Oui
2130	55,500	16	1,077	Oui
2131	56,000	16	1,061	Oui
2132	55,500	15	1,018	Oui
2133	55,000	15	1,033	Oui
2134	54,500	15	1,049	Oui
2135	54,000	15	1,073	Oui
2136	53,500	15	1,099	Oui
2137	54,000	15	1,082	Oui
2138	54,500	15	1,066	Oui
2139	54,000	15	1,082	Oui
2140	54,500	15	1,066	Oui
2141	55,000	15	1,050	Oui
2142	55,000	15	1,050	Oui
2143	55,000	14	0,990	Oui
2144	54,500	14	1,004	Oui
2145	54,500	14	1,014	Oui
2146	54,500	14	1,014	Oui
2147	54,500	14	1,014	Oui
2148	54,500	13	0,952	Oui
2149	54,500	13	0,952	Oui
2150	54,500	13	0,952	Oui
2151	54,500	13	0,952	Oui
2152	54,500	13	0,942	Oui
2153	54,500	13	0,933	Oui
2154	54,500	13	0,933	Oui
2155	54,500	13	0,942	Oui
2156	54,500	13	0,952	Oui
2157	54,000	12	0,902	Oui
2158	54,000	12	0,902	Oui
2159	54,000	11	0,837	Oui
2160	54,000	11	0,827	Oui
2161	54,000	11	0,818	Oui
2162	54,000	11	0,818	Oui
2163	54,000	11	0,818	Oui
2164	54,000	11	0,818	Oui
2165	54,500	11	0,806	Oui
2166	54,500	11	0,806	Oui
2167	54,000	11	0,818	Oui
2168	54,000	11	0,827	Oui
2169	54,000	10	0,752	Oui
2170	53,500	10	0,763	Oui
2171	53,000	10	0,783	Oui
