	aa hydrophobes	aa charges (%)	charge net	M	E	K	T	F	A	I	P	D	G	N	L	R	Y	Q	V	C	S	H	W
 sequence entiere	79	23,358	-29,5	5	13	10	7	10	17	8	6	4	14	4	11	5	3	2	6	3	6	2	1
 
 
Fenetres	hydrophobicite moyenne
1	0,508
2	0,451
3	0,437
4	0,581
5	0,751
6	0,587
7	0,587
8	0,387
9	0,120
10	0,264
11	0,184
12	0,160
13	0,326
14	0,316
15	0,316
16	0,169
17	0,369
18	0,542
19	0,483
20	0,412
21	0,522
22	0,521
23	0,361
24	0,462
25	0,774
26	0,574
27	0,657
28	0,571
29	0,532
30	0,721
31	0,693
32	0,801
33	0,661
34	0,437
35	0,324
36	0,064
37	0,209
38	0,248
39	0,059
40	0,087
41	0,057
42	0,096
43	0,256
44	0,382
45	0,387
46	0,242
47	0,203
48	0,283
49	0,283
50	0,376
51	0,376
52	0,169
53	0,343
54	0,439
55	0,439
56	0,748
57	0,804
58	0,601
59	0,398
60	0,363
61	0,514
62	0,497
63	0,668
64	0,913
65	0,851
66	0,850
67	1,043
68	0,977
69	1,011
70	0,860
71	0,689
72	0,660
73	0,724
74	0,588
75	0,342
76	0,403
77	0,362
78	0,242
79	0,502
80	0,639
81	0,468
82	0,302
83	0,331
84	0,374
85	0,204
86	0,351
87	0,351
88	0,197
89	-0,050
90	0,030
91	-0,004
92	-0,038
93	0,218
94	0,026
95	-0,121
96	-0,107
97	0,058
98	0,168
99	0,117
100	0,317
101	0,457
102	0,268
103	0,309
104	0,354
105	0,460
106	0,290
107	0,304
108	0,276
109	0,071
110	-0,150
111	-0,116
112	0,036
113	0,031
114	0,026
115	0,031
116	0,051
117	0,187
118	0,120
119	0,394
120	0,289
121	0,316
122	0,586
123	0,756
124	0,717
125	0,682
126	0,736
127	0,736
128	0,736
129	0,996
