	aa hydrophobes	aa charges (%)	charge net	G	A	T	C
 sequence entiere	452	0,000	-134,5	153	201	116	135
 
 
Fenetres	hydrophobicite moyenne
1	0,338
2	0,509
3	0,509
4	0,646
5	0,646
6	0,651
7	0,646
8	0,782
9	0,953
10	0,782
11	0,646
12	0,782
13	0,646
14	0,680
15	0,674
16	0,680
17	0,680
18	0,543
19	0,572
20	0,709
21	0,709
22	0,703
23	0,703
24	0,703
25	0,669
26	0,669
27	0,634
28	0,606
29	0,469
30	0,332
31	0,338
32	0,338
33	0,480
34	0,509
35	0,338
36	0,509
37	0,543
38	0,543
39	0,543
40	0,680
41	0,674
42	0,503
43	0,474
44	0,474
45	0,338
46	0,338
47	0,338
48	0,303
49	0,303
50	0,309
51	0,343
52	0,372
53	0,407
54	0,372
55	0,509
56	0,474
57	0,646
58	0,509
59	0,474
60	0,440
61	0,440
62	0,440
63	0,440
64	0,303
65	0,474
66	0,338
67	0,338
68	0,372
69	0,543
70	0,543
71	0,543
72	0,572
73	0,572
74	0,436
75	0,436
76	0,572
77	0,572
78	0,401
79	0,543
80	0,680
81	0,680
82	0,680
83	0,646
84	0,782
85	0,646
86	0,611
87	0,646
88	0,509
89	0,372
90	0,378
91	0,343
92	0,378
93	0,241
94	0,241
95	0,241
96	0,241
97	0,241
98	0,207
99	0,343
100	0,372
101	0,367
102	0,332
103	0,332
104	0,332
105	0,469
106	0,469
107	0,503
108	0,332
109	0,303
110	0,303
111	0,332
112	0,327
113	0,498
114	0,327
115	0,327
116	0,327
117	0,498
118	0,669
119	0,669
120	0,640
121	0,646
122	0,474
123	0,503
124	0,503
125	0,469
126	0,332
127	0,161
128	0,132
129	0,161
130	0,161
131	0,161
132	0,167
133	0,161
134	0,161
135	0,156
136	0,156
137	0,327
138	0,332
139	0,298
140	0,298
141	0,434
142	0,406
143	0,406
144	0,548
145	0,548
146	0,406
147	0,542
148	0,713
149	0,884
150	0,748
151	0,919
152	0,948
153	0,777
154	0,811
155	0,811
156	0,811
157	0,640
158	0,503
159	0,640
160	0,498
161	0,498
162	0,532
163	0,498
164	0,469
165	0,469
166	0,503
167	0,469
168	0,469
169	0,469
170	0,474
171	0,474
172	0,509
173	0,509
174	0,509
175	0,509
176	0,543
177	0,372
178	0,372
179	0,338
180	0,332
181	0,298
182	0,327
183	0,327
184	0,292
185	0,429
186	0,458
187	0,463
188	0,634
189	0,606
190	0,606
191	0,748
192	0,748
193	0,919
194	0,782
195	0,924
196	1,061
197	0,919
198	0,948
199	0,977
200	0,977
201	0,834
202	0,692
203	0,829
204	0,692
205	0,550
206	0,692
207	0,663
208	0,663
209	0,663
210	0,663
211	0,634
212	0,463
213	0,463
214	0,469
215	0,298
216	0,332
217	0,303
218	0,161
219	0,132
220	0,132
221	0,132
222	0,132
223	0,269
224	0,269
225	0,263
226	0,263
227	0,269
228	0,298
229	0,332
230	0,332
231	0,469
232	0,327
233	0,361
234	0,503
235	0,538
236	0,538
237	0,680
238	0,817
239	0,988
240	0,851
241	0,851
242	0,846
243	0,846
244	0,846
245	0,846
246	0,709
247	0,567
248	0,567
249	0,561
250	0,532
251	0,538
252	0,396
253	0,532
254	0,527
255	0,492
256	0,492
257	0,321
258	0,327
259	0,327
260	0,292
261	0,263
262	0,263
263	0,234
264	0,269
265	0,411
266	0,440
267	0,406
268	0,434
269	0,463
270	0,492
271	0,350
272	0,379
273	0,344
274	0,173
275	0,144
276	0,316
277	0,321
278	0,327
279	0,469
280	0,469
281	0,474
282	0,646
283	0,817
284	0,851
285	0,851
286	0,988
287	1,124
288	0,988
289	0,959
290	1,096
291	0,953
292	0,817
293	0,782
294	0,611
295	0,469
296	0,332
297	0,332
298	0,367
299	0,230
300	0,236
301	0,201
302	0,236
303	0,407
304	0,378
305	0,343
306	0,480
307	0,617
308	0,753
309	0,719
310	0,890
311	0,856
312	0,719
313	0,748
314	0,919
315	0,919
316	0,782
317	0,782
318	0,782
319	0,782
320	0,782
321	0,782
322	0,782
323	0,782
324	0,611
325	0,606
326	0,434
327	0,469
328	0,332
329	0,332
330	0,332
331	0,332
332	0,196
333	0,196
334	0,167
335	0,196
336	0,332
337	0,298
338	0,298
339	0,434
340	0,440
341	0,440
342	0,474
343	0,646
344	0,788
345	0,788
346	0,959
347	0,993
348	0,857
349	0,857
350	0,822
351	0,822
352	0,651
353	0,509
354	0,509
355	0,338
356	0,474
357	0,474
358	0,611
359	0,646
360	0,640
361	0,674
362	0,817
363	0,646
364	0,646
365	0,509
366	0,509
367	0,372
368	0,338
369	0,309
370	0,309
371	0,172
372	0,201
373	0,236
374	0,236
375	0,372
376	0,509
377	0,538
378	0,567
379	0,567
380	0,561
381	0,532
382	0,669
383	0,806
384	0,669
385	0,532
386	0,538
387	0,543
388	0,680
389	0,686
390	0,857
391	0,857
392	0,686
393	0,651
394	0,651
395	0,788
396	0,753
397	0,617
398	0,617
399	0,480
400	0,343
401	0,343
402	0,378
403	0,514
404	0,372
405	0,407
406	0,543
407	0,543
408	0,509
409	0,646
410	0,680
411	0,674
412	0,538
413	0,509
414	0,509
415	0,509
416	0,509
417	0,509
418	0,367
419	0,361
420	0,367
421	0,367
422	0,396
423	0,396
424	0,224
425	0,219
426	0,390
427	0,396
428	0,401
429	0,401
430	0,538
431	0,509
432	0,509
433	0,509
434	0,651
435	0,514
436	0,509
437	0,509
438	0,509
439	0,509
440	0,509
441	0,509
442	0,538
443	0,367
444	0,361
445	0,361
446	0,327
447	0,321
448	0,150
449	0,184
450	0,150
451	0,150
452	0,321
453	0,327
454	0,469
455	0,498
456	0,503
457	0,538
458	0,674
459	0,709
460	0,680
461	0,538
462	0,674
463	0,674
464	0,680
465	0,817
466	0,817
467	0,646
468	0,646
469	0,646
470	0,651
471	0,514
472	0,343
473	0,309
474	0,167
475	0,132
476	0,132
477	0,098
478	0,269
479	0,263
480	0,258
481	0,287
482	0,316
483	0,458
484	0,458
485	0,629
486	0,658
487	0,516
488	0,521
489	0,492
490	0,634
491	0,634
492	0,498
493	0,532
494	0,396
495	0,396
496	0,401
497	0,401
498	0,430
499	0,293
500	0,264
501	0,230
502	0,230
503	0,224
504	0,230
505	0,367
506	0,503
507	0,646
508	0,611
509	0,646
510	0,817
511	0,811
512	0,953
513	0,953
514	0,811
515	0,811
516	0,669
517	0,698
518	0,663
519	0,492
520	0,492
521	0,321
522	0,287
523	0,258
524	0,121
525	0,092
526	0,063
527	0,234
528	0,234
529	0,240
530	0,240
531	0,274
532	0,274
533	0,274
534	0,309
535	0,343
536	0,172
537	0,207
538	0,201
539	0,201
540	0,201
541	0,236
542	0,230
543	0,224
544	0,361
545	0,390
546	0,390
547	0,390
548	0,561
549	0,561
550	0,698
551	0,698
552	0,840
553	0,698
554	0,698
555	0,698
556	0,669
557	0,669
558	0,806
559	0,663
560	0,634
561	0,634
562	0,634
563	0,640
564	0,640
565	0,674
566	0,674
567	0,538
568	0,509
569	0,543
570	0,401
571	0,407
572	0,407
573	0,543
574	0,538
575	0,396
576	0,361
577	0,361
578	0,361
579	0,367
580	0,367
581	0,332
582	0,332
583	0,303
584	0,309
585	0,309
586	0,309
587	0,446
588	0,411
589	0,411
590	0,440
591	0,303
592	0,303
593	0,303
594	0,474
595	0,474
596	0,338
597	0,372
