	aa hydrophobes	aa charges (%)	charge net	A	C	G	T
 sequence entiere	452	0,000	-134,5	201	135	153	116
 
 
Fenetres	hydrophobicite moyenne
1	0,469
2	0,463
3	0,327
4	0,498
5	0,469
6	0,332
7	0,361
8	0,332
9	0,332
10	0,503
11	0,509
12	0,509
13	0,509
14	0,509
15	0,503
16	0,646
17	0,646
18	0,640
19	0,503
20	0,469
21	0,463
22	0,327
23	0,498
24	0,469
25	0,332
26	0,361
27	0,332
28	0,332
29	0,503
30	0,509
31	0,509
32	0,509
33	0,509
34	0,503
35	0,646
36	0,646
37	0,640
38	0,503
39	0,469
40	0,463
41	0,327
42	0,498
43	0,469
44	0,332
45	0,361
46	0,332
47	0,332
48	0,503
49	0,509
50	0,509
51	0,509
52	0,509
53	0,503
54	0,646
55	0,646
56	0,640
57	0,503
58	0,469
59	0,463
60	0,327
61	0,498
62	0,469
63	0,332
64	0,361
65	0,332
66	0,332
67	0,503
68	0,509
69	0,509
70	0,509
71	0,509
72	0,503
73	0,646
74	0,646
75	0,640
76	0,503
77	0,469
78	0,463
79	0,327
80	0,498
81	0,469
82	0,332
83	0,361
84	0,332
85	0,332
86	0,503
87	0,509
88	0,509
89	0,509
90	0,509
91	0,503
92	0,646
93	0,646
94	0,640
95	0,503
96	0,469
97	0,463
98	0,327
99	0,498
100	0,469
101	0,332
102	0,361
103	0,332
104	0,332
105	0,503
106	0,509
107	0,509
108	0,509
109	0,509
110	0,503
111	0,646
112	0,646
113	0,640
114	0,503
115	0,469
116	0,463
117	0,327
118	0,498
119	0,469
120	0,332
121	0,361
122	0,332
123	0,332
124	0,503
125	0,509
126	0,646
127	0,509
128	0,543
129	0,680
130	0,651
131	0,680
132	0,817
133	0,646
134	0,640
135	0,503
136	0,469
137	0,463
138	0,327
139	0,498
140	0,469
141	0,332
142	0,361
143	0,332
144	0,332
145	0,503
146	0,509
147	0,509
148	0,509
149	0,509
150	0,503
151	0,646
152	0,646
153	0,640
154	0,503
155	0,469
156	0,463
157	0,327
158	0,498
159	0,469
160	0,332
161	0,361
162	0,332
163	0,332
164	0,503
165	0,509
166	0,646
167	0,509
168	0,543
169	0,680
170	0,651
171	0,680
172	0,817
173	0,646
174	0,640
175	0,503
176	0,469
177	0,463
178	0,327
179	0,498
180	0,469
181	0,332
182	0,361
183	0,332
184	0,332
185	0,503
186	0,509
187	0,509
188	0,509
189	0,509
190	0,503
191	0,646
192	0,646
193	0,640
194	0,503
195	0,469
196	0,463
197	0,327
198	0,498
199	0,469
200	0,332
201	0,361
202	0,332
203	0,332
204	0,503
205	0,509
206	0,646
207	0,509
208	0,543
209	0,680
210	0,651
211	0,680
212	0,817
213	0,646
214	0,640
215	0,503
216	0,469
217	0,463
218	0,327
219	0,498
220	0,469
221	0,332
222	0,361
223	0,332
224	0,332
225	0,503
226	0,509
227	0,509
228	0,509
229	0,509
230	0,503
231	0,646
232	0,646
233	0,640
234	0,503
235	0,469
236	0,463
237	0,327
238	0,498
239	0,469
240	0,332
241	0,361
242	0,332
243	0,332
244	0,503
245	0,509
246	0,474
247	0,338
248	0,509
249	0,509
250	0,651
251	0,686
252	0,686
253	0,686
254	0,651
255	0,680
256	0,817
257	0,646
258	0,640
259	0,503
260	0,469
261	0,463
262	0,327
263	0,498
264	0,469
265	0,332
266	0,361
267	0,332
268	0,332
269	0,503
270	0,509
271	0,509
272	0,509
273	0,509
274	0,503
275	0,646
276	0,646
277	0,640
278	0,503
279	0,469
280	0,463
281	0,327
282	0,498
283	0,469
284	0,332
285	0,361
286	0,332
287	0,332
288	0,503
289	0,509
290	0,474
291	0,338
292	0,509
293	0,509
294	0,651
295	0,686
296	0,686
297	0,686
298	0,651
299	0,680
300	0,817
301	0,646
302	0,640
303	0,503
304	0,469
305	0,463
306	0,327
307	0,498
308	0,469
309	0,332
310	0,361
311	0,332
312	0,332
313	0,503
314	0,509
315	0,509
316	0,509
317	0,509
318	0,503
319	0,646
320	0,646
321	0,640
322	0,503
323	0,469
324	0,463
325	0,327
326	0,498
327	0,469
328	0,332
329	0,361
330	0,332
331	0,332
332	0,503
333	0,509
334	0,474
335	0,338
336	0,509
337	0,509
338	0,651
339	0,686
340	0,686
341	0,686
342	0,651
343	0,680
344	0,817
345	0,646
346	0,640
347	0,503
348	0,469
349	0,463
350	0,327
351	0,498
352	0,469
353	0,332
354	0,361
355	0,332
356	0,332
357	0,503
358	0,509
359	0,509
360	0,509
361	0,509
362	0,503
363	0,646
364	0,646
365	0,640
366	0,503
367	0,469
368	0,463
369	0,327
370	0,498
371	0,469
372	0,332
373	0,361
374	0,332
375	0,332
376	0,503
377	0,509
378	0,474
379	0,338
380	0,509
381	0,509
382	0,651
383	0,686
384	0,686
385	0,686
386	0,651
387	0,680
388	0,817
389	0,646
390	0,640
391	0,503
392	0,469
393	0,463
394	0,327
395	0,498
396	0,469
397	0,332
398	0,361
399	0,332
400	0,332
401	0,503
402	0,509
403	0,509
404	0,509
405	0,509
406	0,503
407	0,646
408	0,646
409	0,640
410	0,503
411	0,469
412	0,463
413	0,327
414	0,498
415	0,469
416	0,332
417	0,361
418	0,332
419	0,332
420	0,503
421	0,509
422	0,474
423	0,338
424	0,509
425	0,509
426	0,651
427	0,686
428	0,686
429	0,686
430	0,651
431	0,680
432	0,817
433	0,646
434	0,640
435	0,503
436	0,469
437	0,463
438	0,327
439	0,498
440	0,469
441	0,332
442	0,361
443	0,332
444	0,332
445	0,503
446	0,509
447	0,509
448	0,509
449	0,509
450	0,503
451	0,646
452	0,646
453	0,640
454	0,503
455	0,469
456	0,463
457	0,327
458	0,498
459	0,469
460	0,332
461	0,361
462	0,332
463	0,332
464	0,503
465	0,509
466	0,474
467	0,338
468	0,509
469	0,509
470	0,651
471	0,686
472	0,686
473	0,686
474	0,651
475	0,680
476	0,817
477	0,646
478	0,640
479	0,503
480	0,469
481	0,463
482	0,327
483	0,498
484	0,469
485	0,332
486	0,361
487	0,332
488	0,332
489	0,503
490	0,509
491	0,509
492	0,509
493	0,509
494	0,503
495	0,646
496	0,646
497	0,640
498	0,503
499	0,469
500	0,463
501	0,327
502	0,498
503	0,469
504	0,332
505	0,361
506	0,332
507	0,332
508	0,503
509	0,509
510	0,474
511	0,338
512	0,509
513	0,509
514	0,651
515	0,686
516	0,686
517	0,686
518	0,651
519	0,680
520	0,817
521	0,646
522	0,640
523	0,503
524	0,469
525	0,463
526	0,327
527	0,498
528	0,469
529	0,332
530	0,361
531	0,332
532	0,332
533	0,503
534	0,509
535	0,509
536	0,509
537	0,509
538	0,503
539	0,646
540	0,646
541	0,640
542	0,503
543	0,469
544	0,463
545	0,327
546	0,498
547	0,469
548	0,332
549	0,361
550	0,332
551	0,332
552	0,503
553	0,509
554	0,474
555	0,338
556	0,509
557	0,509
558	0,651
559	0,686
560	0,686
561	0,686
562	0,651
563	0,680
564	0,817
565	0,646
566	0,640
567	0,503
568	0,469
569	0,463
570	0,327
571	0,498
572	0,469
573	0,332
574	0,361
575	0,332
576	0,332
577	0,503
578	0,509
579	0,509
580	0,509
581	0,509
582	0,503
583	0,646
584	0,646
585	0,640
586	0,503
587	0,469
588	0,463
589	0,327
590	0,498
591	0,469
592	0,332
593	0,361
594	0,332
595	0,332
596	0,503
597	0,509
